
       Teff log g  [M]a Vturb  l/H  E(B-V)    U       B       V      BOL     BC      U-B     B-V(J)  B-V(H) 
    1  3500  0.00 -1.50  2.00  1.25  0.00  -9.579 -11.948 -13.236 -22.077  -1.868   2.024   1.892   1.876
    2  3500  0.50 -1.50  2.00  1.25  0.00 -10.123 -12.235 -13.369 -22.077  -1.736   1.762   1.737   1.721
    3  3500  1.00 -1.50  2.00  1.25  0.00 -10.629 -12.483 -13.479 -22.077  -1.625   1.497   1.600   1.584
    4  3500  1.50 -1.50  2.00  1.25  0.00 -11.060 -12.690 -13.573 -22.077  -1.532   1.269   1.486   1.470
    5  3500  2.00 -1.50  2.00  1.25  0.00 -11.402 -12.862 -13.657 -22.077  -1.448   1.094   1.399   1.383
    6  3500  2.50 -1.50  2.00  1.25  0.00 -11.634 -12.984 -13.728 -22.077  -1.376   0.981   1.348   1.332
    7  3500  3.00 -1.50  2.00  1.25  0.00 -11.730 -13.035 -13.784 -22.077  -1.321   0.936   1.352   1.336
    8  3500  3.50 -1.50  2.00  1.25  0.00 -11.746 -13.046 -13.822 -22.077  -1.282   0.931   1.380   1.364
    9  3500  4.00 -1.50  2.00  1.25  0.00 -11.704 -13.022 -13.833 -22.077  -1.272   0.951   1.414   1.398
   10  3500  4.50 -1.50  2.00  1.25  0.00 -11.605 -12.964 -13.822 -22.077  -1.283   0.995   1.461   1.445
   11  3500  5.00 -1.50  2.00  1.25  0.00 -11.434 -12.867 -13.789 -22.077  -1.316   1.071   1.525   1.509
   12  3750  0.00 -1.50  2.00  1.25  0.00 -10.540 -12.765 -13.910 -22.376  -1.494   1.879   1.749   1.733
   13  3750  0.50 -1.50  2.00  1.25  0.00 -10.973 -12.971 -13.990 -22.376  -1.415   1.648   1.622   1.606
   14  3750  1.00 -1.50  2.00  1.25  0.00 -11.381 -13.147 -14.055 -22.376  -1.350   1.410   1.511   1.495
   15  3750  1.50 -1.50  2.00  1.25  0.00 -11.740 -13.298 -14.113 -22.376  -1.292   1.198   1.418   1.402
   16  3750  2.00 -1.50  2.00  1.25  0.00 -12.027 -13.425 -14.167 -22.376  -1.237   1.034   1.345   1.329
   17  3750  2.50 -1.50  2.00  1.25  0.00 -12.240 -13.528 -14.217 -22.376  -1.188   0.921   1.292   1.276
   18  3750  3.00 -1.50  2.00  1.25  0.00 -12.355 -13.588 -14.256 -22.376  -1.148   0.864   1.271   1.255
   19  3750  3.50 -1.50  2.00  1.25  0.00 -12.385 -13.604 -14.286 -22.376  -1.118   0.849   1.286   1.270
   20  3750  4.00 -1.50  2.00  1.25  0.00 -12.390 -13.606 -14.308 -22.376  -1.096   0.846   1.306   1.290
   21  3750  4.50 -1.50  2.00  1.25  0.00 -12.358 -13.586 -14.313 -22.376  -1.091   0.859   1.331   1.315
   22  3750  5.00 -1.50  2.00  1.25  0.00 -12.274 -13.538 -14.302 -22.376  -1.102   0.897   1.368   1.352
   23  4000  0.00 -1.50  2.00  1.25  0.00 -11.640 -13.565 -14.532 -22.656  -1.153   1.573   1.571   1.555
   24  4000  0.50 -1.50  2.00  1.25  0.00 -12.024 -13.741 -14.588 -22.656  -1.096   1.360   1.451   1.435
   25  4000  1.00 -1.50  2.00  1.25  0.00 -12.353 -13.870 -14.621 -22.656  -1.064   1.157   1.354   1.338
   26  4000  1.50 -1.50  2.00  1.25  0.00 -12.608 -13.961 -14.638 -22.656  -1.046   0.988   1.281   1.265
   27  4000  2.00 -1.50  2.00  1.25  0.00 -12.792 -14.025 -14.651 -22.656  -1.034   0.866   1.230   1.214
   28  4000  2.50 -1.50  2.00  1.25  0.00 -12.924 -14.078 -14.669 -22.656  -1.016   0.785   1.194   1.178
   29  4000  3.00 -1.50  2.00  1.25  0.00 -13.017 -14.126 -14.694 -22.656  -0.991   0.739   1.171   1.155
   30  4000  3.50 -1.50  2.00  1.25  0.00 -13.042 -14.144 -14.713 -22.656  -0.971   0.730   1.173   1.157
   31  4000  4.00 -1.50  2.00  1.25  0.00 -13.036 -14.144 -14.731 -22.656  -0.953   0.736   1.191   1.175
   32  4000  4.50 -1.50  2.00  1.25  0.00 -13.030 -14.142 -14.747 -22.656  -0.938   0.741   1.208   1.192
   33  4000  5.00 -1.50  2.00  1.25  0.00 -12.996 -14.123 -14.749 -22.656  -0.936   0.756   1.229   1.213
   34  4250  0.00 -1.50  2.00  1.25  0.00 -12.624 -14.251 -15.056 -22.920  -0.892   1.269   1.409   1.393
   35  4250  0.50 -1.50  2.00  1.25  0.00 -12.964 -14.405 -15.102 -22.920  -0.845   1.078   1.301   1.285
   36  4250  1.00 -1.50  2.00  1.25  0.00 -13.253 -14.520 -15.128 -22.920  -0.820   0.901   1.212   1.196
   37  4250  1.50 -1.50  2.00  1.25  0.00 -13.473 -14.599 -15.139 -22.920  -0.809   0.755   1.144   1.128
   38  4250  2.00 -1.50  2.00  1.25  0.00 -13.627 -14.649 -15.142 -22.920  -0.806   0.650   1.096   1.080
   39  4250  2.50 -1.50  2.00  1.25  0.00 -13.722 -14.679 -15.140 -22.920  -0.808   0.583   1.064   1.048
   40  4250  3.00 -1.50  2.00  1.25  0.00 -13.767 -14.694 -15.137 -22.920  -0.811   0.552   1.047   1.031
   41  4250  3.50 -1.50  2.00  1.25  0.00 -13.771 -14.698 -15.136 -22.920  -0.812   0.552   1.041   1.025
   42  4250  4.00 -1.50  2.00  1.25  0.00 -13.725 -14.683 -15.139 -22.920  -0.809   0.582   1.060   1.044
   43  4250  4.50 -1.50  2.00  1.25  0.00 -13.678 -14.665 -15.146 -22.920  -0.802   0.612   1.084   1.068
   44  4250  5.00 -1.50  2.00  1.25  0.00 -13.646 -14.656 -15.156 -22.920  -0.792   0.635   1.104   1.088
   45  4500  0.00 -1.50  2.00  1.25  0.00 -13.488 -14.857 -15.505 -23.168  -0.691   1.004   1.252   1.236
   46  4500  0.50 -1.50  2.00  1.25  0.00 -13.764 -14.977 -15.538 -23.168  -0.658   0.845   1.164   1.148
   47  4500  1.00 -1.50  2.00  1.25  0.00 -13.999 -15.069 -15.556 -23.168  -0.640   0.697   1.091   1.075
   48  4500  1.50 -1.50  2.00  1.25  0.00 -14.182 -15.132 -15.564 -23.168  -0.632   0.575   1.035   1.019
   49  4500  2.00 -1.50  2.00  1.25  0.00 -14.311 -15.174 -15.565 -23.168  -0.631   0.485   0.995   0.979
   50  4500  2.50 -1.50  2.00  1.25  0.00 -14.394 -15.199 -15.563 -23.168  -0.633   0.427   0.967   0.951
   51  4500  3.00 -1.50  2.00  1.25  0.00 -14.435 -15.212 -15.559 -23.168  -0.637   0.398   0.951   0.935
   52  4500  3.50 -1.50  2.00  1.25  0.00 -14.443 -15.217 -15.555 -23.168  -0.641   0.395   0.942   0.926
   53  4500  4.00 -1.50  2.00  1.25  0.00 -14.422 -15.214 -15.551 -23.168  -0.645   0.413   0.941   0.925
   54  4500  4.50 -1.50  2.00  1.25  0.00 -14.369 -15.197 -15.548 -23.168  -0.648   0.449   0.955   0.939
   55  4500  5.00 -1.50  2.00  1.25  0.00 -14.308 -15.173 -15.547 -23.168  -0.649   0.487   0.977   0.961
   56  4750  0.00 -1.50  2.00  1.25  0.00 -14.287 -15.426 -15.903 -23.403  -0.528   0.767   1.081   1.065
   57  4750  0.50 -1.50  2.00  1.25  0.00 -14.495 -15.505 -15.919 -23.403  -0.512   0.635   1.018   1.002
   58  4750  1.00 -1.50  2.00  1.25  0.00 -14.676 -15.567 -15.928 -23.403  -0.503   0.513   0.964   0.948
   59  4750  1.50 -1.50  2.00  1.25  0.00 -14.820 -15.611 -15.930 -23.403  -0.501   0.411   0.923   0.907
   60  4750  2.00 -1.50  2.00  1.25  0.00 -14.924 -15.639 -15.929 -23.403  -0.502   0.334   0.893   0.877
   61  4750  2.50 -1.50  2.00  1.25  0.00 -14.991 -15.656 -15.926 -23.403  -0.504   0.282   0.874   0.858
   62  4750  3.00 -1.50  2.00  1.25  0.00 -15.026 -15.665 -15.924 -23.403  -0.507   0.255   0.863   0.847
   63  4750  3.50 -1.50  2.00  1.25  0.00 -15.036 -15.668 -15.922 -23.403  -0.509   0.249   0.857   0.841
   64  4750  4.00 -1.50  2.00  1.25  0.00 -15.022 -15.668 -15.919 -23.403  -0.512   0.263   0.855   0.839
   65  4750  4.50 -1.50  2.00  1.25  0.00 -14.987 -15.662 -15.916 -23.403  -0.514   0.292   0.858   0.842
   66  4750  5.00 -1.50  2.00  1.25  0.00 -14.934 -15.647 -15.913 -23.403  -0.518   0.332   0.869   0.853
   67  5000  0.00 -1.50  2.00  1.25  0.00 -14.991 -15.954 -16.258 -23.626  -0.396   0.582   0.907   0.891
   68  5000  0.50 -1.50  2.00  1.25  0.00 -15.147 -15.998 -16.259 -23.626  -0.395   0.468   0.864   0.848
   69  5000  1.00 -1.50  2.00  1.25  0.00 -15.284 -16.031 -16.257 -23.626  -0.397   0.363   0.829   0.813
   70  5000  1.50 -1.50  2.00  1.25  0.00 -15.394 -16.053 -16.253 -23.626  -0.401   0.273   0.803   0.787
   71  5000  2.00 -1.50  2.00  1.25  0.00 -15.476 -16.066 -16.248 -23.626  -0.406   0.202   0.785   0.769
   72  5000  2.50 -1.50  2.00  1.25  0.00 -15.530 -16.071 -16.243 -23.626  -0.411   0.153   0.775   0.759
   73  5000  3.00 -1.50  2.00  1.25  0.00 -15.561 -16.072 -16.239 -23.626  -0.414   0.123   0.771   0.755
   74  5000  3.50 -1.50  2.00  1.25  0.00 -15.568 -16.070 -16.238 -23.626  -0.416   0.114   0.771   0.755
   75  5000  4.00 -1.50  2.00  1.25  0.00 -15.557 -16.067 -16.238 -23.626  -0.416   0.123   0.774   0.758
   76  5000  4.50 -1.50  2.00  1.25  0.00 -15.531 -16.063 -16.238 -23.626  -0.415   0.146   0.778   0.762
   77  5000  5.00 -1.50  2.00  1.25  0.00 -15.492 -16.057 -16.238 -23.626  -0.415   0.179   0.785   0.769
   78  5250  0.00 -1.50  2.00  1.25  0.00 -15.575 -16.420 -16.570 -23.837  -0.296   0.457   0.754   0.738
   79  5250  0.50 -1.50  2.00  1.25  0.00 -15.691 -16.440 -16.561 -23.837  -0.305   0.359   0.725   0.709
   80  5250  1.00 -1.50  2.00  1.25  0.00 -15.795 -16.452 -16.551 -23.837  -0.315   0.266   0.703   0.687
   81  5250  1.50 -1.50  2.00  1.25  0.00 -15.881 -16.456 -16.541 -23.837  -0.325   0.183   0.688   0.672
   82  5250  2.00 -1.50  2.00  1.25  0.00 -15.948 -16.454 -16.530 -23.837  -0.335   0.114   0.680   0.664
   83  5250  2.50 -1.50  2.00  1.25  0.00 -15.994 -16.448 -16.522 -23.837  -0.344   0.061   0.678   0.662
   84  5250  3.00 -1.50  2.00  1.25  0.00 -16.023 -16.440 -16.516 -23.837  -0.350   0.024   0.680   0.664
   85  5250  3.50 -1.50  2.00  1.25  0.00 -16.033 -16.431 -16.513 -23.837  -0.352   0.006   0.686   0.670
   86  5250  4.00 -1.50  2.00  1.25  0.00 -16.027 -16.424 -16.514 -23.837  -0.352   0.006   0.694   0.678
   87  5250  4.50 -1.50  2.00  1.25  0.00 -16.007 -16.417 -16.516 -23.837  -0.350   0.020   0.702   0.686
   88  5250  5.00 -1.50  2.00  1.25  0.00 -15.976 -16.411 -16.519 -23.837  -0.347   0.045   0.711   0.695
   89  5500  0.00 -1.50  2.00  1.25  0.00 -16.061 -16.830 -16.849 -24.039  -0.219   0.375   0.622   0.606
   90  5500  0.50 -1.50  2.00  1.25  0.00 -16.143 -16.832 -16.834 -24.039  -0.234   0.294   0.606   0.590
   91  5500  1.00 -1.50  2.00  1.25  0.00 -16.220 -16.829 -16.818 -24.039  -0.249   0.212   0.593   0.577
   92  5500  1.50 -1.50  2.00  1.25  0.00 -16.288 -16.820 -16.803 -24.039  -0.265   0.136   0.586   0.570
   93  5500  2.00 -1.50  2.00  1.25  0.00 -16.343 -16.807 -16.788 -24.039  -0.280   0.067   0.584   0.568
   94  5500  2.50 -1.50  2.00  1.25  0.00 -16.386 -16.791 -16.774 -24.039  -0.293   0.008   0.587   0.571
   95  5500  3.00 -1.50  2.00  1.25  0.00 -16.416 -16.775 -16.764 -24.039  -0.304  -0.038   0.593   0.577
   96  5500  3.50 -1.50  2.00  1.25  0.00 -16.433 -16.760 -16.758 -24.039  -0.309  -0.070   0.602   0.586
   97  5500  4.00 -1.50  2.00  1.25  0.00 -16.436 -16.747 -16.757 -24.039  -0.310  -0.084   0.613   0.597
   98  5500  4.50 -1.50  2.00  1.25  0.00 -16.425 -16.737 -16.760 -24.039  -0.308  -0.082   0.626   0.610
   99  5500  5.00 -1.50  2.00  1.25  0.00 -16.403 -16.729 -16.764 -24.039  -0.304  -0.067   0.638   0.622
  100  5750  0.00 -1.50  2.00  1.25  0.00 -16.476 -17.197 -17.101 -24.233  -0.159   0.322   0.508   0.492
  101  5750  0.50 -1.50  2.00  1.25  0.00 -16.527 -17.184 -17.083 -24.233  -0.177   0.257   0.503   0.487
  102  5750  1.00 -1.50  2.00  1.25  0.00 -16.581 -17.169 -17.065 -24.233  -0.196   0.188   0.499   0.483
  103  5750  1.50 -1.50  2.00  1.25  0.00 -16.632 -17.150 -17.046 -24.233  -0.215   0.118   0.499   0.483
  104  5750  2.00 -1.50  2.00  1.25  0.00 -16.677 -17.128 -17.027 -24.233  -0.234   0.050   0.503   0.487
  105  5750  2.50 -1.50  2.00  1.25  0.00 -16.715 -17.104 -17.009 -24.233  -0.252  -0.012   0.508   0.492
  106  5750  3.00 -1.50  2.00  1.25  0.00 -16.746 -17.080 -16.993 -24.233  -0.267  -0.067   0.517   0.501
  107  5750  3.50 -1.50  2.00  1.25  0.00 -16.770 -17.059 -16.982 -24.233  -0.279  -0.111   0.527   0.511
  108  5750  4.00 -1.50  2.00  1.25  0.00 -16.784 -17.041 -16.977 -24.233  -0.284  -0.141   0.539   0.523
  109  5750  4.50 -1.50  2.00  1.25  0.00 -16.784 -17.028 -16.977 -24.233  -0.283  -0.155   0.553   0.537
  110  5750  5.00 -1.50  2.00  1.25  0.00 -16.774 -17.018 -16.982 -24.233  -0.279  -0.153   0.567   0.551
  111  6000  0.00 -1.50  2.00  1.25  0.00 -16.843 -17.532 -17.331 -24.417  -0.114   0.286   0.403   0.387
  112  6000  0.50 -1.50  2.00  1.25  0.00 -16.863 -17.506 -17.314 -24.417  -0.132   0.240   0.411   0.395
  113  6000  1.00 -1.50  2.00  1.25  0.00 -16.895 -17.481 -17.294 -24.417  -0.151   0.182   0.417   0.401
  114  6000  1.50 -1.50  2.00  1.25  0.00 -16.930 -17.453 -17.273 -24.417  -0.172   0.120   0.424   0.408
  115  6000  2.00 -1.50  2.00  1.25  0.00 -16.964 -17.423 -17.251 -24.417  -0.194   0.055   0.432   0.416
  116  6000  2.50 -1.50  2.00  1.25  0.00 -16.996 -17.391 -17.230 -24.417  -0.216  -0.008   0.442   0.426
  117  6000  3.00 -1.50  2.00  1.25  0.00 -17.026 -17.360 -17.209 -24.417  -0.236  -0.068   0.452   0.436
  118  6000  3.50 -1.50  2.00  1.25  0.00 -17.053 -17.332 -17.193 -24.417  -0.253  -0.123   0.464   0.448
  119  6000  4.00 -1.50  2.00  1.25  0.00 -17.075 -17.309 -17.182 -24.417  -0.264  -0.167   0.476   0.460
  120  6000  4.50 -1.50  2.00  1.25  0.00 -17.089 -17.292 -17.177 -24.417  -0.268  -0.198   0.489   0.473
  121  6000  5.00 -1.50  2.00  1.25  0.00 -17.091 -17.279 -17.179 -24.417  -0.267  -0.212   0.503   0.487
  122  6250  0.50 -1.50  2.00  1.25  0.00 -17.168 -17.805 -17.526 -24.595  -0.097   0.230   0.324   0.308
  123  6250  1.00 -1.50  2.00  1.25  0.00 -17.177 -17.770 -17.508 -24.595  -0.115   0.187   0.342   0.326
  124  6250  1.50 -1.50  2.00  1.25  0.00 -17.196 -17.735 -17.487 -24.595  -0.136   0.133   0.355   0.339
  125  6250  2.00 -1.50  2.00  1.25  0.00 -17.219 -17.698 -17.464 -24.595  -0.159   0.074   0.369   0.353
  126  6250  2.50 -1.50  2.00  1.25  0.00 -17.244 -17.660 -17.439 -24.595  -0.183   0.011   0.383   0.367
  127  6250  3.00 -1.50  2.00  1.25  0.00 -17.270 -17.622 -17.415 -24.595  -0.208  -0.052   0.396   0.380
  128  6250  3.50 -1.50  2.00  1.25  0.00 -17.297 -17.587 -17.393 -24.595  -0.229  -0.114   0.410   0.394
  129  6250  4.00 -1.50  2.00  1.25  0.00 -17.323 -17.557 -17.376 -24.595  -0.247  -0.170   0.422   0.406
  130  6250  4.50 -1.50  2.00  1.25  0.00 -17.346 -17.534 -17.365 -24.595  -0.257  -0.216   0.435   0.419
  131  6250  5.00 -1.50  2.00  1.25  0.00 -17.361 -17.518 -17.362 -24.595  -0.260  -0.246   0.448   0.432
  132  6500  0.50 -1.50  2.00  1.25  0.00 -17.458 -18.088 -17.719 -24.765  -0.074   0.220   0.234   0.218
  133  6500  1.00 -1.50  2.00  1.25  0.00 -17.440 -18.043 -17.707 -24.765  -0.087   0.194   0.267   0.251
  134  6500  1.50 -1.50  2.00  1.25  0.00 -17.440 -18.000 -17.688 -24.765  -0.105   0.152   0.292   0.276
  135  6500  2.00 -1.50  2.00  1.25  0.00 -17.451 -17.957 -17.665 -24.765  -0.128   0.099   0.311   0.295
  136  6500  2.50 -1.50  2.00  1.25  0.00 -17.468 -17.914 -17.639 -24.765  -0.154   0.039   0.329   0.313
  137  6500  3.00 -1.50  2.00  1.25  0.00 -17.488 -17.870 -17.612 -24.765  -0.181  -0.025   0.346   0.330
  138  6500  3.50 -1.50  2.00  1.25  0.00 -17.513 -17.828 -17.586 -24.765  -0.207  -0.091   0.361   0.345
  139  6500  4.00 -1.50  2.00  1.25  0.00 -17.541 -17.791 -17.563 -24.765  -0.230  -0.155   0.376   0.360
  140  6500  4.50 -1.50  2.00  1.25  0.00 -17.569 -17.760 -17.546 -24.765  -0.247  -0.213   0.389   0.373
  141  6500  5.00 -1.50  2.00  1.25  0.00 -17.593 -17.738 -17.537 -24.765  -0.256  -0.260   0.402   0.386
  142  6750  0.50 -1.50  2.00  1.25  0.00 -17.721 -18.338 -17.901 -24.929  -0.056   0.205   0.166   0.150
  143  6750  1.00 -1.50  2.00  1.25  0.00 -17.692 -18.303 -17.888 -24.929  -0.069   0.199   0.188   0.172
  144  6750  1.50 -1.50  2.00  1.25  0.00 -17.672 -18.251 -17.875 -24.929  -0.082   0.169   0.227   0.211
  145  6750  2.00 -1.50  2.00  1.25  0.00 -17.668 -18.202 -17.854 -24.929  -0.103   0.125   0.255   0.239
  146  6750  2.50 -1.50  2.00  1.25  0.00 -17.674 -18.153 -17.828 -24.929  -0.129   0.071   0.278   0.262
  147  6750  3.00 -1.50  2.00  1.25  0.00 -17.689 -18.105 -17.800 -24.929  -0.157   0.008   0.299   0.283
  148  6750  3.50 -1.50  2.00  1.25  0.00 -17.709 -18.057 -17.771 -24.929  -0.186  -0.060   0.318   0.302
  149  6750  4.00 -1.50  2.00  1.25  0.00 -17.735 -18.013 -17.744 -24.929  -0.213  -0.129   0.334   0.318
  150  6750  4.50 -1.50  2.00  1.25  0.00 -17.765 -17.975 -17.721 -24.929  -0.236  -0.196   0.349   0.333
  151  6750  5.00 -1.50  2.00  1.25  0.00 -17.795 -17.946 -17.705 -24.929  -0.252  -0.256   0.363   0.347
  152  7000  0.50 -1.50  2.00  1.25  0.00 -17.963 -18.557 -18.071 -25.087  -0.044   0.179   0.118   0.102
  153  7000  1.00 -1.50  2.00  1.25  0.00 -17.928 -18.533 -18.058 -25.087  -0.056   0.191   0.129   0.113
  154  7000  1.50 -1.50  2.00  1.25  0.00 -17.897 -18.492 -18.045 -25.087  -0.070   0.182   0.157   0.141
  155  7000  2.00 -1.50  2.00  1.25  0.00 -17.875 -18.435 -18.030 -25.087  -0.085   0.149   0.199   0.183
  156  7000  2.50 -1.50  2.00  1.25  0.00 -17.870 -18.381 -18.007 -25.087  -0.108   0.101   0.230   0.214
  157  7000  3.00 -1.50  2.00  1.25  0.00 -17.876 -18.328 -17.979 -25.087  -0.136   0.043   0.255   0.239
  158  7000  3.50 -1.50  2.00  1.25  0.00 -17.890 -18.275 -17.949 -25.087  -0.166  -0.023   0.277   0.261
  159  7000  4.00 -1.50  2.00  1.25  0.00 -17.913 -18.225 -17.918 -25.087  -0.197  -0.095   0.296   0.280
  160  7000  4.50 -1.50  2.00  1.25  0.00 -17.942 -18.180 -17.890 -25.087  -0.225  -0.169   0.313   0.297
  161  7000  5.00 -1.50  2.00  1.25  0.00 -17.975 -18.143 -17.868 -25.087  -0.247  -0.239   0.328   0.312
  162  7250  0.50 -1.50  2.00  1.25  0.00 -18.183 -18.742 -18.227 -25.239  -0.040   0.143   0.089   0.073
  163  7250  1.00 -1.50  2.00  1.25  0.00 -18.149 -18.734 -18.217 -25.239  -0.050   0.170   0.086   0.070
  164  7250  1.50 -1.50  2.00  1.25  0.00 -18.110 -18.704 -18.205 -25.239  -0.062   0.180   0.105   0.089
  165  7250  2.00 -1.50  2.00  1.25  0.00 -18.077 -18.658 -18.191 -25.239  -0.076   0.168   0.137   0.121
  166  7250  2.50 -1.50  2.00  1.25  0.00 -18.057 -18.597 -18.174 -25.239  -0.093   0.129   0.180   0.164
  167  7250  3.00 -1.50  2.00  1.25  0.00 -18.053 -18.539 -18.149 -25.239  -0.119   0.077   0.213   0.197
  168  7250  3.50 -1.50  2.00  1.25  0.00 -18.060 -18.483 -18.118 -25.239  -0.149   0.014   0.239   0.223
  169  7250  4.00 -1.50  2.00  1.25  0.00 -18.077 -18.428 -18.086 -25.239  -0.182  -0.058   0.261   0.245
  170  7250  4.50 -1.50  2.00  1.25  0.00 -18.104 -18.377 -18.054 -25.239  -0.213  -0.135   0.281   0.265
  171  7250  5.00 -1.50  2.00  1.25  0.00 -18.137 -18.333 -18.026 -25.239  -0.241  -0.212   0.297   0.281
  172  7500  0.50 -1.50  2.00  1.25  0.00 -18.371 -18.876 -18.368 -25.386  -0.047   0.090   0.095   0.079
  173  7500  1.00 -1.50  2.00  1.25  0.00 -18.356 -18.909 -18.361 -25.386  -0.054   0.137   0.055   0.039
  174  7500  1.50 -1.50  2.00  1.25  0.00 -18.313 -18.891 -18.353 -25.386  -0.062   0.162   0.066   0.050
  175  7500  2.00 -1.50  2.00  1.25  0.00 -18.272 -18.855 -18.341 -25.386  -0.074   0.168   0.089   0.073
  176  7500  2.50 -1.50  2.00  1.25  0.00 -18.241 -18.805 -18.326 -25.386  -0.089   0.151   0.124   0.108
  177  7500  3.00 -1.50  2.00  1.25  0.00 -18.223 -18.741 -18.307 -25.386  -0.108   0.106   0.169   0.153
  178  7500  3.50 -1.50  2.00  1.25  0.00 -18.222 -18.681 -18.279 -25.386  -0.136   0.048   0.201   0.185
  179  7500  4.00 -1.50  2.00  1.25  0.00 -18.233 -18.622 -18.246 -25.386  -0.169  -0.021   0.228   0.212
  180  7500  4.50 -1.50  2.00  1.25  0.00 -18.255 -18.566 -18.212 -25.386  -0.202  -0.098   0.250   0.234
  181  7500  5.00 -1.50  2.00  1.25  0.00 -18.286 -18.515 -18.180 -25.386  -0.234  -0.179   0.269   0.253
  182  7750  1.00 -1.50  2.00  1.25  0.00 -18.544 -19.052 -18.488 -25.529  -0.069   0.091   0.039   0.023
  183  7750  1.50 -1.50  2.00  1.25  0.00 -18.505 -19.053 -18.485 -25.529  -0.072   0.131   0.035   0.019
  184  7750  2.00 -1.50  2.00  1.25  0.00 -18.458 -19.027 -18.477 -25.529  -0.080   0.153   0.054   0.038
  185  7750  2.50 -1.50  2.00  1.25  0.00 -18.418 -18.987 -18.465 -25.529  -0.092   0.155   0.081   0.065
  186  7750  3.00 -1.50  2.00  1.25  0.00 -18.390 -18.933 -18.449 -25.529  -0.108   0.130   0.120   0.104
  187  7750  3.50 -1.50  2.00  1.25  0.00 -18.379 -18.868 -18.428 -25.529  -0.129   0.079   0.163   0.147
  188  7750  4.00 -1.50  2.00  1.25  0.00 -18.382 -18.806 -18.398 -25.529  -0.159   0.014   0.196   0.180
  189  7750  4.50 -1.50  2.00  1.25  0.00 -18.398 -18.746 -18.364 -25.529  -0.193  -0.061   0.221   0.205
  190  7750  5.00 -1.50  2.00  1.25  0.00 -18.426 -18.690 -18.329 -25.529  -0.228  -0.144   0.243   0.227
  191  8000  1.00 -1.50  2.00  1.25  0.00 -18.709 -19.158 -18.597 -25.667  -0.098   0.031   0.043   0.027
  192  8000  1.50 -1.50  2.00  1.25  0.00 -18.682 -19.190 -18.601 -25.667  -0.094   0.090   0.015  -0.001
  193  8000  2.00 -1.50  2.00  1.25  0.00 -18.634 -19.176 -18.598 -25.667  -0.097   0.126   0.025   0.009
  194  8000  2.50 -1.50  2.00  1.25  0.00 -18.588 -19.145 -18.591 -25.667  -0.104   0.141   0.049   0.033
  195  8000  3.00 -1.50  2.00  1.25  0.00 -18.552 -19.102 -18.578 -25.667  -0.117   0.136   0.080   0.064
  196  8000  3.50 -1.50  2.00  1.25  0.00 -18.530 -19.045 -18.562 -25.667  -0.133   0.103   0.121   0.105
  197  8000  4.00 -1.50  2.00  1.25  0.00 -18.525 -18.980 -18.540 -25.667  -0.155   0.045   0.163   0.147
  198  8000  4.50 -1.50  2.00  1.25  0.00 -18.535 -18.918 -18.508 -25.667  -0.187  -0.027   0.194   0.178
  199  8000  5.00 -1.50  2.00  1.25  0.00 -18.558 -18.858 -18.472 -25.667  -0.222  -0.109   0.218   0.202
  200  8250  1.00 -1.50  2.00  1.25  0.00 -18.855 -19.225 -18.681 -25.800  -0.148  -0.048   0.059   0.043
  201  8250  1.50 -1.50  2.00  1.25  0.00 -18.844 -19.303 -18.703 -25.800  -0.126   0.040   0.004  -0.012
  202  8250  2.00 -1.50  2.00  1.25  0.00 -18.800 -19.305 -18.705 -25.800  -0.124   0.087   0.003  -0.013
  203  8250  2.50 -1.50  2.00  1.25  0.00 -18.750 -19.283 -18.701 -25.800  -0.127   0.117   0.022   0.006
  204  8250  3.00 -1.50  2.00  1.25  0.00 -18.706 -19.247 -18.693 -25.800  -0.135   0.126   0.050   0.034
  205  8250  3.50 -1.50  2.00  1.25  0.00 -18.675 -19.200 -18.681 -25.800  -0.148   0.113   0.084   0.068
  206  8250  4.00 -1.50  2.00  1.25  0.00 -18.662 -19.142 -18.666 -25.800  -0.163   0.069   0.127   0.111
  207  8250  4.50 -1.50  2.00  1.25  0.00 -18.667 -19.080 -18.642 -25.800  -0.187   0.003   0.166   0.150
  208  8250  5.00 -1.50  2.00  1.25  0.00 -18.684 -19.017 -18.608 -25.800  -0.220  -0.076   0.195   0.179
  209  8500  1.50 -1.50  2.00  1.25  0.00 -18.991 -19.392 -18.790 -25.930  -0.168  -0.018   0.002  -0.014
  210  8500  2.00 -1.50  2.00  1.25  0.00 -18.953 -19.413 -18.798 -25.930  -0.160   0.041  -0.011  -0.027
  211  8500  2.50 -1.50  2.00  1.25  0.00 -18.901 -19.402 -18.799 -25.930  -0.159   0.083   0.001  -0.015
  212  8500  3.00 -1.50  2.00  1.25  0.00 -18.853 -19.373 -18.795 -25.930  -0.163   0.104   0.026   0.010
  213  8500  3.50 -1.50  2.00  1.25  0.00 -18.815 -19.334 -18.787 -25.930  -0.171   0.105   0.056   0.040
  214  8500  4.00 -1.50  2.00  1.25  0.00 -18.793 -19.286 -18.774 -25.930  -0.184   0.080   0.092   0.076
  215  8500  4.50 -1.50  2.00  1.25  0.00 -18.792 -19.228 -18.761 -25.930  -0.197   0.026   0.136   0.120
  216  8500  5.00 -1.50  2.00  1.25  0.00 -18.805 -19.167 -18.735 -25.930  -0.223  -0.047   0.171   0.155
  217  8750  1.50 -1.50  2.00  1.25  0.00 -19.127 -19.467 -18.865 -26.056  -0.219  -0.080   0.002  -0.014
  218  8750  2.00 -1.50  2.00  1.25  0.00 -19.096 -19.506 -18.881 -26.056  -0.203  -0.009  -0.021  -0.037
  219  8750  2.50 -1.50  2.00  1.25  0.00 -19.047 -19.505 -18.886 -26.056  -0.198   0.040  -0.015  -0.031
  220  8750  3.00 -1.50  2.00  1.25  0.00 -18.995 -19.484 -18.885 -26.056  -0.199   0.072   0.005  -0.011
  221  8750  3.50 -1.50  2.00  1.25  0.00 -18.951 -19.451 -18.881 -26.056  -0.203   0.085   0.033   0.017
  222  8750  4.00 -1.50  2.00  1.25  0.00 -18.920 -19.409 -18.873 -26.056  -0.211   0.076   0.067   0.051
  223  8750  4.50 -1.50  2.00  1.25  0.00 -18.909 -19.359 -18.862 -26.056  -0.222   0.039   0.106   0.090
  224  8750  5.00 -1.50  2.00  1.25  0.00 -18.920 -19.305 -18.849 -26.056  -0.235  -0.025   0.148   0.132
  225  9000  1.50 -1.50  2.00  0.00  0.00 -19.252 -19.533 -18.931 -26.178  -0.275  -0.138   0.002  -0.014
  226  9000  2.00 -1.50  2.00  0.00  0.00 -19.226 -19.587 -18.955 -26.178  -0.251  -0.059  -0.028  -0.044
  227  9000  2.50 -1.50  2.00  0.00  0.00 -19.182 -19.596 -18.963 -26.178  -0.243  -0.005  -0.029  -0.045
  228  9000  3.00 -1.50  2.00  0.00  0.00 -19.129 -19.582 -18.966 -26.178  -0.240   0.036  -0.013  -0.029
  229  9000  3.50 -1.50  2.00  0.00  0.00 -19.080 -19.555 -18.965 -26.178  -0.241   0.060   0.013  -0.003
  230  9000  4.00 -1.50  2.00  0.00  0.00 -19.042 -19.519 -18.961 -26.178  -0.245   0.062   0.046   0.030
  231  9000  4.50 -1.50  2.00  0.00  0.00 -19.023 -19.474 -18.953 -26.178  -0.254   0.040   0.082   0.066
  232  9000  5.00 -1.50  2.00  0.00  0.00 -19.028 -19.426 -18.945 -26.178  -0.261  -0.012   0.123   0.107
  233  9250  2.00 -1.50  2.00  0.00  0.00 -19.346 -19.659 -19.023 -26.297  -0.303  -0.107  -0.033  -0.049
  234  9250  2.50 -1.50  2.00  0.00  0.00 -19.306 -19.676 -19.034 -26.297  -0.292  -0.050  -0.038  -0.054
  235  9250  3.00 -1.50  2.00  0.00  0.00 -19.255 -19.669 -19.039 -26.297  -0.287  -0.004  -0.027  -0.043
  236  9250  3.50 -1.50  2.00  0.00  0.00 -19.205 -19.648 -19.041 -26.297  -0.285   0.027  -0.004  -0.020
  237  9250  4.00 -1.50  2.00  0.00  0.00 -19.163 -19.617 -19.039 -26.297  -0.286   0.040   0.026   0.010
  238  9250  4.50 -1.50  2.00  0.00  0.00 -19.136 -19.578 -19.035 -26.297  -0.291   0.029   0.061   0.045
  239  9250  5.00 -1.50  2.00  0.00  0.00 -19.129 -19.532 -19.028 -26.297  -0.298  -0.008   0.099   0.083
  240  9500  2.00 -1.50  2.00  0.00  0.00 -19.457 -19.726 -19.085 -26.413  -0.356  -0.152  -0.037  -0.053
  241  9500  2.50 -1.50  2.00  0.00  0.00 -19.421 -19.748 -19.098 -26.413  -0.343  -0.093  -0.046  -0.062
  242  9500  3.00 -1.50  2.00  0.00  0.00 -19.374 -19.747 -19.105 -26.413  -0.337  -0.046  -0.039  -0.055
  243  9500  3.50 -1.50  2.00  0.00  0.00 -19.324 -19.731 -19.108 -26.413  -0.333  -0.010  -0.020  -0.036
  244  9500  4.00 -1.50  2.00  0.00  0.00 -19.279 -19.705 -19.110 -26.413  -0.331   0.011   0.008  -0.008
  245  9500  4.50 -1.50  2.00  0.00  0.00 -19.245 -19.671 -19.109 -26.413  -0.332   0.012   0.042   0.026
  246  9500  5.00 -1.50  2.00  0.00  0.00 -19.230 -19.628 -19.105 -26.413  -0.337  -0.013   0.080   0.064
  247  9750  2.00 -1.50  2.00  0.00  0.00 -19.561 -19.789 -19.144 -26.526  -0.410  -0.193  -0.041  -0.057
  248  9750  2.50 -1.50  2.00  0.00  0.00 -19.527 -19.814 -19.158 -26.526  -0.396  -0.133  -0.053  -0.069
  249  9750  3.00 -1.50  2.00  0.00  0.00 -19.483 -19.817 -19.166 -26.526  -0.388  -0.086  -0.048  -0.064
  250  9750  3.50 -1.50  2.00  0.00  0.00 -19.436 -19.806 -19.171 -26.526  -0.383  -0.047  -0.032  -0.048
  251  9750  4.00 -1.50  2.00  0.00  0.00 -19.389 -19.785 -19.174 -26.526  -0.380  -0.021  -0.007  -0.023
  252  9750  4.50 -1.50  2.00  0.00  0.00 -19.351 -19.754 -19.176 -26.526  -0.378  -0.011   0.025   0.009
  253  9750  5.00 -1.50  2.00  0.00  0.00 -19.329 -19.716 -19.175 -26.526  -0.379  -0.026   0.063   0.047
  254 10000  2.00 -1.50  2.00  0.00  0.00 -19.660 -19.850 -19.201 -26.636  -0.463  -0.231  -0.046  -0.062
  255 10000  2.50 -1.50  2.00  0.00  0.00 -19.626 -19.877 -19.215 -26.636  -0.449  -0.169  -0.058  -0.074
  256 10000  3.00 -1.50  2.00  0.00  0.00 -19.584 -19.882 -19.223 -26.636  -0.441  -0.122  -0.056  -0.072
  257 10000  3.50 -1.50  2.00  0.00  0.00 -19.538 -19.875 -19.228 -26.636  -0.436  -0.083  -0.043  -0.059
  258 10000  4.00 -1.50  2.00  0.00  0.00 -19.493 -19.857 -19.233 -26.636  -0.431  -0.053  -0.020  -0.036
  259 10000  4.50 -1.50  2.00  0.00  0.00 -19.454 -19.831 -19.237 -26.636  -0.427  -0.038   0.010  -0.006
  260 10000  5.00 -1.50  2.00  0.00  0.00 -19.428 -19.796 -19.239 -26.636  -0.425  -0.044   0.046   0.030
  261 10250  2.00 -1.50  2.00  0.00  0.00 -19.754 -19.909 -19.255 -26.743  -0.516  -0.267  -0.050  -0.066
  262 10250  2.50 -1.50  2.00  0.00  0.00 -19.719 -19.937 -19.269 -26.743  -0.502  -0.204  -0.064  -0.080
  263 10250  3.00 -1.50  2.00  0.00  0.00 -19.679 -19.943 -19.277 -26.743  -0.494  -0.156  -0.063  -0.079
  264 10250  3.50 -1.50  2.00  0.00  0.00 -19.635 -19.938 -19.282 -26.743  -0.489  -0.117  -0.052  -0.068
  265 10250  4.00 -1.50  2.00  0.00  0.00 -19.591 -19.923 -19.287 -26.743  -0.484  -0.086  -0.032  -0.048
  266 10250  4.50 -1.50  2.00  0.00  0.00 -19.552 -19.900 -19.293 -26.743  -0.479  -0.067  -0.004  -0.020
  267 10250  5.00 -1.50  2.00  0.00  0.00 -19.524 -19.870 -19.297 -26.743  -0.474  -0.067   0.030   0.014
  268 10500  2.00 -1.50  2.00  0.00  0.00 -19.844 -19.965 -19.307 -26.848  -0.568  -0.300  -0.054  -0.070
  269 10500  2.50 -1.50  2.00  0.00  0.00 -19.809 -19.994 -19.322 -26.848  -0.554  -0.236  -0.069  -0.085
  270 10500  3.00 -1.50  2.00  0.00  0.00 -19.769 -20.001 -19.328 -26.848  -0.547  -0.188  -0.069  -0.085
  271 10500  3.50 -1.50  2.00  0.00  0.00 -19.726 -19.997 -19.334 -26.848  -0.542  -0.149  -0.060  -0.076
  272 10500  4.00 -1.50  2.00  0.00  0.00 -19.684 -19.984 -19.339 -26.848  -0.537  -0.117  -0.042  -0.058
  273 10500  4.50 -1.50  2.00  0.00  0.00 -19.645 -19.965 -19.345 -26.848  -0.531  -0.096  -0.017  -0.033
  274 10500  5.00 -1.50  2.00  0.00  0.00 -19.614 -19.938 -19.351 -26.848  -0.525  -0.090   0.016   0.000
  275 10750  2.00 -1.50  2.00  0.00  0.00 -19.930 -20.019 -19.358 -26.950  -0.620  -0.332  -0.058  -0.074
  276 10750  2.50 -1.50  2.00  0.00  0.00 -19.894 -20.049 -19.372 -26.950  -0.606  -0.267  -0.073  -0.089
  277 10750  3.00 -1.50  2.00  0.00  0.00 -19.854 -20.056 -19.378 -26.950  -0.600  -0.219  -0.075  -0.091
  278 10750  3.50 -1.50  2.00  0.00  0.00 -19.813 -20.053 -19.383 -26.950  -0.595  -0.180  -0.067  -0.083
  279 10750  4.00 -1.50  2.00  0.00  0.00 -19.771 -20.042 -19.388 -26.950  -0.590  -0.148  -0.051  -0.067
  280 10750  4.50 -1.50  2.00  0.00  0.00 -19.733 -20.025 -19.394 -26.950  -0.585  -0.125  -0.028  -0.044
  281 10750  5.00 -1.50  2.00  0.00  0.00 -19.702 -20.001 -19.400 -26.950  -0.578  -0.116   0.003  -0.013
  282 11000  2.00 -1.50  2.00  0.00  0.00 -20.013 -20.072 -19.406 -27.050  -0.672  -0.363  -0.062  -0.078
  283 11000  2.50 -1.50  2.00  0.00  0.00 -19.976 -20.101 -19.420 -27.050  -0.658  -0.296  -0.078  -0.094
  284 11000  3.00 -1.50  2.00  0.00  0.00 -19.936 -20.109 -19.426 -27.050  -0.652  -0.248  -0.080  -0.096
  285 11000  3.50 -1.50  2.00  0.00  0.00 -19.895 -20.107 -19.430 -27.050  -0.648  -0.209  -0.073  -0.089
  286 11000  4.00 -1.50  2.00  0.00  0.00 -19.855 -20.097 -19.434 -27.050  -0.643  -0.177  -0.059  -0.075
  287 11000  4.50 -1.50  2.00  0.00  0.00 -19.817 -20.081 -19.440 -27.050  -0.638  -0.153  -0.037  -0.053
  288 11000  5.00 -1.50  2.00  0.00  0.00 -19.785 -20.059 -19.447 -27.050  -0.630  -0.141  -0.008  -0.024
  289 11250  2.00 -1.50  2.00  0.00  0.00 -20.092 -20.123 -19.453 -27.147  -0.723  -0.391  -0.066  -0.082
  290 11250  2.50 -1.50  2.00  0.00  0.00 -20.055 -20.153 -19.467 -27.147  -0.709  -0.324  -0.082  -0.098
  291 11250  3.00 -1.50  2.00  0.00  0.00 -20.014 -20.161 -19.472 -27.147  -0.703  -0.275  -0.085  -0.101
  292 11250  3.50 -1.50  2.00  0.00  0.00 -19.974 -20.158 -19.476 -27.147  -0.700  -0.236  -0.079  -0.095
  293 11250  4.00 -1.50  2.00  0.00  0.00 -19.934 -20.149 -19.479 -27.147  -0.696  -0.205  -0.066  -0.082
  294 11250  4.50 -1.50  2.00  0.00  0.00 -19.897 -20.134 -19.485 -27.147  -0.691  -0.180  -0.046  -0.062
  295 11250  5.00 -1.50  2.00  0.00  0.00 -19.865 -20.114 -19.492 -27.147  -0.683  -0.166  -0.019  -0.035
  296 11500  2.00 -1.50  2.00  0.00  0.00 -20.168 -20.172 -19.498 -27.243  -0.773  -0.418  -0.070  -0.086
  297 11500  2.50 -1.50  2.00  0.00  0.00 -20.130 -20.202 -19.512 -27.243  -0.759  -0.350  -0.087  -0.103
  298 11500  3.00 -1.50  2.00  0.00  0.00 -20.090 -20.210 -19.517 -27.243  -0.754  -0.302  -0.090  -0.106
  299 11500  3.50 -1.50  2.00  0.00  0.00 -20.050 -20.207 -19.520 -27.243  -0.751  -0.263  -0.084  -0.100
  300 11500  4.00 -1.50  2.00  0.00  0.00 -20.010 -20.199 -19.523 -27.243  -0.748  -0.231  -0.072  -0.088
  301 11500  4.50 -1.50  2.00  0.00  0.00 -19.974 -20.185 -19.528 -27.243  -0.743  -0.207  -0.054  -0.070
  302 11500  5.00 -1.50  2.00  0.00  0.00 -19.942 -20.167 -19.535 -27.243  -0.736  -0.192  -0.028  -0.044
  303 11750  2.00 -1.50  2.00  0.00  0.00 -20.241 -20.219 -19.541 -27.336  -0.823  -0.444  -0.074  -0.090
  304 11750  2.50 -1.50  2.00  0.00  0.00 -20.203 -20.250 -19.555 -27.336  -0.809  -0.375  -0.091  -0.107
  305 11750  3.00 -1.50  2.00  0.00  0.00 -20.162 -20.257 -19.560 -27.336  -0.805  -0.327  -0.094  -0.110
  306 11750  3.50 -1.50  2.00  0.00  0.00 -20.122 -20.255 -19.562 -27.336  -0.802  -0.288  -0.089  -0.105
  307 11750  4.00 -1.50  2.00  0.00  0.00 -20.084 -20.247 -19.565 -27.336  -0.799  -0.257  -0.078  -0.094
  308 11750  4.50 -1.50  2.00  0.00  0.00 -20.048 -20.234 -19.570 -27.336  -0.795  -0.233  -0.061  -0.077
  309 11750  5.00 -1.50  2.00  0.00  0.00 -20.017 -20.217 -19.576 -27.336  -0.788  -0.217  -0.037  -0.053
  310 12000  2.50 -1.50  2.00  0.00  0.00 -20.273 -20.296 -19.597 -27.428  -0.859  -0.399  -0.095  -0.111
  311 12000  3.00 -1.50  2.00  0.00  0.00 -20.232 -20.304 -19.601 -27.428  -0.855  -0.350  -0.099  -0.115
  312 12000  3.50 -1.50  2.00  0.00  0.00 -20.192 -20.301 -19.603 -27.428  -0.852  -0.312  -0.094  -0.110
  313 12000  4.00 -1.50  2.00  0.00  0.00 -20.154 -20.293 -19.606 -27.428  -0.850  -0.281  -0.084  -0.100
  314 12000  4.50 -1.50  2.00  0.00  0.00 -20.119 -20.281 -19.610 -27.428  -0.846  -0.257  -0.067  -0.083
  315 12000  5.00 -1.50  2.00  0.00  0.00 -20.088 -20.264 -19.616 -27.428  -0.840  -0.241  -0.045  -0.061
  316 12250  2.50 -1.50  2.00  0.00  0.00 -20.340 -20.341 -19.638 -27.517  -0.907  -0.421  -0.100  -0.116
  317 12250  3.00 -1.50  2.00  0.00  0.00 -20.299 -20.348 -19.642 -27.517  -0.904  -0.373  -0.103  -0.119
  318 12250  3.50 -1.50  2.00  0.00  0.00 -20.260 -20.346 -19.643 -27.517  -0.902  -0.335  -0.099  -0.115
  319 12250  4.00 -1.50  2.00  0.00  0.00 -20.222 -20.338 -19.645 -27.517  -0.900  -0.305  -0.089  -0.105
  320 12250  4.50 -1.50  2.00  0.00  0.00 -20.188 -20.326 -19.649 -27.517  -0.896  -0.281  -0.073  -0.089
  321 12250  5.00 -1.50  2.00  0.00  0.00 -20.157 -20.310 -19.655 -27.517  -0.891  -0.265  -0.052  -0.068
  322 12500  2.50 -1.50  2.00  0.00  0.00 -20.405 -20.385 -19.678 -27.605  -0.955  -0.443  -0.104  -0.120
  323 12500  3.00 -1.50  2.00  0.00  0.00 -20.364 -20.392 -19.681 -27.605  -0.952  -0.394  -0.108  -0.124
  324 12500  3.50 -1.50  2.00  0.00  0.00 -20.324 -20.389 -19.682 -27.605  -0.951  -0.357  -0.103  -0.119
  325 12500  4.00 -1.50  2.00  0.00  0.00 -20.288 -20.381 -19.684 -27.605  -0.949  -0.327  -0.094  -0.110
  326 12500  4.50 -1.50  2.00  0.00  0.00 -20.254 -20.369 -19.687 -27.605  -0.946  -0.304  -0.079  -0.095
  327 12500  5.00 -1.50  2.00  0.00  0.00 -20.224 -20.354 -19.692 -27.605  -0.941  -0.288  -0.059  -0.075
  328 12750  2.50 -1.50  2.00  0.00  0.00 -20.467 -20.427 -19.716 -27.691  -1.003  -0.463  -0.108  -0.124
  329 12750  3.00 -1.50  2.00  0.00  0.00 -20.426 -20.434 -19.719 -27.691  -1.000  -0.415  -0.112  -0.128
  330 12750  3.50 -1.50  2.00  0.00  0.00 -20.387 -20.431 -19.720 -27.691  -0.999  -0.378  -0.108  -0.124
  331 12750  4.00 -1.50  2.00  0.00  0.00 -20.351 -20.423 -19.721 -27.691  -0.998  -0.349  -0.098  -0.114
  332 12750  4.50 -1.50  2.00  0.00  0.00 -20.318 -20.412 -19.724 -27.691  -0.995  -0.326  -0.084  -0.100
  333 12750  5.00 -1.50  2.00  0.00  0.00 -20.289 -20.397 -19.729 -27.691  -0.990  -0.310  -0.065  -0.081
  334 13000  2.50 -1.50  2.00  0.00  0.00 -20.528 -20.469 -19.754 -27.775  -1.050  -0.483  -0.112  -0.128
  335 13000  3.00 -1.50  2.00  0.00  0.00 -20.487 -20.475 -19.756 -27.775  -1.048  -0.434  -0.116  -0.132
  336 13000  3.50 -1.50  2.00  0.00  0.00 -20.448 -20.472 -19.756 -27.775  -1.047  -0.398  -0.112  -0.128
  337 13000  4.00 -1.50  2.00  0.00  0.00 -20.412 -20.464 -19.757 -27.775  -1.046  -0.369  -0.103  -0.119
  338 13000  4.50 -1.50  2.00  0.00  0.00 -20.379 -20.453 -19.760 -27.775  -1.043  -0.347  -0.089  -0.105
  339 13000  5.00 -1.50  2.00  0.00  0.00 -20.351 -20.439 -19.765 -27.775  -1.039  -0.331  -0.070  -0.086
  340 14000  2.00 -1.50  2.00  0.00  0.00 -20.803 -20.591 -19.883 -28.097  -1.242  -0.636  -0.105  -0.121
  341 14000  2.50 -1.50  2.00  0.00  0.00 -20.755 -20.626 -19.895 -28.097  -1.230  -0.554  -0.127  -0.143
  342 14000  3.00 -1.50  2.00  0.00  0.00 -20.711 -20.630 -19.895 -28.097  -1.230  -0.505  -0.132  -0.148
  343 14000  3.50 -1.50  2.00  0.00  0.00 -20.672 -20.625 -19.894 -28.097  -1.231  -0.470  -0.128  -0.144
  344 14000  4.00 -1.50  2.00  0.00  0.00 -20.638 -20.617 -19.894 -28.097  -1.232  -0.443  -0.120  -0.136
  345 14000  4.50 -1.50  2.00  0.00  0.00 -20.608 -20.606 -19.895 -28.097  -1.230  -0.423  -0.107  -0.123
  346 14000  5.00 -1.50  2.00  0.00  0.00 -20.581 -20.593 -19.899 -28.097  -1.226  -0.408  -0.090  -0.106
  347 15000  2.50 -1.50  2.00  0.00  0.00 -20.963 -20.770 -20.027 -28.397  -1.398  -0.617  -0.140  -0.156
  348 15000  3.00 -1.50  2.00  0.00  0.00 -20.914 -20.773 -20.023 -28.397  -1.402  -0.566  -0.146  -0.162
  349 15000  3.50 -1.50  2.00  0.00  0.00 -20.874 -20.766 -20.020 -28.397  -1.405  -0.531  -0.143  -0.159
  350 15000  4.00 -1.50  2.00  0.00  0.00 -20.840 -20.756 -20.018 -28.397  -1.407  -0.506  -0.135  -0.151
  351 15000  4.50 -1.50  2.00  0.00  0.00 -20.811 -20.745 -20.019 -28.397  -1.406  -0.487  -0.123  -0.139
  352 15000  5.00 -1.50  2.00  0.00  0.00 -20.786 -20.732 -20.021 -28.397  -1.403  -0.475  -0.107  -0.123
  353 16000  2.50 -1.50  2.00  0.00  0.00 -21.155 -20.904 -20.149 -28.677  -1.556  -0.676  -0.151  -0.167
  354 16000  3.00 -1.50  2.00  0.00  0.00 -21.101 -20.905 -20.143 -28.677  -1.562  -0.621  -0.159  -0.175
  355 16000  3.50 -1.50  2.00  0.00  0.00 -21.058 -20.897 -20.136 -28.677  -1.569  -0.585  -0.157  -0.173
  356 16000  4.00 -1.50  2.00  0.00  0.00 -21.023 -20.885 -20.133 -28.677  -1.572  -0.561  -0.149  -0.165
  357 16000  4.50 -1.50  2.00  0.00  0.00 -20.995 -20.873 -20.132 -28.677  -1.573  -0.543  -0.137  -0.153
  358 16000  5.00 -1.50  2.00  0.00  0.00 -20.972 -20.860 -20.135 -28.677  -1.571  -0.533  -0.122  -0.138
  359 17000  2.50 -1.50  2.00  0.00  0.00 -21.336 -21.030 -20.265 -28.940  -1.704  -0.732  -0.161  -0.177
  360 17000  3.00 -1.50  2.00  0.00  0.00 -21.276 -21.030 -20.256 -28.940  -1.712  -0.671  -0.171  -0.187
  361 17000  3.50 -1.50  2.00  0.00  0.00 -21.229 -21.019 -20.247 -28.940  -1.722  -0.635  -0.169  -0.185
  362 17000  4.00 -1.50  2.00  0.00  0.00 -21.192 -21.006 -20.241 -28.940  -1.728  -0.610  -0.162  -0.178
  363 17000  4.50 -1.50  2.00  0.00  0.00 -21.164 -20.993 -20.239 -28.940  -1.730  -0.593  -0.151  -0.167
  364 17000  5.00 -1.50  2.00  0.00  0.00 -21.141 -20.980 -20.240 -28.940  -1.729  -0.583  -0.136  -0.152
  365 18000  2.50 -1.50  2.00  0.00  0.00 -21.506 -21.148 -20.375 -29.189  -1.842  -0.784  -0.170  -0.186
  366 18000  3.00 -1.50  2.00  0.00  0.00 -21.441 -21.148 -20.363 -29.189  -1.853  -0.719  -0.181  -0.197
  367 18000  3.50 -1.50  2.00  0.00  0.00 -21.390 -21.135 -20.351 -29.189  -1.866  -0.680  -0.180  -0.196
  368 18000  4.00 -1.50  2.00  0.00  0.00 -21.351 -21.120 -20.343 -29.189  -1.874  -0.655  -0.174  -0.190
  369 18000  4.50 -1.50  2.00  0.00  0.00 -21.321 -21.106 -20.339 -29.189  -1.877  -0.638  -0.163  -0.179
  370 18000  5.00 -1.50  2.00  0.00  0.00 -21.299 -21.092 -20.339 -29.189  -1.877  -0.629  -0.149  -0.165
  371 19000  2.50 -1.50  2.00  0.00  0.00 -21.666 -21.260 -20.479 -29.423  -1.972  -0.832  -0.177  -0.193
  372 19000  3.00 -1.50  2.00  0.00  0.00 -21.597 -21.260 -20.466 -29.423  -1.986  -0.763  -0.191  -0.207
  373 19000  3.50 -1.50  2.00  0.00  0.00 -21.542 -21.245 -20.451 -29.423  -2.001  -0.723  -0.191  -0.207
  374 19000  4.00 -1.50  2.00  0.00  0.00 -21.500 -21.228 -20.440 -29.423  -2.011  -0.697  -0.185  -0.201
  375 19000  4.50 -1.50  2.00  0.00  0.00 -21.469 -21.213 -20.435 -29.423  -2.017  -0.680  -0.175  -0.191
  376 19000  5.00 -1.50  2.00  0.00  0.00 -21.446 -21.199 -20.434 -29.423  -2.018  -0.671  -0.161  -0.177
  377 20000  3.00 -1.50  2.00  0.00  0.00 -21.744 -21.367 -20.564 -29.646  -2.110  -0.803  -0.199  -0.215
  378 20000  3.50 -1.50  2.00  0.00  0.00 -21.686 -21.350 -20.546 -29.646  -2.128  -0.762  -0.200  -0.216
  379 20000  4.00 -1.50  2.00  0.00  0.00 -21.642 -21.332 -20.533 -29.646  -2.141  -0.735  -0.195  -0.211
  380 20000  4.50 -1.50  2.00  0.00  0.00 -21.609 -21.315 -20.526 -29.646  -2.148  -0.718  -0.185  -0.201
  381 20000  5.00 -1.50  2.00  0.00  0.00 -21.585 -21.300 -20.524 -29.646  -2.150  -0.709  -0.173  -0.189
  382 21000  3.00 -1.50  2.00  0.00  0.00 -21.883 -21.469 -20.659 -29.858  -2.227  -0.840  -0.207  -0.223
  383 21000  3.50 -1.50  2.00  0.00  0.00 -21.822 -21.450 -20.638 -29.858  -2.248  -0.798  -0.209  -0.225
  384 21000  4.00 -1.50  2.00  0.00  0.00 -21.776 -21.431 -20.623 -29.858  -2.263  -0.771  -0.204  -0.220
  385 21000  4.50 -1.50  2.00  0.00  0.00 -21.742 -21.413 -20.614 -29.858  -2.272  -0.754  -0.195  -0.211
  386 21000  5.00 -1.50  2.00  0.00  0.00 -21.718 -21.397 -20.610 -29.858  -2.276  -0.745  -0.183  -0.199
  387 22000  3.00 -1.50  2.00  0.00  0.00 -22.016 -21.569 -20.751 -30.060  -2.338  -0.875  -0.215  -0.231
  388 22000  3.50 -1.50  2.00  0.00  0.00 -21.951 -21.547 -20.726 -30.060  -2.362  -0.830  -0.217  -0.233
  389 22000  4.00 -1.50  2.00  0.00  0.00 -21.903 -21.526 -20.709 -30.060  -2.379  -0.804  -0.213  -0.229
  390 22000  4.50 -1.50  2.00  0.00  0.00 -21.868 -21.507 -20.699 -30.060  -2.390  -0.787  -0.205  -0.221
  391 22000  5.00 -1.50  2.00  0.00  0.00 -21.843 -21.490 -20.694 -30.060  -2.394  -0.778  -0.193  -0.209
  392 23000  3.00 -1.50  2.00  0.00  0.00 -22.145 -21.666 -20.841 -30.253  -2.441  -0.907  -0.222  -0.238
  393 23000  3.50 -1.50  2.00  0.00  0.00 -22.074 -21.641 -20.812 -30.253  -2.469  -0.861  -0.225  -0.241
  394 23000  4.00 -1.50  2.00  0.00  0.00 -22.024 -21.617 -20.792 -30.253  -2.489  -0.833  -0.221  -0.237
  395 23000  4.50 -1.50  2.00  0.00  0.00 -21.988 -21.597 -20.780 -30.253  -2.501  -0.817  -0.213  -0.229
  396 23000  5.00 -1.50  2.00  0.00  0.00 -21.963 -21.580 -20.774 -30.253  -2.507  -0.808  -0.202  -0.218
  397 24000  3.00 -1.50  2.00  0.00  0.00 -22.272 -21.763 -20.931 -30.438  -2.535  -0.937  -0.229  -0.245
  398 24000  3.50 -1.50  2.00  0.00  0.00 -22.193 -21.732 -20.896 -30.438  -2.570  -0.889  -0.233  -0.249
  399 24000  4.00 -1.50  2.00  0.00  0.00 -22.140 -21.706 -20.873 -30.438  -2.593  -0.861  -0.229  -0.245
  400 24000  4.50 -1.50  2.00  0.00  0.00 -22.103 -21.685 -20.860 -30.438  -2.607  -0.844  -0.222  -0.238
  401 24000  5.00 -1.50  2.00  0.00  0.00 -22.077 -21.667 -20.852 -30.438  -2.614  -0.836  -0.211  -0.227
  402 25000  3.00 -1.50  2.00  0.00  0.00 -22.401 -21.862 -21.024 -30.615  -2.619  -0.967  -0.235  -0.251
  403 25000  3.50 -1.50  2.00  0.00  0.00 -22.309 -21.822 -20.978 -30.615  -2.665  -0.915  -0.240  -0.256
  404 25000  4.00 -1.50  2.00  0.00  0.00 -22.252 -21.793 -20.953 -30.615  -2.691  -0.887  -0.237  -0.253
  405 25000  4.50 -1.50  2.00  0.00  0.00 -22.213 -21.770 -20.937 -30.615  -2.707  -0.870  -0.230  -0.246
  406 25000  5.00 -1.50  2.00  0.00  0.00 -22.187 -21.752 -20.928 -30.615  -2.715  -0.861  -0.220  -0.236
  407 26000  3.00 -1.50  2.00  0.00  0.00 -22.536 -21.965 -21.123 -30.786  -2.690  -1.000  -0.238  -0.254
  408 26000  3.50 -1.50  2.00  0.00  0.00 -22.423 -21.912 -21.061 -30.786  -2.753  -0.939  -0.247  -0.263
  409 26000  4.00 -1.50  2.00  0.00  0.00 -22.361 -21.878 -21.031 -30.786  -2.783  -0.911  -0.244  -0.260
  410 26000  4.50 -1.50  2.00  0.00  0.00 -22.320 -21.854 -21.013 -30.786  -2.801  -0.894  -0.237  -0.253
  411 26000  5.00 -1.50  2.00  0.00  0.00 -22.293 -21.834 -21.003 -30.786  -2.811  -0.885  -0.228  -0.244
  412 27000  3.50 -1.50  2.00  0.00  0.00 -22.538 -22.004 -21.146 -30.949  -2.832  -0.963  -0.254  -0.270
  413 27000  4.00 -1.50  2.00  0.00  0.00 -22.468 -21.963 -21.108 -30.949  -2.869  -0.933  -0.251  -0.267
  414 27000  4.50 -1.50  2.00  0.00  0.00 -22.425 -21.936 -21.088 -30.949  -2.890  -0.916  -0.245  -0.261
  415 27000  5.00 -1.50  2.00  0.00  0.00 -22.396 -21.916 -21.077 -30.949  -2.901  -0.907  -0.235  -0.251
  416 28000  3.50 -1.50  2.00  0.00  0.00 -22.656 -22.098 -21.234 -31.107  -2.902  -0.988  -0.260  -0.276
  417 28000  4.00 -1.50  2.00  0.00  0.00 -22.575 -22.049 -21.187 -31.107  -2.949  -0.955  -0.258  -0.274
  418 28000  4.50 -1.50  2.00  0.00  0.00 -22.528 -22.018 -21.163 -31.107  -2.973  -0.938  -0.252  -0.268
  419 28000  5.00 -1.50  2.00  0.00  0.00 -22.498 -21.996 -21.150 -31.107  -2.986  -0.929  -0.243  -0.259
  420 29000  3.50 -1.50  2.00  0.00  0.00 -22.775 -22.192 -21.324 -31.260  -2.964  -1.012  -0.265  -0.281
  421 29000  4.00 -1.50  2.00  0.00  0.00 -22.683 -22.136 -21.267 -31.260  -3.021  -0.976  -0.265  -0.281
  422 29000  4.50 -1.50  2.00  0.00  0.00 -22.630 -22.100 -21.238 -31.260  -3.050  -0.958  -0.259  -0.275
  423 29000  5.00 -1.50  2.00  0.00  0.00 -22.598 -22.077 -21.223 -31.260  -3.065  -0.949  -0.250  -0.266
  424 30000  3.50 -1.50  2.00  0.00  0.00 -22.885 -22.280 -21.410 -31.407  -3.026  -1.034  -0.267  -0.283
  425 30000  4.00 -1.50  2.00  0.00  0.00 -22.792 -22.224 -21.349 -31.407  -3.086  -0.997  -0.271  -0.287
  426 30000  4.50 -1.50  2.00  0.00  0.00 -22.733 -22.184 -21.315 -31.407  -3.121  -0.978  -0.266  -0.282
  427 30000  5.00 -1.50  2.00  0.00  0.00 -22.699 -22.158 -21.297 -31.407  -3.138  -0.969  -0.257  -0.273
  428 31000  3.50 -1.50  2.00  0.00  0.00 -22.983 -22.360 -21.488 -31.549  -3.090  -1.053  -0.269  -0.285
  429 31000  4.00 -1.50  2.00  0.00  0.00 -22.898 -22.311 -21.431 -31.549  -3.147  -1.017  -0.276  -0.292
  430 31000  4.50 -1.50  2.00  0.00  0.00 -22.836 -22.268 -21.392 -31.549  -3.185  -0.997  -0.272  -0.288
  431 31000  5.00 -1.50  2.00  0.00  0.00 -22.798 -22.239 -21.371 -31.549  -3.206  -0.988  -0.264  -0.280
  432 32000  4.00 -1.50  2.00  0.00  0.00 -22.999 -22.394 -21.510 -31.687  -3.206  -1.035  -0.280  -0.296
  433 32000  4.50 -1.50  2.00  0.00  0.00 -22.936 -22.350 -21.469 -31.687  -3.246  -1.015  -0.278  -0.294
  434 32000  5.00 -1.50  2.00  0.00  0.00 -22.897 -22.320 -21.446 -31.687  -3.270  -1.006  -0.271  -0.287
  435 33000  4.00 -1.50  2.00  0.00  0.00 -23.088 -22.468 -21.581 -31.821  -3.268  -1.050  -0.283  -0.299
  436 33000  4.50 -1.50  2.00  0.00  0.00 -23.033 -22.431 -21.544 -31.821  -3.305  -1.032  -0.283  -0.299
  437 33000  5.00 -1.50  2.00  0.00  0.00 -22.993 -22.399 -21.519 -31.821  -3.330  -1.022  -0.277  -0.293
  438 34000  4.00 -1.50  2.00  0.00  0.00 -23.165 -22.533 -21.644 -31.951  -3.335  -1.062  -0.285  -0.301
  439 34000  4.50 -1.50  2.00  0.00  0.00 -23.121 -22.505 -21.614 -31.951  -3.365  -1.046  -0.287  -0.303
  440 34000  5.00 -1.50  2.00  0.00  0.00 -23.084 -22.476 -21.590 -31.951  -3.388  -1.037  -0.282  -0.298
  441 35000  4.00 -1.50  2.00  0.00  0.00 -23.231 -22.589 -21.699 -32.077  -3.406  -1.072  -0.287  -0.303
  442 35000  4.50 -1.50  2.00  0.00  0.00 -23.198 -22.571 -21.677 -32.077  -3.428  -1.057  -0.290  -0.306
  443 35000  5.00 -1.50  2.00  0.00  0.00 -23.167 -22.546 -21.656 -32.077  -3.448  -1.050  -0.287  -0.303
  444 36000  4.00 -1.50  2.00  0.00  0.00 -23.287 -22.637 -21.746 -32.199  -3.481  -1.080  -0.288  -0.304
  445 36000  4.50 -1.50  2.00  0.00  0.00 -23.267 -22.629 -21.733 -32.199  -3.494  -1.067  -0.293  -0.309
  446 36000  5.00 -1.50  2.00  0.00  0.00 -23.241 -22.610 -21.716 -32.199  -3.511  -1.061  -0.290  -0.306
  447 37000  4.00 -1.50  2.00  0.00  0.00 -23.334 -22.678 -21.785 -32.318  -3.561  -1.086  -0.289  -0.305
  448 37000  4.50 -1.50  2.00  0.00  0.00 -23.325 -22.680 -21.782 -32.318  -3.564  -1.075  -0.294  -0.310
  449 37000  5.00 -1.50  2.00  0.00  0.00 -23.307 -22.667 -21.770 -32.318  -3.576  -1.069  -0.293  -0.309
  450 38000  4.00 -1.50  2.00  0.00  0.00 -23.375 -22.714 -21.820 -32.434  -3.642  -1.091  -0.290  -0.306
  451 38000  4.50 -1.50  2.00  0.00  0.00 -23.375 -22.723 -21.824 -32.434  -3.638  -1.081  -0.296  -0.312
  452 38000  5.00 -1.50  2.00  0.00  0.00 -23.364 -22.717 -21.818 -32.434  -3.644  -1.077  -0.296  -0.312
  453 39000  4.00 -1.50  2.00  0.00  0.00 -23.412 -22.747 -21.851 -32.546  -3.723  -1.096  -0.292  -0.308
  454 39000  4.50 -1.50  2.00  0.00  0.00 -23.418 -22.761 -21.860 -32.546  -3.715  -1.087  -0.298  -0.314
  455 39000  5.00 -1.50  2.00  0.00  0.00 -23.414 -22.761 -21.859 -32.546  -3.715  -1.082  -0.298  -0.314
  456 40000  4.50 -1.50  2.00  0.00  0.00 -23.456 -22.795 -21.892 -32.656  -3.793  -1.091  -0.300  -0.316
  457 40000  5.00 -1.50  2.00  0.00  0.00 -23.456 -22.799 -21.895 -32.656  -3.789  -1.087  -0.300  -0.316
  458 41000  4.50 -1.50  2.00  0.00  0.00 -23.490 -22.826 -21.921 -32.764  -3.871  -1.094  -0.301  -0.317
  459 41000  5.00 -1.50  2.00  0.00  0.00 -23.494 -22.832 -21.927 -32.764  -3.865  -1.091  -0.302  -0.318
  460 42000  4.50 -1.50  2.00  0.00  0.00 -23.522 -22.854 -21.948 -32.868  -3.949  -1.098  -0.303  -0.319
  461 42000  5.00 -1.50  2.00  0.00  0.00 -23.527 -22.863 -21.955 -32.868  -3.941  -1.095  -0.304  -0.320
  462 43000  4.50 -1.50  2.00  0.00  0.00 -23.552 -22.882 -21.974 -32.971  -4.025  -1.101  -0.305  -0.321
  463 43000  5.00 -1.50  2.00  0.00  0.00 -23.558 -22.891 -21.981 -32.971  -4.017  -1.098  -0.306  -0.322
  464 44000  4.50 -1.50  2.00  0.00  0.00 -23.582 -22.908 -21.999 -33.070  -4.100  -1.104  -0.306  -0.322
  465 44000  5.00 -1.50  2.00  0.00  0.00 -23.587 -22.917 -22.006 -33.070  -4.093  -1.100  -0.307  -0.323
  466 45000  4.50 -1.50  2.00  0.00  0.00 -23.611 -22.934 -22.023 -33.168  -4.173  -1.107  -0.308  -0.324
  467 45000  5.00 -1.50  2.00  0.00  0.00 -23.615 -22.942 -22.029 -33.168  -4.167  -1.103  -0.309  -0.325
  468 46000  4.50 -1.50  2.00  0.00  0.00 -23.639 -22.960 -22.047 -33.263  -4.244  -1.109  -0.309  -0.325
  469 46000  5.00 -1.50  2.00  0.00  0.00 -23.641 -22.966 -22.052 -33.263  -4.239  -1.105  -0.311  -0.327
  470 47000  4.50 -1.50  2.00  0.00  0.00 -23.666 -22.985 -22.071 -33.357  -4.314  -1.112  -0.310  -0.326
  471 47000  5.00 -1.50  2.00  0.00  0.00 -23.668 -22.990 -22.075 -33.357  -4.310  -1.108  -0.312  -0.328
  472 48000  4.50 -1.50  2.00  0.00  0.00 -23.693 -23.009 -22.094 -33.448  -4.382  -1.115  -0.311  -0.327
  473 48000  5.00 -1.50  2.00  0.00  0.00 -23.693 -23.013 -22.097 -33.448  -4.380  -1.110  -0.313  -0.329
  474 49000  4.50 -1.50  2.00  0.00  0.00 -23.719 -23.033 -22.117 -33.538  -4.449  -1.117  -0.312  -0.328
  475 49000  5.00 -1.50  2.00  0.00  0.00 -23.718 -23.036 -22.118 -33.538  -4.448  -1.112  -0.315  -0.331
  476 50000  5.00 -1.50  2.00  0.00  0.00 -23.743 -23.059 -22.139 -33.626  -4.514  -1.115  -0.316  -0.332