
       Teff log g  [M]  Vturb  l/H  E(B-V)   u-b    u0-b     b-y      m1      c1     c10    beta     a0      r*
    1  3500  0.00 -1.50  1.00  1.25  0.00   4.525   4.517   1.343   0.515   0.808   0.800   2.496   1.911   0.255
    2  3500  0.50 -1.50  1.00  1.25  0.00   4.313   4.304   1.227   0.489   0.878   0.869   2.473   1.756   0.310
    3  3500  1.00 -1.50  1.00  1.25  0.00   4.048   4.038   1.134   0.433   0.912   0.902   2.455   1.616   0.346
    4  3500  1.50 -1.50  1.00  1.25  0.00   3.783   3.774   1.070   0.376   0.891   0.882   2.439   1.505   0.360
    5  3500  2.00 -1.50  1.00  1.25  0.00   3.565   3.557   1.054   0.334   0.787   0.778   2.431   1.449   0.333
    6  3500  2.50 -1.50  1.00  1.25  0.00   3.396   3.388   1.058   0.309   0.660   0.652   2.432   1.423   0.287
    7  3500  3.00 -1.50  1.00  1.25  0.00   3.273   3.266   1.053   0.294   0.576   0.569   2.430   1.396   0.260
    8  3500  3.50 -1.50  1.00  1.25  0.00   3.210   3.203   1.053   0.293   0.516   0.509   2.422   1.384   0.247
    9  3500  4.00 -1.50  1.00  1.25  0.00   3.178   3.172   1.056   0.307   0.449   0.443   2.407   1.382   0.239
   10  3500  4.50 -1.50  1.00  1.25  0.00   3.139   3.134   1.063   0.323   0.364   0.359   2.385   1.382   0.231
   11  3500  5.00 -1.50  1.00  1.25  0.00   3.057   3.053   1.071   0.325   0.262   0.258   2.355   1.375   0.225
   12  3750  0.00 -1.50  1.00  1.25  0.00   4.091   4.083   1.168   0.524   0.705   0.697   2.531   1.658   0.196
   13  3750  0.50 -1.50  1.00  1.25  0.00   3.871   3.863   1.065   0.525   0.690   0.682   2.511   1.515   0.218
   14  3750  1.00 -1.50  1.00  1.25  0.00   3.635   3.627   0.987   0.503   0.653   0.645   2.488   1.395   0.234
   15  3750  1.50 -1.50  1.00  1.25  0.00   3.426   3.418   0.934   0.472   0.613   0.605   2.462   1.304   0.249
   16  3750  2.00 -1.50  1.00  1.25  0.00   3.265   3.257   0.899   0.444   0.578   0.570   2.437   1.240   0.265
   17  3750  2.50 -1.50  1.00  1.25  0.00   3.148   3.141   0.893   0.413   0.533   0.525   2.424   1.213   0.262
   18  3750  3.00 -1.50  1.00  1.25  0.00   3.064   3.058   0.919   0.370   0.485   0.478   2.428   1.224   0.240
   19  3750  3.50 -1.50  1.00  1.25  0.00   2.985   2.979   0.934   0.333   0.450   0.443   2.433   1.225   0.222
   20  3750  4.00 -1.50  1.00  1.25  0.00   2.931   2.925   0.941   0.312   0.423   0.417   2.430   1.222   0.215
   21  3750  4.50 -1.50  1.00  1.25  0.00   2.886   2.881   0.947   0.301   0.387   0.381   2.418   1.220   0.214
   22  3750  5.00 -1.50  1.00  1.25  0.00   2.818   2.813   0.954   0.293   0.320   0.316   2.400   1.215   0.209
   23  4000  0.00 -1.50  1.00  1.25  0.00   3.601   3.594   1.034   0.436   0.660   0.653   2.552   1.436   0.169
   24  4000  0.50 -1.50  1.00  1.25  0.00   3.355   3.349   0.935   0.435   0.612   0.606   2.541   1.292   0.171
   25  4000  1.00 -1.50  1.00  1.25  0.00   3.111   3.105   0.861   0.423   0.540   0.534   2.528   1.175   0.164
   26  4000  1.50 -1.50  1.00  1.25  0.00   2.910   2.905   0.810   0.410   0.467   0.461   2.512   1.087   0.158
   27  4000  2.00 -1.50  1.00  1.25  0.00   2.773   2.768   0.778   0.402   0.411   0.406   2.494   1.031   0.159
   28  4000  2.50 -1.50  1.00  1.25  0.00   2.705   2.700   0.760   0.402   0.378   0.374   2.472   1.001   0.171
   29  4000  3.00 -1.50  1.00  1.25  0.00   2.692   2.687   0.758   0.405   0.365   0.360   2.451   0.997   0.187
   30  4000  3.50 -1.50  1.00  1.25  0.00   2.693   2.688   0.784   0.379   0.366   0.361   2.446   1.023   0.190
   31  4000  4.00 -1.50  1.00  1.25  0.00   2.675   2.670   0.814   0.337   0.372   0.367   2.447   1.050   0.189
   32  4000  4.50 -1.50  1.00  1.25  0.00   2.636   2.631   0.831   0.302   0.367   0.362   2.445   1.059   0.189
   33  4000  5.00 -1.50  1.00  1.25  0.00   2.585   2.581   0.843   0.276   0.345   0.340   2.436   1.062   0.189
   34  4250  0.00 -1.50  1.00  1.25  0.00   2.966   2.960   0.835   0.348   0.597   0.592   2.558   1.123   0.156
   35  4250  0.50 -1.50  1.00  1.25  0.00   2.966   2.960   0.835   0.348   0.597   0.592   2.551   1.123   0.163
   36  4250  1.00 -1.50  1.00  1.25  0.00   2.732   2.727   0.769   0.337   0.517   0.512   2.544   1.015   0.146
   37  4250  1.50 -1.50  1.00  1.25  0.00   2.537   2.533   0.723   0.327   0.436   0.432   2.535   0.934   0.131
   38  4250  2.00 -1.50  1.00  1.25  0.00   2.399   2.395   0.691   0.323   0.369   0.365   2.525   0.877   0.119
   39  4250  2.50 -1.50  1.00  1.25  0.00   2.320   2.317   0.671   0.327   0.322   0.319   2.514   0.843   0.116
   40  4250  3.00 -1.50  1.00  1.25  0.00   2.299   2.296   0.661   0.339   0.297   0.293   2.499   0.829   0.122
   41  4250  3.50 -1.50  1.00  1.25  0.00   2.326   2.323   0.660   0.357   0.291   0.287   2.481   0.833   0.138
   42  4250  4.00 -1.50  1.00  1.25  0.00   2.368   2.365   0.679   0.351   0.305   0.302   2.469   0.859   0.154
   43  4250  4.50 -1.50  1.00  1.25  0.00   2.376   2.372   0.709   0.315   0.325   0.321   2.465   0.891   0.163
   44  4250  5.00 -1.50  1.00  1.25  0.00   2.350   2.346   0.734   0.275   0.329   0.326   2.461   0.911   0.167
   45  4500  0.00 -1.50  1.00  1.25  0.00   2.862   2.857   0.811   0.285   0.668   0.663   2.558   1.080   0.182
   46  4500  0.50 -1.50  1.00  1.25  0.00   2.642   2.637   0.744   0.276   0.601   0.596   2.554   0.974   0.168
   47  4500  1.00 -1.50  1.00  1.25  0.00   2.431   2.427   0.691   0.264   0.519   0.515   2.549   0.883   0.148
   48  4500  1.50 -1.50  1.00  1.25  0.00   2.254   2.251   0.652   0.256   0.437   0.433   2.544   0.812   0.127
   49  4500  2.00 -1.50  1.00  1.25  0.00   2.124   2.121   0.626   0.252   0.366   0.363   2.539   0.763   0.109
   50  4500  2.50 -1.50  1.00  1.25  0.00   2.042   2.039   0.608   0.256   0.313   0.310   2.532   0.730   0.099
   51  4500  3.00 -1.50  1.00  1.25  0.00   2.008   2.005   0.596   0.267   0.280   0.277   2.524   0.712   0.096
   52  4500  3.50 -1.50  1.00  1.25  0.00   2.016   2.013   0.591   0.284   0.265   0.263   2.514   0.709   0.102
   53  4500  4.00 -1.50  1.00  1.25  0.00   2.056   2.053   0.591   0.302   0.267   0.265   2.502   0.715   0.114
   54  4500  4.50 -1.50  1.00  1.25  0.00   2.098   2.095   0.605   0.303   0.281   0.278   2.490   0.737   0.130
   55  4500  5.00 -1.50  1.00  1.25  0.00   2.106   2.104   0.629   0.276   0.295   0.292   2.483   0.763   0.140
   56  4750  0.00 -1.50  1.00  1.25  0.00   2.570   2.565   0.702   0.223   0.717   0.712   2.560   0.918   0.205
   57  4750  0.50 -1.50  1.00  1.25  0.00   2.371   2.367   0.655   0.214   0.631   0.626   2.556   0.836   0.182
   58  4750  1.00 -1.50  1.00  1.25  0.00   2.184   2.181   0.617   0.205   0.539   0.535   2.552   0.764   0.157
   59  4750  1.50 -1.50  1.00  1.25  0.00   2.026   2.022   0.589   0.198   0.451   0.448   2.549   0.708   0.132
   60  4750  2.00 -1.50  1.00  1.25  0.00   1.904   1.901   0.568   0.195   0.375   0.372   2.545   0.665   0.110
   61  4750  2.50 -1.50  1.00  1.25  0.00   1.822   1.819   0.555   0.198   0.315   0.312   2.541   0.637   0.094
   62  4750  3.00 -1.50  1.00  1.25  0.00   1.781   1.778   0.546   0.207   0.273   0.271   2.537   0.621   0.085
   63  4750  3.50 -1.50  1.00  1.25  0.00   1.775   1.773   0.541   0.221   0.250   0.248   2.531   0.615   0.083
   64  4750  4.00 -1.50  1.00  1.25  0.00   1.799   1.797   0.539   0.238   0.245   0.243   2.525   0.618   0.087
   65  4750  4.50 -1.50  1.00  1.25  0.00   1.839   1.837   0.540   0.252   0.251   0.249   2.516   0.625   0.098
   66  4750  5.00 -1.50  1.00  1.25  0.00   1.867   1.865   0.551   0.250   0.262   0.260   2.508   0.641   0.109
   67  5000  0.00 -1.50  1.00  1.25  0.00   2.357   2.353   0.599   0.172   0.812   0.809   2.567   0.777   0.239
   68  5000  0.50 -1.50  1.00  1.25  0.00   2.168   2.165   0.570   0.162   0.703   0.699   2.561   0.715   0.209
   69  5000  1.00 -1.50  1.00  1.25  0.00   1.995   1.992   0.546   0.155   0.592   0.589   2.557   0.660   0.176
   70  5000  1.50 -1.50  1.00  1.25  0.00   1.847   1.844   0.527   0.150   0.490   0.487   2.554   0.614   0.145
   71  5000  2.00 -1.50  1.00  1.25  0.00   1.729   1.726   0.514   0.149   0.400   0.398   2.551   0.580   0.117
   72  5000  2.50 -1.50  1.00  1.25  0.00   1.646   1.643   0.506   0.152   0.328   0.325   2.548   0.557   0.095
   73  5000  3.00 -1.50  1.00  1.25  0.00   1.596   1.594   0.500   0.159   0.274   0.272   2.545   0.541   0.080
   74  5000  3.50 -1.50  1.00  1.25  0.00   1.579   1.577   0.498   0.171   0.240   0.238   2.541   0.537   0.072
   75  5000  4.00 -1.50  1.00  1.25  0.00   1.590   1.588   0.497   0.186   0.223   0.221   2.537   0.538   0.071
   76  5000  4.50 -1.50  1.00  1.25  0.00   1.620   1.618   0.497   0.201   0.221   0.219   2.533   0.543   0.074
   77  5000  5.00 -1.50  1.00  1.25  0.00   1.649   1.647   0.501   0.208   0.228   0.227   2.528   0.552   0.081
   78  5250  0.00 -1.50  1.00  1.25  0.00   2.231   2.229   0.507   0.136   0.942   0.939   2.579   0.663   0.279
   79  5250  0.50 -1.50  1.00  1.25  0.00   2.048   2.045   0.491   0.125   0.814   0.811   2.573   0.614   0.241
   80  5250  1.00 -1.50  1.00  1.25  0.00   1.877   1.875   0.478   0.117   0.685   0.682   2.567   0.570   0.203
   81  5250  1.50 -1.50  1.00  1.25  0.00   1.728   1.726   0.469   0.113   0.563   0.561   2.563   0.535   0.166
   82  5250  2.00 -1.50  1.00  1.25  0.00   1.606   1.604   0.462   0.112   0.455   0.453   2.559   0.505   0.132
   83  5250  2.50 -1.50  1.00  1.25  0.00   1.514   1.512   0.459   0.115   0.364   0.361   2.556   0.486   0.103
   84  5250  3.00 -1.50  1.00  1.25  0.00   1.451   1.449   0.457   0.122   0.291   0.289   2.553   0.473   0.081
   85  5250  3.50 -1.50  1.00  1.25  0.00   1.420   1.418   0.457   0.132   0.240   0.238   2.550   0.467   0.066
   86  5250  4.00 -1.50  1.00  1.25  0.00   1.417   1.415   0.458   0.145   0.209   0.207   2.547   0.468   0.058
   87  5250  4.50 -1.50  1.00  1.25  0.00   1.435   1.433   0.460   0.159   0.195   0.193   2.545   0.473   0.055
   88  5250  5.00 -1.50  1.00  1.25  0.00   1.461   1.459   0.463   0.169   0.194   0.192   2.542   0.480   0.058
   89  5500  0.00 -1.50  1.00  1.25  0.00   2.177   2.175   0.428   0.113   1.094   1.092   2.595   0.575   0.322
   90  5500  0.50 -1.50  1.00  1.25  0.00   2.001   1.999   0.420   0.103   0.952   0.950   2.589   0.534   0.279
   91  5500  1.00 -1.50  1.00  1.25  0.00   1.831   1.830   0.416   0.095   0.808   0.806   2.583   0.500   0.235
   92  5500  1.50 -1.50  1.00  1.25  0.00   1.678   1.676   0.413   0.090   0.670   0.668   2.577   0.470   0.193
   93  5500  2.00 -1.50  1.00  1.25  0.00   1.545   1.544   0.413   0.088   0.542   0.540   2.572   0.446   0.153
   94  5500  2.50 -1.50  1.00  1.25  0.00   1.437   1.435   0.414   0.089   0.429   0.428   2.568   0.427   0.118
   95  5500  3.00 -1.50  1.00  1.25  0.00   1.355   1.353   0.416   0.094   0.335   0.333   2.565   0.415   0.087
   96  5500  3.50 -1.50  1.00  1.25  0.00   1.302   1.301   0.418   0.101   0.262   0.260   2.561   0.407   0.066
   97  5500  4.00 -1.50  1.00  1.25  0.00   1.279   1.278   0.421   0.112   0.211   0.209   2.558   0.406   0.051
   98  5500  4.50 -1.50  1.00  1.25  0.00   1.282   1.280   0.425   0.124   0.181   0.179   2.556   0.410   0.042
   99  5500  5.00 -1.50  1.00  1.25  0.00   1.299   1.297   0.429   0.135   0.168   0.166   2.554   0.417   0.039
  100  5750  0.00 -1.50  1.00  1.25  0.00   2.171   2.169   0.357   0.098   1.259   1.257   2.614   0.502   0.366
  101  5750  0.50 -1.50  1.00  1.25  0.00   2.006   2.005   0.357   0.091   1.109   1.107   2.609   0.473   0.318
  102  5750  1.00 -1.50  1.00  1.25  0.00   1.840   1.839   0.359   0.084   0.953   0.952   2.603   0.445   0.270
  103  5750  1.50 -1.50  1.00  1.25  0.00   1.683   1.682   0.362   0.079   0.800   0.799   2.597   0.420   0.222
  104  5750  2.00 -1.50  1.00  1.25  0.00   1.540   1.539   0.366   0.076   0.655   0.653   2.591   0.398   0.177
  105  5750  2.50 -1.50  1.00  1.25  0.00   1.416   1.415   0.371   0.075   0.522   0.521   2.586   0.381   0.135
  106  5750  3.00 -1.50  1.00  1.25  0.00   1.313   1.312   0.376   0.077   0.405   0.404   2.581   0.367   0.099
  107  5750  3.50 -1.50  1.00  1.25  0.00   1.234   1.233   0.380   0.082   0.308   0.307   2.577   0.357   0.069
  108  5750  4.00 -1.50  1.00  1.25  0.00   1.184   1.183   0.385   0.089   0.234   0.233   2.573   0.353   0.047
  109  5750  4.50 -1.50  1.00  1.25  0.00   1.164   1.163   0.391   0.099   0.184   0.183   2.570   0.356   0.032
  110  5750  5.00 -1.50  1.00  1.25  0.00   1.166   1.165   0.396   0.108   0.155   0.153   2.567   0.360   0.024
  111  6000  0.00 -1.50  1.00  1.25  0.00   2.193   2.192   0.292   0.085   1.436   1.435   2.634   0.441   0.413
  112  6000  0.50 -1.50  1.00  1.25  0.00   2.043   2.042   0.300   0.083   1.275   1.274   2.631   0.422   0.359
  113  6000  1.00 -1.50  1.00  1.25  0.00   1.884   1.883   0.307   0.079   1.111   1.110   2.627   0.401   0.305
  114  6000  1.50 -1.50  1.00  1.25  0.00   1.726   1.725   0.314   0.075   0.945   0.944   2.621   0.379   0.252
  115  6000  2.00 -1.50  1.00  1.25  0.00   1.576   1.575   0.322   0.073   0.785   0.784   2.615   0.361   0.202
  116  6000  2.50 -1.50  1.00  1.25  0.00   1.438   1.437   0.330   0.071   0.634   0.633   2.609   0.344   0.154
  117  6000  3.00 -1.50  1.00  1.25  0.00   1.317   1.316   0.338   0.071   0.498   0.497   2.602   0.330   0.113
  118  6000  3.50 -1.50  1.00  1.25  0.00   1.215   1.214   0.345   0.073   0.378   0.377   2.597   0.319   0.076
  119  6000  4.00 -1.50  1.00  1.25  0.00   1.137   1.136   0.351   0.076   0.279   0.278   2.592   0.310   0.046
  120  6000  4.50 -1.50  1.00  1.25  0.00   1.088   1.087   0.358   0.083   0.206   0.205   2.587   0.309   0.025
  121  6000  5.00 -1.50  1.00  1.25  0.00   1.068   1.067   0.364   0.090   0.157   0.156   2.584   0.311   0.010
  122  6250  0.50 -1.50  1.00  1.25  0.00   2.095   2.095   0.245   0.077   1.448   1.447   2.654   0.377   0.400
  123  6250  1.00 -1.50  1.00  1.25  0.00   1.945   1.945   0.258   0.078   1.272   1.271   2.652   0.363   0.340
  124  6250  1.50 -1.50  1.00  1.25  0.00   1.790   1.789   0.269   0.076   1.097   1.097   2.648   0.346   0.282
  125  6250  2.00 -1.50  1.00  1.25  0.00   1.636   1.635   0.280   0.075   0.925   0.924   2.643   0.329   0.226
  126  6250  2.50 -1.50  1.00  1.25  0.00   1.489   1.488   0.290   0.073   0.759   0.758   2.636   0.312   0.174
  127  6250  3.00 -1.50  1.00  1.25  0.00   1.353   1.352   0.301   0.072   0.605   0.604   2.629   0.299   0.126
  128  6250  3.50 -1.50  1.00  1.25  0.00   1.232   1.231   0.310   0.072   0.465   0.464   2.622   0.286   0.084
  129  6250  4.00 -1.50  1.00  1.25  0.00   1.130   1.129   0.319   0.073   0.344   0.343   2.615   0.277   0.048
  130  6250  4.50 -1.50  1.00  1.25  0.00   1.053   1.052   0.326   0.076   0.246   0.245   2.610   0.270   0.018
  131  6250  5.00 -1.50  1.00  1.25  0.00   1.007   1.006   0.334   0.081   0.176   0.175   2.604   0.270  -0.001
  132  6500  0.50 -1.50  1.00  1.25  0.00   2.151   2.151   0.189   0.069   1.633   1.633   2.678   0.331   0.445
  133  6500  1.00 -1.50  1.00  1.25  0.00   2.012   2.012   0.209   0.077   1.437   1.437   2.678   0.326   0.375
  134  6500  1.50 -1.50  1.00  1.25  0.00   1.862   1.862   0.225   0.080   1.250   1.249   2.677   0.315   0.309
  135  6500  2.00 -1.50  1.00  1.25  0.00   1.708   1.708   0.239   0.080   1.068   1.068   2.673   0.301   0.249
  136  6500  2.50 -1.50  1.00  1.25  0.00   1.556   1.555   0.252   0.079   0.890   0.890   2.667   0.287   0.192
  137  6500  3.00 -1.50  1.00  1.25  0.00   1.409   1.408   0.265   0.078   0.720   0.719   2.659   0.273   0.139
  138  6500  3.50 -1.50  1.00  1.25  0.00   1.273   1.272   0.277   0.077   0.563   0.562   2.651   0.261   0.091
  139  6500  4.00 -1.50  1.00  1.25  0.00   1.152   1.151   0.287   0.077   0.422   0.422   2.643   0.249   0.050
  140  6500  4.50 -1.50  1.00  1.25  0.00   1.052   1.051   0.297   0.077   0.302   0.302   2.636   0.241   0.014
  141  6500  5.00 -1.50  1.00  1.25  0.00   0.979   0.978   0.305   0.079   0.209   0.208   2.629   0.236  -0.013
  142  6750  0.50 -1.50  1.00  1.25  0.00   2.187   2.187   0.145   0.069   1.758   1.758   2.694   0.294   0.476
  143  6750  1.00 -1.50  1.00  1.25  0.00   2.077   2.076   0.158   0.073   1.611   1.611   2.705   0.286   0.413
  144  6750  1.50 -1.50  1.00  1.25  0.00   1.934   1.934   0.182   0.082   1.404   1.404   2.706   0.285   0.338
  145  6750  2.00 -1.50  1.00  1.25  0.00   1.784   1.783   0.200   0.086   1.209   1.208   2.704   0.276   0.270
  146  6750  2.50 -1.50  1.00  1.25  0.00   1.630   1.629   0.216   0.087   1.022   1.021   2.700   0.264   0.207
  147  6750  3.00 -1.50  1.00  1.25  0.00   1.477   1.476   0.231   0.087   0.840   0.840   2.693   0.252   0.150
  148  6750  3.50 -1.50  1.00  1.25  0.00   1.330   1.330   0.244   0.086   0.667   0.667   2.684   0.238   0.097
  149  6750  4.00 -1.50  1.00  1.25  0.00   1.194   1.194   0.257   0.084   0.510   0.509   2.675   0.227   0.050
  150  6750  4.50 -1.50  1.00  1.25  0.00   1.074   1.073   0.268   0.083   0.370   0.369   2.666   0.216   0.009
  151  6750  5.00 -1.50  1.00  1.25  0.00   0.977   0.977   0.278   0.082   0.255   0.254   2.658   0.209  -0.024
  152  7000  0.50 -1.50  1.00  1.25  0.00   2.189   2.189   0.114   0.071   1.817   1.817   2.697   0.263   0.496
  153  7000  1.00 -1.50  1.00  1.25  0.00   2.114   2.114   0.119   0.075   1.724   1.724   2.722   0.254   0.438
  154  7000  1.50 -1.50  1.00  1.25  0.00   1.998   1.998   0.135   0.082   1.562   1.562   2.734   0.249   0.368
  155  7000  2.00 -1.50  1.00  1.25  0.00   1.854   1.854   0.160   0.092   1.348   1.348   2.735   0.249   0.291
  156  7000  2.50 -1.50  1.00  1.25  0.00   1.703   1.703   0.180   0.096   1.148   1.148   2.733   0.241   0.221
  157  7000  3.00 -1.50  1.00  1.25  0.00   1.549   1.549   0.197   0.097   0.957   0.957   2.728   0.230   0.158
  158  7000  3.50 -1.50  1.00  1.25  0.00   1.396   1.396   0.213   0.096   0.775   0.774   2.720   0.219   0.101
  159  7000  4.00 -1.50  1.00  1.25  0.00   1.249   1.249   0.227   0.095   0.602   0.602   2.710   0.206   0.050
  160  7000  4.50 -1.50  1.00  1.25  0.00   1.114   1.113   0.240   0.093   0.445   0.445   2.699   0.195   0.005
  161  7000  5.00 -1.50  1.00  1.25  0.00   0.998   0.997   0.251   0.091   0.311   0.311   2.690   0.185  -0.034
  162  7250  0.50 -1.50  1.00  1.25  0.00   2.145   2.145   0.096   0.074   1.802   1.803   2.687   0.237   0.502
  163  7250  1.00 -1.50  1.00  1.25  0.00   2.117   2.117   0.092   0.076   1.778   1.778   2.727   0.228   0.454
  164  7250  1.50 -1.50  1.00  1.25  0.00   2.032   2.032   0.100   0.085   1.661   1.661   2.752   0.221   0.387
  165  7250  2.00 -1.50  1.00  1.25  0.00   1.913   1.913   0.117   0.094   1.487   1.487   2.764   0.216   0.313
  166  7250  2.50 -1.50  1.00  1.25  0.00   1.769   1.769   0.144   0.104   1.271   1.271   2.766   0.217   0.234
  167  7250  3.00 -1.50  1.00  1.25  0.00   1.618   1.618   0.164   0.108   1.070   1.070   2.764   0.210   0.164
  168  7250  3.50 -1.50  1.00  1.25  0.00   1.464   1.464   0.182   0.110   0.878   0.878   2.757   0.200   0.103
  169  7250  4.00 -1.50  1.00  1.25  0.00   1.311   1.311   0.198   0.108   0.695   0.695   2.747   0.188   0.047
  170  7250  4.50 -1.50  1.00  1.25  0.00   1.164   1.164   0.213   0.106   0.525   0.524   2.736   0.177  -0.003
  171  7250  5.00 -1.50  1.00  1.25  0.00   1.033   1.033   0.226   0.103   0.374   0.373   2.725   0.167  -0.045
  172  7500  0.50 -1.50  1.00  1.25  0.00   2.017   2.018   0.103   0.077   1.657   1.657   2.655   0.221   0.483
  173  7500  1.00 -1.50  1.00  1.25  0.00   2.079   2.080   0.074   0.077   1.776   1.776   2.719   0.203   0.462
  174  7500  1.50 -1.50  1.00  1.25  0.00   2.032   2.032   0.075   0.086   1.707   1.707   2.758   0.195   0.399
  175  7500  2.00 -1.50  1.00  1.25  0.00   1.941   1.941   0.085   0.097   1.574   1.574   2.784   0.189   0.326
  176  7500  2.50 -1.50  1.00  1.25  0.00   1.821   1.821   0.104   0.109   1.393   1.393   2.796   0.187   0.249
  177  7500  3.00 -1.50  1.00  1.25  0.00   1.678   1.678   0.131   0.119   1.177   1.177   2.797   0.188   0.171
  178  7500  3.50 -1.50  1.00  1.25  0.00   1.527   1.527   0.152   0.122   0.977   0.976   2.794   0.182   0.102
  179  7500  4.00 -1.50  1.00  1.25  0.00   1.373   1.373   0.170   0.122   0.786   0.785   2.785   0.172   0.043
  180  7500  4.50 -1.50  1.00  1.25  0.00   1.221   1.220   0.187   0.120   0.604   0.604   2.774   0.161  -0.011
  181  7500  5.00 -1.50  1.00  1.25  0.00   1.078   1.078   0.201   0.117   0.440   0.439   2.761   0.150  -0.056
  182  7750  1.00 -1.50  1.00  1.25  0.00   1.991   1.991   0.066   0.077   1.702   1.703   2.696   0.179   0.460
  183  7750  1.50 -1.50  1.00  1.25  0.00   1.996   1.996   0.058   0.085   1.708   1.708   2.751   0.172   0.408
  184  7750  2.00 -1.50  1.00  1.25  0.00   1.937   1.937   0.063   0.098   1.612   1.613   2.790   0.167   0.335
  185  7750  2.50 -1.50  1.00  1.25  0.00   1.844   1.844   0.074   0.113   1.467   1.467   2.816   0.161   0.257
  186  7750  3.00 -1.50  1.00  1.25  0.00   1.723   1.723   0.095   0.126   1.279   1.279   2.827   0.160   0.179
  187  7750  3.50 -1.50  1.00  1.25  0.00   1.581   1.581   0.122   0.134   1.067   1.067   2.828   0.161   0.102
  188  7750  4.00 -1.50  1.00  1.25  0.00   1.431   1.431   0.143   0.137   0.870   0.870   2.822   0.156   0.037
  189  7750  4.50 -1.50  1.00  1.25  0.00   1.277   1.277   0.161   0.136   0.681   0.681   2.812   0.146  -0.020
  190  7750  5.00 -1.50  1.00  1.25  0.00   1.128   1.128   0.177   0.133   0.505   0.505   2.799   0.135  -0.070
  191  8000  1.00 -1.50  1.00  1.25  0.00   1.845   1.846   0.074   0.074   1.549   1.549   2.660   0.161   0.442
  192  8000  1.50 -1.50  1.00  1.25  0.00   1.922   1.923   0.047   0.083   1.659   1.660   2.732   0.148   0.411
  193  8000  2.00 -1.50  1.00  1.25  0.00   1.900   1.901   0.046   0.097   1.612   1.612   2.785   0.143   0.341
  194  8000  2.50 -1.50  1.00  1.25  0.00   1.835   1.835   0.054   0.113   1.499   1.499   2.823   0.139   0.263
  195  8000  3.00 -1.50  1.00  1.25  0.00   1.741   1.741   0.066   0.131   1.345   1.345   2.847   0.134   0.184
  196  8000  3.50 -1.50  1.00  1.25  0.00   1.621   1.621   0.089   0.144   1.152   1.152   2.857   0.135   0.105
  197  8000  4.00 -1.50  1.00  1.25  0.00   1.479   1.479   0.115   0.151   0.945   0.945   2.856   0.136   0.032
  198  8000  4.50 -1.50  1.00  1.25  0.00   1.329   1.329   0.136   0.152   0.752   0.751   2.849   0.130  -0.031
  199  8000  5.00 -1.50  1.00  1.25  0.00   1.178   1.178   0.154   0.150   0.569   0.569   2.837   0.121  -0.084
  200  8250  1.50 -1.50  1.00  1.25  0.00   1.819   1.819   0.044   0.080   1.569   1.570   2.705   0.126   0.406
  201  8250  2.00 -1.50  1.00  1.25  0.00   1.838   1.838   0.035   0.093   1.579   1.579   2.769   0.121   0.346
  202  8250  2.50 -1.50  1.00  1.25  0.00   1.801   1.801   0.038   0.111   1.500   1.501   2.820   0.117   0.268
  203  8250  3.00 -1.50  1.00  1.25  0.00   1.732   1.732   0.047   0.131   1.373   1.373   2.856   0.113   0.186
  204  8250  3.50 -1.50  1.00  1.25  0.00   1.636   1.636   0.061   0.151   1.211   1.211   2.877   0.111   0.108
  205  8250  4.00 -1.50  1.00  1.25  0.00   1.514   1.514   0.086   0.163   1.014   1.014   2.884   0.113   0.030
  206  8250  4.50 -1.50  1.00  1.25  0.00   1.373   1.373   0.111   0.167   0.815   0.815   2.882   0.113  -0.040
  207  8250  5.00 -1.50  1.00  1.25  0.00   1.225   1.225   0.131   0.167   0.628   0.627   2.873   0.106  -0.098
  208  8500  1.50 -1.50  1.00  1.25  0.00   1.691   1.692   0.047   0.075   1.446   1.447   2.674   0.107   0.394
  209  8500  2.00 -1.50  1.00  1.25  0.00   1.752   1.753   0.029   0.089   1.513   1.514   2.746   0.099   0.347
  210  8500  2.50 -1.50  1.00  1.25  0.00   1.747   1.747   0.027   0.108   1.475   1.476   2.808   0.096   0.272
  211  8500  3.00 -1.50  1.00  1.25  0.00   1.701   1.701   0.033   0.129   1.375   1.375   2.855   0.094   0.189
  212  8500  3.50 -1.50  1.00  1.25  0.00   1.628   1.628   0.043   0.151   1.237   1.237   2.888   0.091   0.107
  213  8500  4.00 -1.50  1.00  1.25  0.00   1.530   1.530   0.059   0.172   1.067   1.067   2.904   0.089   0.030
  214  8500  4.50 -1.50  1.00  1.25  0.00   1.405   1.405   0.085   0.181   0.870   0.870   2.909   0.093  -0.045
  215  8500  5.00 -1.50  1.00  1.25  0.00   1.265   1.264   0.109   0.183   0.679   0.679   2.905   0.092  -0.110
  216  8750  2.00 -1.50  1.00  1.25  0.00   1.654   1.654   0.026   0.085   1.430   1.431   2.720   0.079   0.344
  217  8750  2.50 -1.50  1.00  1.25  0.00   1.673   1.673   0.020   0.102   1.426   1.427   2.788   0.076   0.275
  218  8750  3.00 -1.50  1.00  1.25  0.00   1.650   1.650   0.022   0.123   1.357   1.357   2.845   0.074   0.193
  219  8750  3.50 -1.50  1.00  1.25  0.00   1.599   1.599   0.030   0.148   1.242   1.242   2.889   0.073   0.109
  220  8750  4.00 -1.50  1.00  1.25  0.00   1.523   1.523   0.041   0.173   1.093   1.093   2.916   0.070   0.029
  221  8750  4.50 -1.50  1.00  1.25  0.00   1.421   1.421   0.060   0.193   0.913   0.913   2.928   0.071  -0.048
  222  8750  5.00 -1.50  1.00  1.25  0.00   1.294   1.294   0.087   0.198   0.722   0.722   2.931   0.075  -0.119
  223  9000  2.00 -1.50  1.00  0.00  0.00   1.550   1.550   0.025   0.080   1.337   1.337   2.696   0.059   0.335
  224  9000  2.50 -1.50  1.00  0.00  0.00   1.591   1.591   0.015   0.097   1.365   1.365   2.765   0.056   0.277
  225  9000  3.00 -1.50  1.00  0.00  0.00   1.589   1.589   0.014   0.118   1.322   1.322   2.830   0.055   0.197
  226  9000  3.50 -1.50  1.00  0.00  0.00   1.557   1.557   0.019   0.144   1.230   1.230   2.883   0.054   0.111
  227  9000  4.00 -1.50  1.00  0.00  0.00   1.500   1.500   0.027   0.172   1.099   1.099   2.921   0.052   0.027
  228  9000  4.50 -1.50  1.00  0.00  0.00   1.420   1.420   0.040   0.199   0.939   0.939   2.941   0.050  -0.050
  229  9000  5.00 -1.50  1.00  0.00  0.00   1.319   1.319   0.056   0.221   0.764   0.764   2.946   0.048  -0.118
  230  9250  2.00 -1.50  1.00  0.00  0.00   1.449   1.450   0.024   0.077   1.245   1.245   2.675   0.040   0.324
  231  9250  2.50 -1.50  1.00  0.00  0.00   1.506   1.506   0.012   0.093   1.295   1.295   2.742   0.038   0.275
  232  9250  3.00 -1.50  1.00  0.00  0.00   1.519   1.520   0.008   0.113   1.275   1.275   2.810   0.036   0.201
  233  9250  3.50 -1.50  1.00  0.00  0.00   1.504   1.504   0.010   0.139   1.204   1.204   2.871   0.036   0.115
  234  9250  4.00 -1.50  1.00  0.00  0.00   1.464   1.464   0.017   0.167   1.094   1.094   2.918   0.035   0.029
  235  9250  4.50 -1.50  1.00  0.00  0.00   1.401   1.401   0.027   0.197   0.951   0.951   2.947   0.034  -0.051
  236  9250  5.00 -1.50  1.00  0.00  0.00   1.316   1.316   0.041   0.224   0.784   0.784   2.960   0.033  -0.123
  237  9500  2.00 -1.50  1.00  0.00  0.00   1.356   1.357   0.023   0.075   1.160   1.160   2.659   0.022   0.310
  238  9500  2.50 -1.50  1.00  0.00  0.00   1.423   1.424   0.009   0.089   1.225   1.226   2.723   0.020   0.270
  239  9500  3.00 -1.50  1.00  0.00  0.00   1.447   1.448   0.004   0.108   1.222   1.223   2.789   0.020   0.204
  240  9500  3.50 -1.50  1.00  0.00  0.00   1.445   1.445   0.004   0.132   1.171   1.171   2.854   0.019   0.121
  241  9500  4.00 -1.50  1.00  0.00  0.00   1.420   1.420   0.008   0.161   1.079   1.079   2.909   0.018   0.033
  242  9500  4.50 -1.50  1.00  0.00  0.00   1.372   1.372   0.016   0.193   0.951   0.951   2.948   0.018  -0.051
  243  9500  5.00 -1.50  1.00  0.00  0.00   1.302   1.302   0.029   0.225   0.793   0.793   2.968   0.018  -0.127
  244  9750  2.00 -1.50  1.00  0.00  0.00   1.272   1.273   0.021   0.073   1.082   1.083   2.646   0.005   0.297
  245  9750  2.50 -1.50  1.00  0.00  0.00   1.346   1.347   0.006   0.086   1.159   1.159   2.706   0.003   0.264
  246  9750  3.00 -1.50  1.00  0.00  0.00   1.378   1.378   0.000   0.104   1.168   1.169   2.771   0.003   0.203
  247  9750  3.50 -1.50  1.00  0.00  0.00   1.384   1.384  -0.001   0.126   1.132   1.132   2.837   0.003   0.124
  248  9750  4.00 -1.50  1.00  0.00  0.00   1.369   1.370   0.001   0.155   1.055   1.056   2.897   0.002   0.038
  249  9750  4.50 -1.50  1.00  0.00  0.00   1.335   1.336   0.008   0.188   0.942   0.942   2.943   0.003  -0.049
  250  9750  5.00 -1.50  1.00  0.00  0.00   1.280   1.280   0.018   0.222   0.796   0.797   2.971   0.003  -0.128
  251 10000  2.00 -1.50  1.00  0.00  0.00   1.194   1.195   0.019   0.071   1.011   1.011   2.636  -0.011   0.282
  252 10000  2.50 -1.50  1.00  0.00  0.00   1.274   1.275   0.004   0.084   1.096   1.096   2.693  -0.012   0.255
  253 10000  3.00 -1.50  1.00  0.00  0.00   1.312   1.313  -0.003   0.100   1.115   1.116   2.754  -0.012   0.202
  254 10000  3.50 -1.50  1.00  0.00  0.00   1.324   1.325  -0.006   0.122   1.090   1.091   2.819  -0.013   0.128
  255 10000  4.00 -1.50  1.00  0.00  0.00   1.318   1.318  -0.004   0.149   1.026   1.027   2.882  -0.012   0.043
  256 10000  4.50 -1.50  1.00  0.00  0.00   1.294   1.294   0.000   0.182   0.927   0.927   2.934  -0.012  -0.045
  257 10000  5.00 -1.50  1.00  0.00  0.00   1.250   1.250   0.009   0.218   0.794   0.794   2.969  -0.011  -0.127
  258 10500  2.00 -1.50  1.00  0.00  0.00   1.056   1.057   0.015   0.070   0.885   0.886   2.620  -0.040   0.254
  259 10500  2.50 -1.50  1.00  0.00  0.00   1.145   1.145  -0.001   0.081   0.981   0.982   2.672  -0.040   0.237
  260 10500  3.00 -1.50  1.00  0.00  0.00   1.191   1.192  -0.009   0.096   1.015   1.015   2.728  -0.040   0.193
  261 10500  3.50 -1.50  1.00  0.00  0.00   1.212   1.213  -0.013   0.114   1.007   1.007   2.789  -0.040   0.129
  262 10500  4.00 -1.50  1.00  0.00  0.00   1.216   1.217  -0.013   0.139   0.963   0.964   2.852  -0.039   0.051
  263 10500  4.50 -1.50  1.00  0.00  0.00   1.205   1.206  -0.011   0.169   0.887   0.887   2.911  -0.039  -0.035
  264 10500  5.00 -1.50  1.00  0.00  0.00   1.179   1.179  -0.005   0.205   0.777   0.777   2.957  -0.038  -0.120
  265 11000  2.50 -1.50  1.00  0.00  0.00   1.030   1.031  -0.005   0.079   0.881   0.881   2.656  -0.065   0.218
  266 11000  3.00 -1.50  1.00  0.00  0.00   1.082   1.083  -0.014   0.093   0.922   0.923   2.708  -0.064   0.181
  267 11000  3.50 -1.50  1.00  0.00  0.00   1.109   1.110  -0.018   0.109   0.925   0.926   2.765  -0.063   0.125
  268 11000  4.00 -1.50  1.00  0.00  0.00   1.121   1.121  -0.020   0.131   0.897   0.897   2.825  -0.063   0.055
  269 11000  4.50 -1.50  1.00  0.00  0.00   1.118   1.119  -0.019   0.159   0.838   0.838   2.885  -0.063  -0.025
  270 11000  5.00 -1.50  1.00  0.00  0.00   1.103   1.103  -0.016   0.193   0.746   0.747   2.937  -0.063  -0.109
  271 11500  2.50 -1.50  1.00  0.00  0.00   0.929   0.930  -0.010   0.078   0.792   0.793   2.644  -0.088   0.199
  272 11500  3.00 -1.50  1.00  0.00  0.00   0.984   0.985  -0.019   0.090   0.839   0.840   2.692  -0.087   0.168
  273 11500  3.50 -1.50  1.00  0.00  0.00   1.015   1.016  -0.023   0.106   0.848   0.849   2.745  -0.085   0.119
  274 11500  4.00 -1.50  1.00  0.00  0.00   1.031   1.032  -0.026   0.126   0.829   0.830   2.802  -0.085   0.055
  275 11500  4.50 -1.50  1.00  0.00  0.00   1.035   1.035  -0.026   0.151   0.783   0.784   2.861  -0.085  -0.020
  276 11500  5.00 -1.50  1.00  0.00  0.00   1.027   1.028  -0.024   0.182   0.709   0.709   2.916  -0.084  -0.101
  277 12000  2.50 -1.50  1.00  0.00  0.00   0.840   0.841  -0.015   0.076   0.715   0.716   2.633  -0.109   0.184
  278 12000  3.00 -1.50  1.00  0.00  0.00   0.896   0.897  -0.024   0.088   0.765   0.765   2.679  -0.108   0.155
  279 12000  3.50 -1.50  1.00  0.00  0.00   0.929   0.930  -0.028   0.103   0.778   0.778   2.729  -0.106   0.110
  280 12000  4.00 -1.50  1.00  0.00  0.00   0.948   0.949  -0.031   0.121   0.765   0.765   2.783  -0.106   0.052
  281 12000  4.50 -1.50  1.00  0.00  0.00   0.956   0.956  -0.031   0.144   0.728   0.728   2.839  -0.104  -0.017
  282 12000  5.00 -1.50  1.00  0.00  0.00   0.954   0.954  -0.030   0.173   0.666   0.666   2.894  -0.103  -0.094
  283 12500  2.50 -1.50  1.00  0.00  0.00   0.761   0.761  -0.020   0.075   0.647   0.648   2.624  -0.128   0.169
  284 12500  3.00 -1.50  1.00  0.00  0.00   0.818   0.818  -0.028   0.087   0.698   0.699   2.668  -0.126   0.144
  285 12500  3.50 -1.50  1.00  0.00  0.00   0.852   0.852  -0.033   0.101   0.714   0.714   2.716  -0.125   0.101
  286 12500  4.00 -1.50  1.00  0.00  0.00   0.872   0.872  -0.035   0.118   0.704   0.705   2.766  -0.123   0.048
  287 12500  4.50 -1.50  1.00  0.00  0.00   0.882   0.882  -0.036   0.140   0.673   0.674   2.820  -0.122  -0.017
  288 12500  5.00 -1.50  1.00  0.00  0.00   0.883   0.884  -0.036   0.166   0.620   0.621   2.873  -0.122  -0.088
  289 13000  2.50 -1.50  1.00  0.00  0.00   0.689   0.690  -0.024   0.074   0.586   0.587   2.615  -0.145   0.157
  290 13000  3.00 -1.50  1.00  0.00  0.00   0.747   0.748  -0.033   0.086   0.639   0.640   2.658  -0.144   0.133
  291 13000  3.50 -1.50  1.00  0.00  0.00   0.781   0.782  -0.037   0.099   0.656   0.657   2.704  -0.141   0.094
  292 13000  4.00 -1.50  1.00  0.00  0.00   0.802   0.803  -0.040   0.115   0.649   0.649   2.752  -0.141   0.043
  293 13000  4.50 -1.50  1.00  0.00  0.00   0.813   0.814  -0.041   0.136   0.621   0.622   2.803  -0.140  -0.017
  294 13000  5.00 -1.50  1.00  0.00  0.00   0.817   0.817  -0.041   0.161   0.575   0.576   2.855  -0.139  -0.086
  295 14000  2.00 -1.50  1.00  0.00  0.00   0.448   0.449  -0.013   0.062   0.348   0.349   2.558  -0.177   0.130
  296 14000  2.50 -1.50  1.00  0.00  0.00   0.565   0.566  -0.032   0.073   0.482   0.483   2.601  -0.175   0.135
  297 14000  3.00 -1.50  1.00  0.00  0.00   0.625   0.626  -0.041   0.083   0.539   0.540   2.642  -0.173   0.115
  298 14000  3.50 -1.50  1.00  0.00  0.00   0.660   0.660  -0.046   0.096   0.558   0.559   2.684  -0.172   0.080
  299 14000  4.00 -1.50  1.00  0.00  0.00   0.680   0.681  -0.048   0.111   0.553   0.554   2.729  -0.170   0.033
  300 14000  4.50 -1.50  1.00  0.00  0.00   0.692   0.692  -0.049   0.130   0.529   0.530   2.775  -0.169  -0.021
  301 14000  5.00 -1.50  1.00  0.00  0.00   0.697   0.698  -0.050   0.153   0.490   0.490   2.823  -0.170  -0.083
  302 15000  2.50 -1.50  1.00  0.00  0.00   0.457   0.458  -0.040   0.071   0.392   0.393   2.588  -0.203   0.117
  303 15000  3.00 -1.50  1.00  0.00  0.00   0.522   0.522  -0.049   0.081   0.455   0.456   2.627  -0.200   0.101
  304 15000  3.50 -1.50  1.00  0.00  0.00   0.557   0.558  -0.054   0.093   0.477   0.477   2.668  -0.199   0.068
  305 15000  4.00 -1.50  1.00  0.00  0.00   0.578   0.579  -0.056   0.107   0.473   0.474   2.710  -0.197   0.025
  306 15000  4.50 -1.50  1.00  0.00  0.00   0.589   0.590  -0.057   0.125   0.452   0.453   2.753  -0.196  -0.025
  307 15000  5.00 -1.50  1.00  0.00  0.00   0.595   0.595  -0.058   0.146   0.416   0.416   2.798  -0.196  -0.083
  308 16000  2.50 -1.50  1.00  0.00  0.00   0.360   0.361  -0.046   0.069   0.312   0.313   2.576  -0.226   0.102
  309 16000  3.00 -1.50  1.00  0.00  0.00   0.430   0.431  -0.056   0.079   0.382   0.383   2.615  -0.224   0.088
  310 16000  3.50 -1.50  1.00  0.00  0.00   0.469   0.469  -0.061   0.091   0.407   0.408   2.653  -0.222   0.059
  311 16000  4.00 -1.50  1.00  0.00  0.00   0.490   0.491  -0.063   0.104   0.406   0.407   2.693  -0.220   0.019
  312 16000  4.50 -1.50  1.00  0.00  0.00   0.501   0.502  -0.064   0.120   0.387   0.388   2.735  -0.219  -0.030
  313 16000  5.00 -1.50  1.00  0.00  0.00   0.507   0.507  -0.065   0.140   0.353   0.354   2.777  -0.219  -0.084
  314 17000  2.50 -1.50  1.00  0.00  0.00   0.272   0.273  -0.051   0.067   0.238   0.239   2.566  -0.247   0.086
  315 17000  3.00 -1.50  1.00  0.00  0.00   0.348   0.349  -0.062   0.077   0.316   0.317   2.604  -0.244   0.076
  316 17000  3.50 -1.50  1.00  0.00  0.00   0.389   0.390  -0.067   0.088   0.346   0.347   2.641  -0.242   0.050
  317 17000  4.00 -1.50  1.00  0.00  0.00   0.412   0.413  -0.070   0.101   0.348   0.349   2.679  -0.241   0.013
  318 17000  4.50 -1.50  1.00  0.00  0.00   0.424   0.425  -0.071   0.116   0.331   0.332   2.719  -0.240  -0.033
  319 17000  5.00 -1.50  1.00  0.00  0.00   0.430   0.431  -0.071   0.136   0.300   0.301   2.759  -0.238  -0.084
  320 18000  2.50 -1.50  1.00  0.00  0.00   0.191   0.192  -0.056   0.065   0.170   0.171   2.556  -0.267   0.073
  321 18000  3.00 -1.50  1.00  0.00  0.00   0.273   0.274  -0.068   0.075   0.256   0.258   2.593  -0.264   0.067
  322 18000  3.50 -1.50  1.00  0.00  0.00   0.317   0.318  -0.073   0.086   0.290   0.291   2.629  -0.261   0.043
  323 18000  4.00 -1.50  1.00  0.00  0.00   0.342   0.343  -0.076   0.098   0.296   0.297   2.666  -0.259   0.008
  324 18000  4.50 -1.50  1.00  0.00  0.00   0.356   0.357  -0.077   0.113   0.282   0.283   2.705  -0.258  -0.036
  325 18000  5.00 -1.50  1.00  0.00  0.00   0.362   0.363  -0.078   0.131   0.253   0.254   2.743  -0.258  -0.084
  326 19000  2.50 -1.50  1.00  0.00  0.00   0.117   0.118  -0.060   0.063   0.108   0.109   2.547  -0.284   0.060
  327 19000  3.00 -1.50  1.00  0.00  0.00   0.205   0.206  -0.073   0.073   0.203   0.204   2.584  -0.281   0.058
  328 19000  3.50 -1.50  1.00  0.00  0.00   0.252   0.253  -0.079   0.084   0.240   0.241   2.618  -0.279   0.037
  329 19000  4.00 -1.50  1.00  0.00  0.00   0.278   0.279  -0.081   0.096   0.248   0.249   2.654  -0.276   0.004
  330 19000  4.50 -1.50  1.00  0.00  0.00   0.293   0.294  -0.083   0.110   0.237   0.238   2.692  -0.275  -0.038
  331 19000  5.00 -1.50  1.00  0.00  0.00   0.301   0.302  -0.083   0.127   0.211   0.212   2.729  -0.274  -0.084
  332 20000  3.00 -1.50  1.00  0.00  0.00   0.144   0.145  -0.078   0.072   0.154   0.156   2.575  -0.297   0.050
  333 20000  3.50 -1.50  1.00  0.00  0.00   0.192   0.193  -0.084   0.082   0.194   0.195   2.609  -0.294   0.030
  334 20000  4.00 -1.50  1.00  0.00  0.00   0.220   0.221  -0.086   0.093   0.205   0.206   2.643  -0.291   0.000
  335 20000  4.50 -1.50  1.00  0.00  0.00   0.236   0.237  -0.088   0.106   0.197   0.198   2.679  -0.291  -0.039
  336 20000  5.00 -1.50  1.00  0.00  0.00   0.245   0.246  -0.088   0.123   0.174   0.175   2.716  -0.289  -0.084
  337 21000  3.00 -1.50  1.00  0.00  0.00   0.088   0.089  -0.082   0.070   0.111   0.112   2.568  -0.311   0.042
  338 21000  3.50 -1.50  1.00  0.00  0.00   0.138   0.140  -0.088   0.079   0.154   0.155   2.600  -0.308   0.025
  339 21000  4.00 -1.50  1.00  0.00  0.00   0.167   0.168  -0.091   0.090   0.166   0.167   2.633  -0.306  -0.003
  340 21000  4.50 -1.50  1.00  0.00  0.00   0.184   0.185  -0.093   0.103   0.160   0.161   2.668  -0.305  -0.040
  341 21000  5.00 -1.50  1.00  0.00  0.00   0.193   0.194  -0.093   0.119   0.139   0.140   2.704  -0.303  -0.083
  342 22000  3.00 -1.50  1.00  0.00  0.00   0.037   0.038  -0.086   0.068   0.071   0.072   2.561  -0.324   0.035
  343 22000  3.50 -1.50  1.00  0.00  0.00   0.090   0.091  -0.093   0.078   0.118   0.119   2.593  -0.322   0.020
  344 22000  4.00 -1.50  1.00  0.00  0.00   0.119   0.120  -0.096   0.088   0.132   0.133   2.624  -0.320  -0.006
  345 22000  4.50 -1.50  1.00  0.00  0.00   0.136   0.137  -0.097   0.100   0.127   0.128   2.657  -0.318  -0.040
  346 22000  5.00 -1.50  1.00  0.00  0.00   0.145   0.147  -0.098   0.115   0.108   0.109   2.692  -0.317  -0.082
  347 23000  3.00 -1.50  1.00  0.00  0.00  -0.011  -0.010  -0.090   0.066   0.033   0.035   2.554  -0.337   0.030
  348 23000  3.50 -1.50  1.00  0.00  0.00   0.045   0.046  -0.097   0.076   0.085   0.086   2.586  -0.334   0.016
  349 23000  4.00 -1.50  1.00  0.00  0.00   0.075   0.076  -0.100   0.086   0.101   0.102   2.616  -0.331  -0.008
  350 23000  4.50 -1.50  1.00  0.00  0.00   0.093   0.094  -0.101   0.098   0.097   0.099   2.648  -0.329  -0.041
  351 23000  5.00 -1.50  1.00  0.00  0.00   0.102   0.103  -0.102   0.112   0.080   0.081   2.681  -0.329  -0.081
  352 24000  3.00 -1.50  1.00  0.00  0.00  -0.057  -0.055  -0.093   0.065  -0.002   0.000   2.548  -0.348   0.024
  353 24000  3.50 -1.50  1.00  0.00  0.00   0.003   0.004  -0.101   0.074   0.054   0.055   2.580  -0.346   0.011
  354 24000  4.00 -1.50  1.00  0.00  0.00   0.035   0.036  -0.104   0.084   0.072   0.074   2.609  -0.343  -0.011
  355 24000  4.50 -1.50  1.00  0.00  0.00   0.053   0.054  -0.105   0.095   0.071   0.072   2.640  -0.340  -0.042
  356 24000  5.00 -1.50  1.00  0.00  0.00   0.063   0.064  -0.106   0.109   0.055   0.056   2.672  -0.340  -0.080
  357 25000  3.00 -1.50  1.00  0.00  0.00  -0.102  -0.100  -0.096   0.063  -0.037  -0.036   2.541  -0.359   0.018
  358 25000  3.50 -1.50  1.00  0.00  0.00  -0.036  -0.034  -0.104   0.072   0.026   0.027   2.573  -0.355   0.009
  359 25000  4.00 -1.50  1.00  0.00  0.00  -0.003  -0.001  -0.108   0.082   0.046   0.047   2.603  -0.354  -0.014
  360 25000  4.50 -1.50  1.00  0.00  0.00   0.016   0.017  -0.109   0.093   0.046   0.047   2.633  -0.351  -0.044
  361 25000  5.00 -1.50  1.00  0.00  0.00   0.026   0.027  -0.110   0.106   0.032   0.033   2.664  -0.350  -0.080
  362 26000  3.00 -1.50  1.00  0.00  0.00  -0.150  -0.148  -0.098   0.061  -0.079  -0.078   2.533  -0.370   0.012
  363 26000  3.50 -1.50  1.00  0.00  0.00  -0.072  -0.071  -0.108   0.071   0.000   0.001   2.568  -0.366   0.005
  364 26000  4.00 -1.50  1.00  0.00  0.00  -0.038  -0.037  -0.111   0.080   0.022   0.023   2.597  -0.363  -0.016
  365 26000  4.50 -1.50  1.00  0.00  0.00  -0.019  -0.017  -0.113   0.091   0.023   0.024   2.626  -0.361  -0.045
  366 26000  5.00 -1.50  1.00  0.00  0.00  -0.008  -0.007  -0.114   0.104   0.010   0.012   2.656  -0.360  -0.079
  367 27000  3.50 -1.50  1.00  0.00  0.00  -0.108  -0.107  -0.112   0.069  -0.026  -0.024   2.562  -0.377   0.002
  368 27000  4.00 -1.50  1.00  0.00  0.00  -0.071  -0.070  -0.115   0.079  -0.001   0.001   2.591  -0.373  -0.018
  369 27000  4.50 -1.50  1.00  0.00  0.00  -0.051  -0.050  -0.116   0.089   0.002   0.003   2.619  -0.370  -0.045
  370 27000  5.00 -1.50  1.00  0.00  0.00  -0.040  -0.039  -0.117   0.101  -0.010  -0.008   2.649  -0.369  -0.079
  371 28000  3.50 -1.50  1.00  0.00  0.00  -0.144  -0.143  -0.114   0.068  -0.053  -0.051   2.555  -0.385   0.000
  372 28000  4.00 -1.50  1.00  0.00  0.00  -0.103  -0.102  -0.118   0.077  -0.022  -0.021   2.585  -0.381  -0.019
  373 28000  4.50 -1.50  1.00  0.00  0.00  -0.082  -0.081  -0.120   0.087  -0.018  -0.017   2.613  -0.380  -0.046
  374 28000  5.00 -1.50  1.00  0.00  0.00  -0.070  -0.069  -0.121   0.099  -0.028  -0.027   2.642  -0.379  -0.078
  375 29000  3.50 -1.50  1.00  0.00  0.00  -0.181  -0.179  -0.116   0.065  -0.081  -0.080   2.547  -0.394  -0.002
  376 29000  4.00 -1.50  1.00  0.00  0.00  -0.134  -0.133  -0.122   0.075  -0.043  -0.042   2.579  -0.391  -0.020
  377 29000  4.50 -1.50  1.00  0.00  0.00  -0.112  -0.110  -0.123   0.085  -0.037  -0.036   2.607  -0.388  -0.046
  378 29000  5.00 -1.50  1.00  0.00  0.00  -0.100  -0.098  -0.124   0.096  -0.046  -0.045   2.635  -0.387  -0.077
  379 30000  3.50 -1.50  1.00  0.00  0.00  -0.214  -0.212  -0.117   0.063  -0.109  -0.108   2.539  -0.401  -0.004
  380 30000  4.00 -1.50  1.00  0.00  0.00  -0.165  -0.164  -0.124   0.073  -0.065  -0.064   2.572  -0.399  -0.021
  381 30000  4.50 -1.50  1.00  0.00  0.00  -0.141  -0.139  -0.126   0.083  -0.056  -0.054   2.600  -0.396  -0.045
  382 30000  5.00 -1.50  1.00  0.00  0.00  -0.128  -0.127  -0.127   0.094  -0.063  -0.062   2.628  -0.395  -0.076
  383 31000  3.50 -1.50  1.00  0.00  0.00  -0.242  -0.241  -0.116   0.061  -0.135  -0.133   2.531  -0.405  -0.004
  384 31000  4.00 -1.50  1.00  0.00  0.00  -0.195  -0.194  -0.126   0.071  -0.086  -0.085   2.565  -0.406  -0.021
  385 31000  4.50 -1.50  1.00  0.00  0.00  -0.169  -0.167  -0.129   0.081  -0.074  -0.073   2.593  -0.404  -0.045
  386 31000  5.00 -1.50  1.00  0.00  0.00  -0.155  -0.154  -0.130   0.091  -0.080  -0.078   2.621  -0.403  -0.074
  387 32000  4.00 -1.50  1.00  0.00  0.00  -0.222  -0.221  -0.128   0.069  -0.106  -0.105   2.557  -0.413  -0.020
  388 32000  4.50 -1.50  1.00  0.00  0.00  -0.196  -0.194  -0.132   0.078  -0.091  -0.090   2.586  -0.412  -0.043
  389 32000  5.00 -1.50  1.00  0.00  0.00  -0.181  -0.180  -0.133   0.089  -0.095  -0.094   2.613  -0.411  -0.072
  390 33000  4.00 -1.50  1.00  0.00  0.00  -0.246  -0.245  -0.128   0.066  -0.125  -0.123   2.550  -0.417  -0.019
  391 33000  4.50 -1.50  1.00  0.00  0.00  -0.221  -0.219  -0.133   0.076  -0.108  -0.107   2.578  -0.418  -0.041
  392 33000  5.00 -1.50  1.00  0.00  0.00  -0.206  -0.204  -0.135   0.086  -0.110  -0.109   2.604  -0.417  -0.068
  393 34000  4.00 -1.50  1.00  0.00  0.00  -0.266  -0.264  -0.128   0.064  -0.141  -0.139   2.543  -0.421  -0.018
  394 34000  4.50 -1.50  1.00  0.00  0.00  -0.243  -0.242  -0.134   0.073  -0.123  -0.122   2.570  -0.423  -0.038
  395 34000  5.00 -1.50  1.00  0.00  0.00  -0.229  -0.227  -0.137   0.083  -0.124  -0.122   2.596  -0.423  -0.064
  396 35000  4.00 -1.50  1.00  0.00  0.00  -0.282  -0.281  -0.127   0.062  -0.154  -0.153   2.536  -0.423  -0.016
  397 35000  4.50 -1.50  1.00  0.00  0.00  -0.262  -0.261  -0.135   0.071  -0.137  -0.135   2.563  -0.427  -0.036
  398 35000  5.00 -1.50  1.00  0.00  0.00  -0.249  -0.247  -0.138   0.080  -0.136  -0.134   2.588  -0.428  -0.060
  399 37500  4.50 -1.50  1.00  0.00  0.00  -0.298  -0.297  -0.133   0.064  -0.162  -0.161   2.545  -0.432  -0.027
  400 37500  5.00 -1.50  1.00  0.00  0.00  -0.289  -0.287  -0.138   0.073  -0.160  -0.159   2.568  -0.435  -0.049
  401 40000  4.50 -1.50  1.00  0.00  0.00  -0.318  -0.317  -0.133   0.061  -0.175  -0.173   2.534  -0.435  -0.020
  402 40000  5.00 -1.50  1.00  0.00  0.00  -0.314  -0.312  -0.137   0.067  -0.175  -0.174   2.552  -0.438  -0.038
  403 42500  5.00 -1.50  1.00  0.00  0.00  -0.329  -0.328  -0.138   0.064  -0.183  -0.181   2.542  -0.442  -0.031
  404 45000  5.00 -1.50  1.00  0.00  0.00  -0.340  -0.339  -0.140   0.062  -0.187  -0.186   2.538  -0.446  -0.028
  405 47500  5.00 -1.50  1.00  0.00  0.00  -0.349  -0.348  -0.141   0.062  -0.191  -0.190   2.535  -0.448  -0.027
  406 50000  5.00 -1.50  1.00  0.00  0.00  -0.357  -0.356  -0.143   0.061  -0.195  -0.194   2.533  -0.452  -0.026