
       Teff log g  [M]  Vturb  l/H  E(B-V)   u-b    u0-b     b-y      m1      c1     c10    beta     a0      r*
    1  3500  0.00  0.50  2.00  1.25  0.00   5.001   4.994   1.180   0.842   0.954   0.947   2.606   1.834   0.208
    2  3500  0.50  0.50  2.00  1.25  0.00   4.723   4.715   1.127   0.667   1.133   1.125   2.617   1.731   0.263
    3  3500  1.00  0.50  2.00  1.25  0.00   4.426   4.418   1.083   0.472   1.314   1.306   2.632   1.633   0.314
    4  3500  1.50  0.50  2.00  1.25  0.00   4.117   4.109   1.045   0.269   1.487   1.479   2.650   1.539   0.359
    5  3500  2.00  0.50  2.00  1.25  0.00   3.810   3.802   1.014   0.070   1.641   1.633   2.667   1.453   0.399
    6  3500  2.50  0.50  2.00  1.25  0.00   3.525   3.517   0.989  -0.114   1.773   1.764   2.681   1.377   0.432
    7  3500  3.00  0.50  2.00  1.25  0.00   3.290   3.282   0.970  -0.263   1.874   1.866   2.688   1.316   0.462
    8  3500  3.50  0.50  2.00  1.25  0.00   3.147   3.139   0.958  -0.343   1.914   1.907   2.678   1.278   0.487
    9  3500  4.00  0.50  2.00  1.25  0.00   3.128   3.121   0.963  -0.247   1.695   1.688   2.624   1.280   0.464
   10  3500  4.50  0.50  2.00  1.25  0.00   3.144   3.138   0.971  -0.103   1.408   1.401   2.565   1.291   0.422
   11  3500  5.00  0.50  2.00  1.25  0.00   3.175   3.170   0.978   0.000   1.217   1.211   2.522   1.303   0.398
   12  3750  0.00  0.50  2.00  1.25  0.00   5.281   5.273   1.125   1.187   0.654   0.647   2.558   1.829   0.155
   13  3750  0.50  0.50  2.00  1.25  0.00   5.042   5.034   1.077   1.071   0.745   0.738   2.545   1.738   0.203
   14  3750  1.00  0.50  2.00  1.25  0.00   4.803   4.795   1.033   0.944   0.847   0.840   2.534   1.651   0.253
   15  3750  1.50  0.50  2.00  1.25  0.00   4.562   4.554   0.993   0.812   0.950   0.942   2.525   1.568   0.300
   16  3750  2.00  0.50  2.00  1.25  0.00   4.320   4.312   0.957   0.681   1.043   1.035   2.518   1.488   0.342
   17  3750  2.50  0.50  2.00  1.25  0.00   4.084   4.076   0.923   0.558   1.120   1.112   2.515   1.412   0.375
   18  3750  3.00  0.50  2.00  1.25  0.00   3.862   3.854   0.893   0.448   1.178   1.170   2.513   1.342   0.399
   19  3750  3.50  0.50  2.00  1.25  0.00   3.664   3.657   0.870   0.352   1.219   1.211   2.509   1.283   0.419
   20  3750  4.00  0.50  2.00  1.25  0.00   3.508   3.500   0.855   0.282   1.230   1.223   2.500   1.240   0.433
   21  3750  4.50  0.50  2.00  1.25  0.00   3.375   3.368   0.867   0.247   1.145   1.138   2.481   1.228   0.422
   22  3750  5.00  0.50  2.00  1.25  0.00   3.265   3.259   0.887   0.240   1.010   1.004   2.463   1.229   0.391
   23  4000  0.00  0.50  2.00  1.25  0.00   5.171   5.164   1.055   1.196   0.667   0.660   2.577   1.739   0.145
   24  4000  0.50  0.50  2.00  1.25  0.00   4.954   4.947   1.009   1.123   0.689   0.682   2.564   1.654   0.169
   25  4000  1.00  0.50  2.00  1.25  0.00   4.742   4.735   0.970   1.038   0.723   0.716   2.547   1.577   0.201
   26  4000  1.50  0.50  2.00  1.25  0.00   4.536   4.529   0.935   0.949   0.766   0.758   2.529   1.505   0.236
   27  4000  2.00  0.50  2.00  1.25  0.00   4.341   4.333   0.904   0.862   0.808   0.800   2.510   1.439   0.272
   28  4000  2.50  0.50  2.00  1.25  0.00   4.156   4.148   0.874   0.780   0.845   0.838   2.491   1.375   0.306
   29  4000  3.00  0.50  2.00  1.25  0.00   3.981   3.974   0.848   0.705   0.875   0.867   2.473   1.318   0.336
   30  4000  3.50  0.50  2.00  1.25  0.00   3.822   3.815   0.824   0.639   0.894   0.887   2.457   1.266   0.361
   31  4000  4.00  0.50  2.00  1.25  0.00   3.678   3.671   0.805   0.583   0.900   0.894   2.440   1.221   0.382
   32  4000  4.50  0.50  2.00  1.25  0.00   3.542   3.536   0.798   0.527   0.891   0.885   2.425   1.189   0.394
   33  4000  5.00  0.50  2.00  1.25  0.00   3.381   3.376   0.813   0.460   0.834   0.829   2.417   1.176   0.381
   34  4250  0.00  0.50  2.00  1.25  0.00   4.613   4.609   0.984   1.045   0.551   0.548   2.591   1.568   0.097
   35  4250  0.50  0.50  2.00  1.25  0.00   4.452   4.448   0.939   1.006   0.558   0.554   2.584   1.494   0.109
   36  4250  1.00  0.50  2.00  1.25  0.00   4.289   4.285   0.900   0.958   0.572   0.568   2.574   1.426   0.127
   37  4250  1.50  0.50  2.00  1.25  0.00   4.136   4.132   0.866   0.904   0.594   0.589   2.560   1.364   0.151
   38  4250  2.00  0.50  2.00  1.25  0.00   3.998   3.993   0.836   0.850   0.623   0.617   2.543   1.309   0.179
   39  4250  2.50  0.50  2.00  1.25  0.00   3.876   3.871   0.810   0.800   0.654   0.648   2.523   1.261   0.212
   40  4250  3.00  0.50  2.00  1.25  0.00   3.771   3.765   0.787   0.758   0.681   0.675   2.501   1.220   0.245
   41  4250  3.50  0.50  2.00  1.25  0.00   3.678   3.672   0.766   0.722   0.699   0.693   2.477   1.182   0.277
   42  4250  4.00  0.50  2.00  1.25  0.00   3.593   3.588   0.749   0.693   0.707   0.702   2.452   1.150   0.306
   43  4250  4.50  0.50  2.00  1.25  0.00   3.512   3.507   0.736   0.666   0.706   0.701   2.427   1.122   0.332
   44  4250  5.00  0.50  2.00  1.25  0.00   3.410   3.405   0.736   0.623   0.691   0.686   2.409   1.104   0.345
   45  4500  0.00  0.50  2.00  1.25  0.00   3.943   3.941   0.907   0.858   0.410   0.408   2.596   1.371   0.048
   46  4500  0.50  0.50  2.00  1.25  0.00   3.836   3.835   0.868   0.844   0.411   0.409   2.593   1.313   0.054
   47  4500  1.00  0.50  2.00  1.25  0.00   3.722   3.720   0.833   0.821   0.413   0.412   2.589   1.258   0.062
   48  4500  1.50  0.50  2.00  1.25  0.00   3.607   3.606   0.801   0.792   0.421   0.419   2.581   1.205   0.075
   49  4500  2.00  0.50  2.00  1.25  0.00   3.502   3.500   0.772   0.759   0.438   0.436   2.570   1.157   0.094
   50  4500  2.50  0.50  2.00  1.25  0.00   3.414   3.412   0.745   0.730   0.462   0.459   2.557   1.114   0.117
   51  4500  3.00  0.50  2.00  1.25  0.00   3.349   3.347   0.721   0.707   0.491   0.488   2.539   1.078   0.146
   52  4500  3.50  0.50  2.00  1.25  0.00   3.306   3.303   0.701   0.691   0.520   0.517   2.518   1.050   0.179
   53  4500  4.00  0.50  2.00  1.25  0.00   3.281   3.278   0.684   0.684   0.542   0.539   2.494   1.029   0.212
   54  4500  4.50  0.50  2.00  1.25  0.00   3.269   3.266   0.670   0.686   0.555   0.552   2.468   1.013   0.243
   55  4500  5.00  0.50  2.00  1.25  0.00   3.251   3.248   0.662   0.683   0.559   0.556   2.440   1.001   0.273
   56  4750  0.00  0.50  2.00  1.25  0.00   3.443   3.440   0.814   0.708   0.396   0.393   2.601   1.188   0.045
   57  4750  0.50  0.50  2.00  1.25  0.00   3.347   3.346   0.786   0.696   0.382   0.380   2.599   1.143   0.044
   58  4750  1.00  0.50  2.00  1.25  0.00   3.253   3.252   0.759   0.682   0.369   0.368   2.596   1.099   0.045
   59  4750  1.50  0.50  2.00  1.25  0.00   3.162   3.161   0.734   0.666   0.359   0.358   2.592   1.058   0.047
   60  4750  2.00  0.50  2.00  1.25  0.00   3.078   3.077   0.710   0.651   0.356   0.355   2.586   1.019   0.054
   61  4750  2.50  0.50  2.00  1.25  0.00   3.005   3.004   0.686   0.636   0.359   0.359   2.578   0.982   0.065
   62  4750  3.00  0.50  2.00  1.25  0.00   2.949   2.948   0.664   0.623   0.372   0.371   2.567   0.949   0.081
   63  4750  3.50  0.50  2.00  1.25  0.00   2.914   2.913   0.643   0.618   0.391   0.390   2.553   0.922   0.103
   64  4750  4.00  0.50  2.00  1.25  0.00   2.903   2.902   0.624   0.621   0.410   0.410   2.535   0.901   0.130
   65  4750  4.50  0.50  2.00  1.25  0.00   2.914   2.913   0.609   0.633   0.428   0.427   2.513   0.888   0.159
   66  4750  5.00  0.50  2.00  1.25  0.00   2.938   2.937   0.595   0.653   0.440   0.439   2.488   0.879   0.189
   67  5000  0.00  0.50  2.00  1.25  0.00   3.133   3.130   0.711   0.609   0.490   0.488   2.610   1.029   0.076
   68  5000  0.50  0.50  2.00  1.25  0.00   3.024   3.022   0.693   0.591   0.455   0.453   2.608   0.992   0.067
   69  5000  1.00  0.50  2.00  1.25  0.00   2.923   2.922   0.676   0.573   0.424   0.422   2.605   0.957   0.060
   70  5000  1.50  0.50  2.00  1.25  0.00   2.832   2.831   0.660   0.558   0.395   0.394   2.601   0.925   0.056
   71  5000  2.00  0.50  2.00  1.25  0.00   2.752   2.751   0.644   0.546   0.371   0.370   2.597   0.894   0.052
   72  5000  2.50  0.50  2.00  1.25  0.00   2.685   2.684   0.627   0.538   0.353   0.352   2.592   0.865   0.052
   73  5000  3.00  0.50  2.00  1.25  0.00   2.632   2.632   0.609   0.535   0.341   0.341   2.585   0.837   0.057
   74  5000  3.50  0.50  2.00  1.25  0.00   2.597   2.597   0.591   0.537   0.339   0.338   2.576   0.813   0.066
   75  5000  4.00  0.50  2.00  1.25  0.00   2.583   2.583   0.574   0.545   0.344   0.344   2.564   0.794   0.081
   76  5000  4.50  0.50  2.00  1.25  0.00   2.591   2.591   0.557   0.561   0.352   0.352   2.548   0.778   0.101
   77  5000  5.00  0.50  2.00  1.25  0.00   2.619   2.619   0.542   0.587   0.359   0.359   2.529   0.768   0.124
   78  5250  0.00  0.50  2.00  1.25  0.00   2.931   2.928   0.611   0.534   0.639   0.636   2.620   0.893   0.125
   79  5250  0.50  0.50  2.00  1.25  0.00   2.815   2.812   0.599   0.517   0.581   0.578   2.619   0.860   0.106
   80  5250  1.00  0.50  2.00  1.25  0.00   2.704   2.701   0.589   0.497   0.529   0.527   2.617   0.830   0.091
   81  5250  1.50  0.50  2.00  1.25  0.00   2.602   2.600   0.580   0.478   0.483   0.481   2.613   0.803   0.080
   82  5250  2.00  0.50  2.00  1.25  0.00   2.513   2.512   0.572   0.463   0.441   0.440   2.609   0.779   0.070
   83  5250  2.50  0.50  2.00  1.25  0.00   2.439   2.438   0.563   0.454   0.403   0.402   2.605   0.757   0.061
   84  5250  3.00  0.50  2.00  1.25  0.00   2.381   2.380   0.553   0.452   0.370   0.369   2.599   0.736   0.056
   85  5250  3.50  0.50  2.00  1.25  0.00   2.341   2.341   0.541   0.457   0.344   0.344   2.593   0.717   0.055
   86  5250  4.00  0.50  2.00  1.25  0.00   2.322   2.322   0.527   0.470   0.327   0.327   2.584   0.700   0.059
   87  5250  4.50  0.50  2.00  1.25  0.00   2.323   2.324   0.513   0.489   0.318   0.318   2.573   0.686   0.067
   88  5250  5.00  0.50  2.00  1.25  0.00   2.345   2.346   0.498   0.517   0.314   0.314   2.560   0.675   0.080
   89  5500  0.00  0.50  2.00  1.25  0.00   2.787   2.783   0.519   0.471   0.805   0.802   2.632   0.775   0.177
   90  5500  0.50  0.50  2.00  1.25  0.00   2.671   2.668   0.514   0.457   0.727   0.724   2.632   0.749   0.150
   91  5500  1.00  0.50  2.00  1.25  0.00   2.555   2.552   0.509   0.440   0.656   0.653   2.631   0.723   0.127
   92  5500  1.50  0.50  2.00  1.25  0.00   2.444   2.442   0.505   0.421   0.591   0.589   2.628   0.700   0.108
   93  5500  2.00  0.50  2.00  1.25  0.00   2.345   2.343   0.501   0.404   0.532   0.530   2.624   0.677   0.091
   94  5500  2.50  0.50  2.00  1.25  0.00   2.258   2.257   0.498   0.392   0.477   0.475   2.620   0.659   0.076
   95  5500  3.00  0.50  2.00  1.25  0.00   2.188   2.187   0.494   0.386   0.426   0.425   2.614   0.643   0.065
   96  5500  3.50  0.50  2.00  1.25  0.00   2.136   2.135   0.488   0.389   0.381   0.380   2.609   0.627   0.055
   97  5500  4.00  0.50  2.00  1.25  0.00   2.104   2.104   0.480   0.400   0.343   0.343   2.602   0.614   0.049
   98  5500  4.50  0.50  2.00  1.25  0.00   2.096   2.096   0.470   0.420   0.314   0.314   2.594   0.602   0.048
   99  5500  5.00  0.50  2.00  1.25  0.00   2.109   2.109   0.459   0.448   0.294   0.294   2.584   0.594   0.052
  100  5750  0.00  0.50  2.00  1.25  0.00   2.680   2.677   0.434   0.414   0.982   0.979   2.645   0.671   0.232
  101  5750  0.50  0.50  2.00  1.25  0.00   2.569   2.566   0.436   0.406   0.882   0.879   2.647   0.653   0.195
  102  5750  1.00  0.50  2.00  1.25  0.00   2.452   2.449   0.436   0.393   0.792   0.790   2.647   0.632   0.164
  103  5750  1.50  0.50  2.00  1.25  0.00   2.337   2.334   0.436   0.377   0.709   0.707   2.645   0.611   0.137
  104  5750  2.00  0.50  2.00  1.25  0.00   2.228   2.226   0.437   0.361   0.631   0.629   2.642   0.593   0.113
  105  5750  2.50  0.50  2.00  1.25  0.00   2.131   2.129   0.437   0.348   0.559   0.557   2.638   0.575   0.091
  106  5750  3.00  0.50  2.00  1.25  0.00   2.047   2.045   0.437   0.339   0.492   0.490   2.632   0.560   0.074
  107  5750  3.50  0.50  2.00  1.25  0.00   1.980   1.979   0.436   0.338   0.429   0.428   2.626   0.547   0.058
  108  5750  4.00  0.50  2.00  1.25  0.00   1.932   1.931   0.433   0.345   0.375   0.374   2.620   0.536   0.046
  109  5750  4.50  0.50  2.00  1.25  0.00   1.908   1.907   0.428   0.361   0.329   0.328   2.613   0.526   0.037
  110  5750  5.00  0.50  2.00  1.25  0.00   1.907   1.906   0.421   0.385   0.292   0.292   2.605   0.519   0.033
  111  6000  0.00  0.50  2.00  1.25  0.00   2.604   2.601   0.352   0.363   1.172   1.169   2.659   0.575   0.291
  112  6000  0.50  0.50  2.00  1.25  0.00   2.502   2.499   0.364   0.361   1.050   1.048   2.662   0.569   0.244
  113  6000  1.00  0.50  2.00  1.25  0.00   2.385   2.383   0.370   0.353   0.937   0.935   2.664   0.554   0.202
  114  6000  1.50  0.50  2.00  1.25  0.00   2.267   2.265   0.374   0.340   0.836   0.834   2.664   0.536   0.167
  115  6000  2.00  0.50  2.00  1.25  0.00   2.152   2.150   0.378   0.327   0.740   0.738   2.662   0.520   0.135
  116  6000  2.50  0.50  2.00  1.25  0.00   2.044   2.042   0.382   0.315   0.649   0.647   2.658   0.505   0.107
  117  6000  3.00  0.50  2.00  1.25  0.00   1.948   1.946   0.385   0.306   0.564   0.563   2.653   0.490   0.082
  118  6000  3.50  0.50  2.00  1.25  0.00   1.866   1.865   0.387   0.303   0.485   0.484   2.647   0.478   0.060
  119  6000  4.00  0.50  2.00  1.25  0.00   1.801   1.800   0.387   0.306   0.414   0.413   2.641   0.466   0.041
  120  6000  4.50  0.50  2.00  1.25  0.00   1.759   1.758   0.386   0.316   0.352   0.351   2.634   0.457   0.027
  121  6000  5.00  0.50  2.00  1.25  0.00   1.739   1.739   0.383   0.335   0.301   0.300   2.626   0.451   0.017
  122  6250  0.50  0.50  2.00  1.25  0.00   2.460   2.458   0.291   0.319   1.238   1.236   2.680   0.488   0.297
  123  6250  1.00  0.50  2.00  1.25  0.00   2.348   2.346   0.307   0.317   1.098   1.096   2.683   0.484   0.244
  124  6250  1.50  0.50  2.00  1.25  0.00   2.227   2.226   0.317   0.309   0.972   0.970   2.685   0.472   0.197
  125  6250  2.00  0.50  2.00  1.25  0.00   2.107   2.105   0.325   0.299   0.858   0.856   2.684   0.459   0.158
  126  6250  2.50  0.50  2.00  1.25  0.00   1.990   1.989   0.331   0.288   0.749   0.747   2.681   0.444   0.122
  127  6250  3.00  0.50  2.00  1.25  0.00   1.882   1.881   0.337   0.281   0.645   0.643   2.677   0.430   0.089
  128  6250  3.50  0.50  2.00  1.25  0.00   1.786   1.785   0.342   0.276   0.548   0.547   2.671   0.418   0.062
  129  6250  4.00  0.50  2.00  1.25  0.00   1.706   1.705   0.345   0.277   0.460   0.459   2.664   0.407   0.037
  130  6250  4.50  0.50  2.00  1.25  0.00   1.646   1.645   0.347   0.284   0.382   0.381   2.657   0.398   0.017
  131  6250  5.00  0.50  2.00  1.25  0.00   1.607   1.607   0.347   0.297   0.316   0.315   2.649   0.391   0.002
  132  6500  0.50  0.50  2.00  1.25  0.00   2.423   2.422   0.229   0.285   1.394   1.392   2.693   0.420   0.343
  133  6500  1.00  0.50  2.00  1.25  0.00   2.331   2.330   0.242   0.283   1.279   1.278   2.705   0.416   0.290
  134  6500  1.50  0.50  2.00  1.25  0.00   2.210   2.209   0.261   0.282   1.122   1.120   2.707   0.413   0.232
  135  6500  2.00  0.50  2.00  1.25  0.00   2.085   2.084   0.274   0.276   0.983   0.982   2.708   0.404   0.182
  136  6500  2.50  0.50  2.00  1.25  0.00   1.962   1.961   0.285   0.268   0.856   0.855   2.706   0.393   0.138
  137  6500  3.00  0.50  2.00  1.25  0.00   1.844   1.843   0.293   0.261   0.734   0.733   2.703   0.380   0.098
  138  6500  3.50  0.50  2.00  1.25  0.00   1.736   1.735   0.301   0.256   0.620   0.619   2.697   0.368   0.064
  139  6500  4.00  0.50  2.00  1.25  0.00   1.641   1.640   0.307   0.256   0.514   0.513   2.691   0.357   0.032
  140  6500  4.50  0.50  2.00  1.25  0.00   1.564   1.563   0.311   0.260   0.420   0.419   2.683   0.347   0.007
  141  6500  5.00  0.50  2.00  1.25  0.00   1.507   1.506   0.314   0.270   0.338   0.338   2.675   0.340  -0.014
  142  6750  0.50  0.50  2.00  1.25  0.00   2.379   2.378   0.178   0.252   1.516   1.515   2.699   0.361   0.384
  143  6750  1.00  0.50  2.00  1.25  0.00   2.314   2.313   0.187   0.255   1.429   1.428   2.721   0.358   0.331
  144  6750  1.50  0.50  2.00  1.25  0.00   2.210   2.209   0.202   0.255   1.293   1.292   2.732   0.354   0.271
  145  6750  2.00  0.50  2.00  1.25  0.00   2.082   2.081   0.225   0.255   1.121   1.120   2.734   0.355   0.207
  146  6750  2.50  0.50  2.00  1.25  0.00   1.954   1.953   0.240   0.251   0.970   0.969   2.734   0.346   0.153
  147  6750  3.00  0.50  2.00  1.25  0.00   1.828   1.827   0.252   0.245   0.832   0.831   2.731   0.336   0.107
  148  6750  3.50  0.50  2.00  1.25  0.00   1.708   1.707   0.262   0.241   0.701   0.700   2.726   0.324   0.066
  149  6750  4.00  0.50  2.00  1.25  0.00   1.598   1.597   0.271   0.239   0.578   0.577   2.720   0.314   0.028
  150  6750  4.50  0.50  2.00  1.25  0.00   1.503   1.502   0.277   0.240   0.466   0.465   2.712   0.302  -0.004
  151  6750  5.00  0.50  2.00  1.25  0.00   1.427   1.427   0.282   0.246   0.369   0.368   2.703   0.294  -0.029
  152  7000  0.50  0.50  2.00  1.25  0.00   2.317   2.317   0.139   0.220   1.597   1.597   2.696   0.311   0.418
  153  7000  1.00  0.50  2.00  1.25  0.00   2.283   2.282   0.143   0.227   1.542   1.541   2.729   0.309   0.365
  154  7000  1.50  0.50  2.00  1.25  0.00   2.203   2.202   0.153   0.233   1.430   1.429   2.752   0.304   0.302
  155  7000  2.00  0.50  2.00  1.25  0.00   2.090   2.090   0.171   0.236   1.275   1.274   2.762   0.302   0.237
  156  7000  2.50  0.50  2.00  1.25  0.00   1.958   1.957   0.195   0.237   1.091   1.090   2.762   0.302   0.171
  157  7000  3.00  0.50  2.00  1.25  0.00   1.827   1.826   0.212   0.235   0.931   0.930   2.761   0.296   0.115
  158  7000  3.50  0.50  2.00  1.25  0.00   1.700   1.699   0.225   0.232   0.784   0.783   2.757   0.286   0.066
  159  7000  4.00  0.50  2.00  1.25  0.00   1.580   1.579   0.237   0.230   0.645   0.644   2.751   0.276   0.023
  160  7000  4.50  0.50  2.00  1.25  0.00   1.471   1.470   0.246   0.230   0.517   0.517   2.743   0.266  -0.014
  161  7000  5.00  0.50  2.00  1.25  0.00   1.380   1.379   0.253   0.234   0.404   0.403   2.734   0.256  -0.046
  162  7250  1.00  0.50  2.00  1.25  0.00   2.237   2.236   0.107   0.199   1.622   1.621   2.729   0.264   0.396
  163  7250  1.50  0.50  2.00  1.25  0.00   2.179   2.178   0.114   0.209   1.530   1.529   2.762   0.261   0.330
  164  7250  2.00  0.50  2.00  1.25  0.00   2.088   2.088   0.126   0.218   1.398   1.397   2.784   0.257   0.261
  165  7250  2.50  0.50  2.00  1.25  0.00   1.970   1.969   0.147   0.224   1.227   1.226   2.792   0.256   0.192
  166  7250  3.00  0.50  2.00  1.25  0.00   1.835   1.834   0.172   0.227   1.034   1.033   2.791   0.257   0.124
  167  7250  3.50  0.50  2.00  1.25  0.00   1.703   1.703   0.190   0.227   0.869   0.868   2.789   0.252   0.066
  168  7250  4.00  0.50  2.00  1.25  0.00   1.576   1.576   0.204   0.225   0.716   0.715   2.784   0.242   0.017
  169  7250  4.50  0.50  2.00  1.25  0.00   1.458   1.457   0.216   0.225   0.574   0.574   2.776   0.233  -0.025
  170  7250  5.00  0.50  2.00  1.25  0.00   1.352   1.351   0.225   0.227   0.445   0.445   2.767   0.223  -0.062
  171  7500  1.00  0.50  2.00  1.25  0.00   2.163   2.163   0.082   0.171   1.653   1.653   2.718   0.226   0.420
  172  7500  1.50  0.50  2.00  1.25  0.00   2.138   2.138   0.083   0.185   1.599   1.599   2.763   0.223   0.356
  173  7500  2.00  0.50  2.00  1.25  0.00   2.067   2.067   0.092   0.199   1.482   1.482   2.795   0.219   0.282
  174  7500  2.50  0.50  2.00  1.25  0.00   1.971   1.971   0.105   0.212   1.334   1.334   2.816   0.214   0.209
  175  7500  3.00  0.50  2.00  1.25  0.00   1.848   1.847   0.128   0.220   1.150   1.149   2.822   0.215   0.136
  176  7500  3.50  0.50  2.00  1.25  0.00   1.713   1.712   0.154   0.223   0.956   0.955   2.821   0.217   0.067
  177  7500  4.00  0.50  2.00  1.25  0.00   1.582   1.582   0.172   0.224   0.788   0.787   2.817   0.211   0.011
  178  7500  4.50  0.50  2.00  1.25  0.00   1.457   1.456   0.187   0.224   0.633   0.632   2.810   0.204  -0.037
  179  7500  5.00  0.50  2.00  1.25  0.00   1.340   1.339   0.199   0.225   0.490   0.490   2.801   0.195  -0.078
  180  7750  1.00  0.50  2.00  1.25  0.00   2.052   2.052   0.072   0.145   1.617   1.617   2.694   0.196   0.432
  181  7750  1.50  0.50  2.00  1.25  0.00   2.072   2.072   0.060   0.162   1.627   1.627   2.753   0.188   0.377
  182  7750  2.00  0.50  2.00  1.25  0.00   2.026   2.026   0.065   0.179   1.536   1.536   2.797   0.185   0.301
  183  7750  2.50  0.50  2.00  1.25  0.00   1.949   1.948   0.076   0.196   1.403   1.403   2.829   0.182   0.222
  184  7750  3.00  0.50  2.00  1.25  0.00   1.850   1.850   0.090   0.212   1.245   1.245   2.848   0.178   0.146
  185  7750  3.50  0.50  2.00  1.25  0.00   1.725   1.725   0.115   0.221   1.051   1.050   2.852   0.180   0.072
  186  7750  4.00  0.50  2.00  1.25  0.00   1.592   1.591   0.140   0.225   0.859   0.858   2.850   0.181   0.006
  187  7750  4.50  0.50  2.00  1.25  0.00   1.462   1.462   0.158   0.226   0.691   0.690   2.844   0.176  -0.049
  188  7750  5.00  0.50  2.00  1.25  0.00   1.338   1.338   0.173   0.227   0.537   0.536   2.835   0.169  -0.095
  189  8000  1.00  0.50  2.00  1.25  0.00   1.890   1.890   0.076   0.117   1.502   1.502   2.659   0.171   0.426
  190  8000  1.50  0.50  2.00  1.25  0.00   1.979   1.979   0.045   0.139   1.608   1.609   2.733   0.156   0.392
  191  8000  2.00  0.50  2.00  1.25  0.00   1.962   1.962   0.044   0.158   1.556   1.556   2.788   0.152   0.319
  192  8000  2.50  0.50  2.00  1.25  0.00   1.904   1.904   0.053   0.177   1.442   1.442   2.830   0.151   0.236
  193  8000  3.00  0.50  2.00  1.25  0.00   1.823   1.823   0.064   0.198   1.297   1.296   2.860   0.147   0.154
  194  8000  3.50  0.50  2.00  1.25  0.00   1.725   1.725   0.079   0.218   1.130   1.129   2.878   0.144   0.077
  195  8000  4.00  0.50  2.00  1.25  0.00   1.601   1.601   0.106   0.227   0.933   0.933   2.880   0.149   0.004
  196  8000  4.50  0.50  2.00  1.25  0.00   1.470   1.470   0.130   0.230   0.748   0.748   2.876   0.149  -0.058
  197  8000  5.00  0.50  2.00  1.25  0.00   1.343   1.343   0.148   0.231   0.583   0.582   2.869   0.144  -0.111
  198  8250  1.00  0.50  2.00  1.25  0.00   1.675   1.676   0.088   0.090   1.316   1.317   2.619   0.144   0.401
  199  8250  1.50  0.50  2.00  1.25  0.00   1.864   1.864   0.038   0.120   1.546   1.546   2.706   0.128   0.397
  200  8250  2.00  0.50  2.00  1.25  0.00   1.881   1.881   0.029   0.139   1.543   1.544   2.771   0.123   0.332
  201  8250  2.50  0.50  2.00  1.25  0.00   1.846   1.846   0.033   0.160   1.457   1.457   2.823   0.120   0.250
  202  8250  3.00  0.50  2.00  1.25  0.00   1.782   1.782   0.043   0.183   1.328   1.327   2.864   0.118   0.162
  203  8250  3.50  0.50  2.00  1.25  0.00   1.700   1.699   0.056   0.206   1.174   1.173   2.891   0.117   0.081
  204  8250  4.00  0.50  2.00  1.25  0.00   1.599   1.599   0.073   0.226   0.999   0.998   2.904   0.115   0.005
  205  8250  4.50  0.50  2.00  1.25  0.00   1.477   1.476   0.101   0.235   0.804   0.803   2.905   0.122  -0.066
  206  8250  5.00  0.50  2.00  1.25  0.00   1.349   1.349   0.124   0.237   0.625   0.625   2.900   0.122  -0.125
  207  8500  1.50  0.50  2.00  1.25  0.00   1.731   1.731   0.037   0.103   1.447   1.448   2.675   0.103   0.394
  208  8500  2.00  0.50  2.00  1.25  0.00   1.787   1.787   0.019   0.122   1.501   1.501   2.747   0.095   0.342
  209  8500  2.50  0.50  2.00  1.25  0.00   1.773   1.773   0.019   0.143   1.447   1.447   2.808   0.093   0.262
  210  8500  3.00  0.50  2.00  1.25  0.00   1.727   1.727   0.026   0.167   1.339   1.339   2.859   0.092   0.173
  211  8500  3.50  0.50  2.00  1.25  0.00   1.661   1.660   0.037   0.193   1.200   1.200   2.896   0.091   0.086
  212  8500  4.00  0.50  2.00  1.25  0.00   1.578   1.578   0.050   0.219   1.038   1.038   2.919   0.089   0.006
  213  8500  4.50  0.50  2.00  1.25  0.00   1.476   1.476   0.071   0.239   0.855   0.855   2.928   0.092  -0.069
  214  8500  5.00  0.50  2.00  1.25  0.00   1.354   1.354   0.098   0.244   0.667   0.667   2.927   0.096  -0.135
  215  8750  1.50  0.50  2.00  1.25  0.00   1.589   1.590   0.038   0.091   1.328   1.329   2.648   0.079   0.379
  216  8750  2.00  0.50  2.00  1.25  0.00   1.685   1.685   0.014   0.110   1.436   1.437   2.721   0.073   0.346
  217  8750  2.50  0.50  2.00  1.25  0.00   1.692   1.692   0.009   0.129   1.416   1.416   2.788   0.069   0.272
  218  8750  3.00  0.50  2.00  1.25  0.00   1.662   1.662   0.012   0.152   1.331   1.331   2.846   0.066   0.184
  219  8750  3.50  0.50  2.00  1.25  0.00   1.610   1.610   0.021   0.179   1.208   1.208   2.893   0.066   0.093
  220  8750  4.00  0.50  2.00  1.25  0.00   1.543   1.542   0.033   0.208   1.059   1.059   2.926   0.066   0.007
  221  8750  4.50  0.50  2.00  1.25  0.00   1.459   1.459   0.048   0.235   0.891   0.891   2.943   0.065  -0.070
  222  8750  5.00  0.50  2.00  1.25  0.00   1.354   1.354   0.072   0.251   0.706   0.706   2.948   0.071  -0.141
  223  9000  1.50  0.50  2.00  0.00  0.00   1.444   1.445   0.039   0.083   1.198   1.199   2.626   0.054   0.356
  224  9000  2.00  0.50  2.00  0.00  0.00   1.581   1.582   0.010   0.100   1.358   1.358   2.697   0.049   0.343
  225  9000  2.50  0.50  2.00  0.00  0.00   1.611   1.611   0.001   0.118   1.370   1.370   2.765   0.046   0.279
  226  9000  3.00  0.50  2.00  0.00  0.00   1.595   1.595   0.002   0.140   1.309   1.309   2.829   0.044   0.194
  227  9000  3.50  0.50  2.00  0.00  0.00   1.555   1.554   0.008   0.166   1.204   1.204   2.883   0.043   0.103
  228  9000  4.00  0.50  2.00  0.00  0.00   1.498   1.498   0.018   0.195   1.070   1.069   2.924   0.042   0.014
  229  9000  4.50  0.50  2.00  0.00  0.00   1.429   1.429   0.031   0.226   0.913   0.913   2.951   0.043  -0.069
  230  9000  5.00  0.50  2.00  0.00  0.00   1.347   1.347   0.046   0.256   0.741   0.741   2.963   0.043  -0.142
  231  9250  2.00  0.50  2.00  0.00  0.00   1.476   1.476   0.008   0.094   1.270   1.271   2.677   0.029   0.332
  232  9250  2.50  0.50  2.00  0.00  0.00   1.528   1.528  -0.004   0.110   1.314   1.315   2.744   0.026   0.282
  233  9250  3.00  0.50  2.00  0.00  0.00   1.526   1.526  -0.006   0.130   1.277   1.277   2.810   0.024   0.202
  234  9250  3.50  0.50  2.00  0.00  0.00   1.497   1.497  -0.002   0.154   1.190   1.190   2.870   0.022   0.112
  235  9250  4.00  0.50  2.00  0.00  0.00   1.450   1.450   0.006   0.183   1.070   1.070   2.918   0.022   0.021
  236  9250  4.50  0.50  2.00  0.00  0.00   1.391   1.391   0.018   0.215   0.923   0.923   2.952   0.023  -0.065
  237  9250  5.00  0.50  2.00  0.00  0.00   1.320   1.319   0.032   0.248   0.757   0.757   2.970   0.024  -0.142
  238  9500  2.00  0.50  2.00  0.00  0.00   1.369   1.370   0.006   0.089   1.177   1.178   2.659   0.007   0.318
  239  9500  2.50  0.50  2.00  0.00  0.00   1.443   1.444  -0.008   0.104   1.250   1.250   2.724   0.007   0.279
  240  9500  3.00  0.50  2.00  0.00  0.00   1.457   1.458  -0.012   0.122   1.235   1.236   2.791   0.005   0.207
  241  9500  3.50  0.50  2.00  0.00  0.00   1.439   1.440  -0.009   0.145   1.167   1.167   2.854   0.005   0.120
  242  9500  4.00  0.50  2.00  0.00  0.00   1.402   1.402  -0.003   0.173   1.061   1.061   2.909   0.004   0.028
  243  9500  4.50  0.50  2.00  0.00  0.00   1.351   1.351   0.007   0.205   0.925   0.925   2.949   0.005  -0.061
  244  9500  5.00  0.50  2.00  0.00  0.00   1.288   1.288   0.019   0.240   0.767   0.767   2.973   0.006  -0.141
  245  9750  2.00  0.50  2.00  0.00  0.00   1.265   1.266   0.004   0.086   1.084   1.085   2.645  -0.013   0.299
  246  9750  2.50  0.50  2.00  0.00  0.00   1.357   1.358  -0.011   0.099   1.179   1.180   2.707  -0.012   0.272
  247  9750  3.00  0.50  2.00  0.00  0.00   1.387   1.387  -0.017   0.116   1.186   1.187   2.773  -0.012   0.209
  248  9750  3.50  0.50  2.00  0.00  0.00   1.381   1.381  -0.016   0.137   1.137   1.137   2.838  -0.013   0.126
  249  9750  4.00  0.50  2.00  0.00  0.00   1.353   1.353  -0.011   0.164   1.046   1.046   2.897  -0.012   0.035
  250  9750  4.50  0.50  2.00  0.00  0.00   1.310   1.310  -0.003   0.195   0.923   0.923   2.943  -0.013  -0.055
  251  9750  5.00  0.50  2.00  0.00  0.00   1.254   1.254   0.009   0.230   0.774   0.774   2.973  -0.010  -0.138
  252 10000  2.00  0.50  2.00  0.00  0.00   1.167   1.167   0.002   0.083   0.995   0.996   2.633  -0.033   0.280
  253 10000  2.50  0.50  2.00  0.00  0.00   1.271   1.272  -0.014   0.096   1.105   1.106   2.692  -0.030   0.261
  254 10000  3.00  0.50  2.00  0.00  0.00   1.314   1.315  -0.021   0.111   1.131   1.132   2.755  -0.030   0.208
  255 10000  3.50  0.50  2.00  0.00  0.00   1.321   1.321  -0.021   0.131   1.100   1.100   2.821  -0.028   0.130
  256 10000  4.00  0.50  2.00  0.00  0.00   1.303   1.303  -0.018   0.156   1.025   1.025   2.884  -0.029   0.041
  257 10000  4.50  0.50  2.00  0.00  0.00   1.268   1.268  -0.011   0.186   0.915   0.915   2.935  -0.028  -0.049
  258 10000  5.00  0.50  2.00  0.00  0.00   1.220   1.220  -0.001   0.221   0.776   0.777   2.970  -0.027  -0.133
  259 10500  2.00  0.50  2.00  0.00  0.00   0.992   0.993  -0.002   0.078   0.837   0.838   2.614  -0.069   0.244
  260 10500  2.50  0.50  2.00  0.00  0.00   1.108   1.108  -0.019   0.091   0.962   0.963   2.668  -0.065   0.235
  261 10500  3.00  0.50  2.00  0.00  0.00   1.169   1.170  -0.027   0.105   1.011   1.012   2.726  -0.062   0.195
  262 10500  3.50  0.50  2.00  0.00  0.00   1.196   1.196  -0.030   0.122   1.009   1.009   2.789  -0.060   0.131
  263 10500  4.00  0.50  2.00  0.00  0.00   1.197   1.198  -0.028   0.144   0.964   0.965   2.853  -0.057   0.052
  264 10500  4.50  0.50  2.00  0.00  0.00   1.180   1.180  -0.023   0.171   0.882   0.882   2.913  -0.056  -0.038
  265 10500  5.00  0.50  2.00  0.00  0.00   1.147   1.147  -0.015   0.205   0.766   0.766   2.959  -0.054  -0.125
  266 11000  2.50  0.50  2.00  0.00  0.00   0.965   0.965  -0.024   0.087   0.835   0.836   2.649  -0.096   0.210
  267 11000  3.00  0.50  2.00  0.00  0.00   1.033   1.033  -0.032   0.101   0.894   0.895   2.703  -0.091   0.177
  268 11000  3.50  0.50  2.00  0.00  0.00   1.071   1.072  -0.036   0.116   0.909   0.909   2.761  -0.088   0.125
  269 11000  4.00  0.50  2.00  0.00  0.00   1.088   1.088  -0.036   0.135   0.887   0.887   2.824  -0.085   0.054
  270 11000  4.50  0.50  2.00  0.00  0.00   1.086   1.086  -0.033   0.160   0.830   0.830   2.886  -0.083  -0.028
  271 11000  5.00  0.50  2.00  0.00  0.00   1.068   1.068  -0.027   0.191   0.738   0.738   2.940  -0.080  -0.115
  272 11500  2.50  0.50  2.00  0.00  0.00   0.844   0.845  -0.028   0.084   0.729   0.730   2.634  -0.121   0.188
  273 11500  3.00  0.50  2.00  0.00  0.00   0.912   0.912  -0.037   0.097   0.789   0.790   2.684  -0.118   0.160
  274 11500  3.50  0.50  2.00  0.00  0.00   0.955   0.955  -0.041   0.112   0.811   0.812   2.738  -0.114   0.114
  275 11500  4.00  0.50  2.00  0.00  0.00   0.980   0.981  -0.042   0.130   0.803   0.803   2.797  -0.111   0.052
  276 11500  4.50  0.50  2.00  0.00  0.00   0.990   0.991  -0.040   0.152   0.765   0.765   2.858  -0.107  -0.022
  277 11500  5.00  0.50  2.00  0.00  0.00   0.985   0.986  -0.036   0.180   0.696   0.696   2.916  -0.104  -0.105
  278 12000  2.50  0.50  2.00  0.00  0.00   0.744   0.744  -0.032   0.082   0.641   0.642   2.622  -0.143   0.170
  279 12000  3.00  0.50  2.00  0.00  0.00   0.808   0.808  -0.041   0.094   0.699   0.700   2.668  -0.141   0.145
  280 12000  3.50  0.50  2.00  0.00  0.00   0.850   0.851  -0.045   0.108   0.722   0.723   2.719  -0.137   0.102
  281 12000  4.00  0.50  2.00  0.00  0.00   0.879   0.879  -0.047   0.125   0.720   0.721   2.774  -0.134   0.047
  282 12000  4.50  0.50  2.00  0.00  0.00   0.896   0.896  -0.046   0.146   0.694   0.695   2.833  -0.130  -0.022
  283 12000  5.00  0.50  2.00  0.00  0.00   0.901   0.901  -0.043   0.172   0.642   0.643   2.891  -0.126  -0.098
  284 12500  2.50  0.50  2.00  0.00  0.00   0.658   0.659  -0.036   0.080   0.567   0.568   2.611  -0.163   0.155
  285 12500  3.00  0.50  2.00  0.00  0.00   0.719   0.720  -0.045   0.092   0.623   0.624   2.655  -0.161   0.132
  286 12500  3.50  0.50  2.00  0.00  0.00   0.759   0.760  -0.050   0.106   0.645   0.645   2.703  -0.159   0.091
  287 12500  4.00  0.50  2.00  0.00  0.00   0.787   0.788  -0.051   0.122   0.644   0.645   2.755  -0.154   0.039
  288 12500  4.50  0.50  2.00  0.00  0.00   0.807   0.807  -0.051   0.141   0.625   0.625   2.810  -0.151  -0.023
  289 12500  5.00  0.50  2.00  0.00  0.00   0.818   0.818  -0.049   0.165   0.584   0.584   2.867  -0.147  -0.094
  290 13000  2.50  0.50  2.00  0.00  0.00   0.583   0.584  -0.039   0.079   0.502   0.503   2.602  -0.179   0.142
  291 13000  3.00  0.50  2.00  0.00  0.00   0.643   0.643  -0.049   0.090   0.558   0.559   2.644  -0.178   0.120
  292 13000  3.50  0.50  2.00  0.00  0.00   0.680   0.681  -0.053   0.103   0.579   0.579   2.689  -0.176   0.082
  293 13000  4.00  0.50  2.00  0.00  0.00   0.706   0.707  -0.055   0.118   0.578   0.578   2.738  -0.173   0.033
  294 13000  4.50  0.50  2.00  0.00  0.00   0.726   0.726  -0.055   0.137   0.560   0.561   2.790  -0.169  -0.025
  295 13000  5.00  0.50  2.00  0.00  0.00   0.739   0.740  -0.054   0.160   0.526   0.526   2.844  -0.166  -0.091
  296 14000  2.50  0.50  2.00  0.00  0.00   0.455   0.456  -0.046   0.077   0.392   0.393   2.587  -0.209   0.119
  297 14000  3.00  0.50  2.00  0.00  0.00   0.515   0.516  -0.056   0.087   0.451   0.452   2.627  -0.208   0.100
  298 14000  3.50  0.50  2.00  0.00  0.00   0.550   0.551  -0.060   0.099   0.471   0.472   2.667  -0.206   0.067
  299 14000  4.00  0.50  2.00  0.00  0.00   0.572   0.573  -0.062   0.113   0.469   0.470   2.711  -0.204   0.023
  300 14000  4.50  0.50  2.00  0.00  0.00   0.589   0.590  -0.063   0.130   0.452   0.452   2.757  -0.202  -0.029
  301 14000  5.00  0.50  2.00  0.00  0.00   0.602   0.603  -0.062   0.151   0.422   0.422   2.806  -0.199  -0.089
  302 15000  2.50  0.50  2.00  0.00  0.00   0.347   0.348  -0.052   0.075   0.299   0.300   2.575  -0.235   0.099
  303 15000  3.00  0.50  2.00  0.00  0.00   0.412   0.412  -0.062   0.085   0.365   0.366   2.612  -0.233   0.085
  304 15000  3.50  0.50  2.00  0.00  0.00   0.446   0.447  -0.067   0.096   0.387   0.387   2.650  -0.232   0.055
  305 15000  4.00  0.50  2.00  0.00  0.00   0.467   0.468  -0.069   0.109   0.385   0.386   2.690  -0.230   0.015
  306 15000  4.50  0.50  2.00  0.00  0.00   0.481   0.482  -0.069   0.124   0.368   0.369   2.732  -0.228  -0.033
  307 15000  5.00  0.50  2.00  0.00  0.00   0.492   0.492  -0.069   0.144   0.339   0.340   2.776  -0.226  -0.087
  308 16000  2.50  0.50  2.00  0.00  0.00   0.250   0.251  -0.057   0.074   0.212   0.213   2.563  -0.257   0.081
  309 16000  3.00  0.50  2.00  0.00  0.00   0.323   0.324  -0.068   0.083   0.291   0.292   2.600  -0.255   0.072
  310 16000  3.50  0.50  2.00  0.00  0.00   0.360   0.361  -0.073   0.093   0.317   0.318   2.636  -0.253   0.045
  311 16000  4.00  0.50  2.00  0.00  0.00   0.381   0.382  -0.074   0.105   0.318   0.319   2.673  -0.250   0.009
  312 16000  4.50  0.50  2.00  0.00  0.00   0.394   0.395  -0.075   0.120   0.302   0.303   2.713  -0.249  -0.037
  313 16000  5.00  0.50  2.00  0.00  0.00   0.403   0.403  -0.075   0.138   0.274   0.275   2.753  -0.248  -0.086
  314 17000  2.50  0.50  2.00  0.00  0.00   0.159   0.161  -0.059   0.073   0.130   0.131   2.553  -0.275   0.062
  315 17000  3.00  0.50  2.00  0.00  0.00   0.244   0.245  -0.073   0.082   0.225   0.226   2.590  -0.274   0.059
  316 17000  3.50  0.50  2.00  0.00  0.00   0.285   0.286  -0.078   0.090   0.258   0.259   2.624  -0.272   0.037
  317 17000  4.00  0.50  2.00  0.00  0.00   0.307   0.308  -0.080   0.102   0.261   0.262   2.660  -0.270   0.002
  318 17000  4.50  0.50  2.00  0.00  0.00   0.320   0.321  -0.080   0.115   0.248   0.249   2.697  -0.267  -0.039
  319 17000  5.00  0.50  2.00  0.00  0.00   0.329   0.329  -0.080   0.132   0.222   0.223   2.735  -0.266  -0.086
  320 18000  3.00  0.50  2.00  0.00  0.00   0.172   0.173  -0.077   0.081   0.163   0.164   2.580  -0.291   0.048
  321 18000  3.50  0.50  2.00  0.00  0.00   0.218   0.219  -0.083   0.089   0.204   0.205   2.614  -0.289   0.029
  322 18000  4.00  0.50  2.00  0.00  0.00   0.242   0.243  -0.085   0.099   0.213   0.214   2.648  -0.286  -0.002
  323 18000  4.50  0.50  2.00  0.00  0.00   0.256   0.257  -0.085   0.111   0.202   0.203   2.683  -0.284  -0.041
  324 18000  5.00  0.50  2.00  0.00  0.00   0.265   0.266  -0.085   0.127   0.178   0.179   2.719  -0.282  -0.085
  325 19000  3.00  0.50  2.00  0.00  0.00   0.104   0.105  -0.080   0.080   0.102   0.103   2.572  -0.306   0.035
  326 19000  3.50  0.50  2.00  0.00  0.00   0.157   0.158  -0.087   0.088   0.154   0.155   2.605  -0.304   0.020
  327 19000  4.00  0.50  2.00  0.00  0.00   0.184   0.185  -0.090   0.097   0.168   0.169   2.638  -0.302  -0.008
  328 19000  4.50  0.50  2.00  0.00  0.00   0.200   0.201  -0.090   0.108   0.161   0.162   2.671  -0.299  -0.043
  329 19000  5.00  0.50  2.00  0.00  0.00   0.209   0.210  -0.090   0.123   0.140   0.141   2.706  -0.298  -0.085
  330 20000  3.00  0.50  2.00  0.00  0.00   0.038   0.040  -0.081   0.077   0.044   0.045   2.563  -0.319   0.023
  331 20000  3.50  0.50  2.00  0.00  0.00   0.099   0.100  -0.091   0.086   0.105   0.106   2.597  -0.319   0.011
  332 20000  4.00  0.50  2.00  0.00  0.00   0.131   0.132  -0.094   0.095   0.127   0.128   2.629  -0.315  -0.013
  333 20000  4.50  0.50  2.00  0.00  0.00   0.149   0.150  -0.094   0.105   0.124   0.125   2.661  -0.312  -0.046
  334 20000  5.00  0.50  2.00  0.00  0.00   0.159   0.160  -0.094   0.119   0.106   0.107   2.695  -0.311  -0.086
  335 21000  3.00  0.50  2.00  0.00  0.00  -0.022  -0.021  -0.082   0.074  -0.009  -0.008   2.555  -0.331   0.013
  336 21000  3.50  0.50  2.00  0.00  0.00   0.044   0.045  -0.093   0.085   0.058   0.059   2.589  -0.330   0.003
  337 21000  4.00  0.50  2.00  0.00  0.00   0.081   0.082  -0.097   0.093   0.086   0.087   2.621  -0.328  -0.019
  338 21000  4.50  0.50  2.00  0.00  0.00   0.101   0.102  -0.098   0.103   0.090   0.091   2.653  -0.325  -0.049
  339 21000  5.00  0.50  2.00  0.00  0.00   0.113   0.114  -0.098   0.116   0.075   0.077   2.685  -0.322  -0.086
  340 22000  3.00  0.50  2.00  0.00  0.00  -0.074  -0.073  -0.082   0.070  -0.051  -0.050   2.547  -0.340   0.006
  341 22000  3.50  0.50  2.00  0.00  0.00  -0.007  -0.006  -0.094   0.083   0.014   0.015   2.581  -0.340  -0.004
  342 22000  4.00  0.50  2.00  0.00  0.00   0.033   0.034  -0.099   0.091   0.047   0.048   2.613  -0.338  -0.024
  343 22000  4.50  0.50  2.00  0.00  0.00   0.056   0.057  -0.101   0.101   0.056   0.057   2.645  -0.336  -0.053
  344 22000  5.00  0.50  2.00  0.00  0.00   0.070   0.071  -0.102   0.113   0.046   0.047   2.676  -0.334  -0.087
  345 23000  3.00  0.50  2.00  0.00  0.00  -0.118  -0.117  -0.083   0.064  -0.082  -0.081   2.541  -0.349   0.001
  346 23000  3.50  0.50  2.00  0.00  0.00  -0.053  -0.052  -0.096   0.080  -0.023  -0.022   2.573  -0.351  -0.009
  347 23000  4.00  0.50  2.00  0.00  0.00  -0.013  -0.011  -0.101   0.089   0.010   0.011   2.605  -0.348  -0.029
  348 23000  4.50  0.50  2.00  0.00  0.00   0.013   0.015  -0.104   0.098   0.022   0.024   2.637  -0.347  -0.056
  349 23000  5.00  0.50  2.00  0.00  0.00   0.029   0.030  -0.105   0.110   0.017   0.019   2.669  -0.345  -0.090
  350 24000  3.00  0.50  2.00  0.00  0.00  -0.158  -0.157  -0.084   0.059  -0.108  -0.107   2.535  -0.357  -0.002
  351 24000  3.50  0.50  2.00  0.00  0.00  -0.093  -0.092  -0.097   0.076  -0.052  -0.051   2.567  -0.359  -0.013
  352 24000  4.00  0.50  2.00  0.00  0.00  -0.054  -0.053  -0.103   0.086  -0.023  -0.022   2.597  -0.358  -0.032
  353 24000  4.50  0.50  2.00  0.00  0.00  -0.027  -0.026  -0.106   0.096  -0.009  -0.008   2.629  -0.356  -0.059
  354 24000  5.00  0.50  2.00  0.00  0.00  -0.010  -0.008  -0.107   0.107  -0.011  -0.009   2.661  -0.353  -0.092
  355 25000  3.50  0.50  2.00  0.00  0.00  -0.127  -0.126  -0.099   0.071  -0.074  -0.072   2.562  -0.367  -0.015
  356 25000  4.00  0.50  2.00  0.00  0.00  -0.090  -0.089  -0.105   0.083  -0.050  -0.048   2.591  -0.366  -0.035
  357 25000  4.50  0.50  2.00  0.00  0.00  -0.065  -0.064  -0.108   0.093  -0.038  -0.037   2.621  -0.365  -0.061
  358 25000  5.00  0.50  2.00  0.00  0.00  -0.047  -0.046  -0.109   0.104  -0.037  -0.036   2.653  -0.362  -0.093
  359 26000  3.50  0.50  2.00  0.00  0.00  -0.159  -0.158  -0.101   0.066  -0.091  -0.090   2.558  -0.375  -0.017
  360 26000  4.00  0.50  2.00  0.00  0.00  -0.122  -0.121  -0.107   0.079  -0.070  -0.069   2.585  -0.374  -0.037
  361 26000  4.50  0.50  2.00  0.00  0.00  -0.099  -0.097  -0.109   0.090  -0.062  -0.060   2.614  -0.371  -0.062
  362 26000  5.00  0.50  2.00  0.00  0.00  -0.081  -0.080  -0.111   0.100  -0.062  -0.061   2.645  -0.371  -0.094
  363 27000  3.50  0.50  2.00  0.00  0.00  -0.190  -0.188  -0.102   0.060  -0.108  -0.107   2.553  -0.381  -0.018
  364 27000  4.00  0.50  2.00  0.00  0.00  -0.151  -0.150  -0.109   0.075  -0.086  -0.084   2.581  -0.381  -0.038
  365 27000  4.50  0.50  2.00  0.00  0.00  -0.129  -0.127  -0.111   0.086  -0.080  -0.079   2.608  -0.379  -0.063
  366 27000  5.00  0.50  2.00  0.00  0.00  -0.113  -0.112  -0.113   0.097  -0.083  -0.082   2.638  -0.378  -0.094
  367 28000  3.50  0.50  2.00  0.00  0.00  -0.219  -0.218  -0.102   0.054  -0.125  -0.124   2.547  -0.386  -0.018
  368 28000  4.00  0.50  2.00  0.00  0.00  -0.179  -0.178  -0.111   0.070  -0.099  -0.098   2.577  -0.388  -0.039
  369 28000  4.50  0.50  2.00  0.00  0.00  -0.156  -0.155  -0.113   0.082  -0.095  -0.094   2.603  -0.386  -0.063
  370 28000  5.00  0.50  2.00  0.00  0.00  -0.142  -0.140  -0.115   0.093  -0.100  -0.099   2.631  -0.386  -0.093
  371 29000  3.50  0.50  2.00  0.00  0.00  -0.246  -0.245  -0.102   0.048  -0.142  -0.140   2.540  -0.391  -0.017
  372 29000  4.00  0.50  2.00  0.00  0.00  -0.205  -0.204  -0.112   0.064  -0.112  -0.111   2.572  -0.394  -0.038
  373 29000  4.50  0.50  2.00  0.00  0.00  -0.182  -0.181  -0.115   0.077  -0.108  -0.107   2.599  -0.393  -0.063
  374 29000  5.00  0.50  2.00  0.00  0.00  -0.168  -0.166  -0.117   0.089  -0.114  -0.113   2.625  -0.392  -0.091
  375 30000  4.00  0.50  2.00  0.00  0.00  -0.231  -0.229  -0.112   0.059  -0.125  -0.123   2.566  -0.398  -0.036
  376 30000  4.50  0.50  2.00  0.00  0.00  -0.207  -0.205  -0.117   0.072  -0.119  -0.118   2.594  -0.399  -0.062
  377 30000  5.00  0.50  2.00  0.00  0.00  -0.192  -0.191  -0.118   0.084  -0.126  -0.125   2.620  -0.398  -0.090
  378 31000  4.00  0.50  2.00  0.00  0.00  -0.254  -0.252  -0.113   0.053  -0.137  -0.135   2.560  -0.404  -0.034
  379 31000  4.50  0.50  2.00  0.00  0.00  -0.230  -0.228  -0.118   0.067  -0.130  -0.128   2.588  -0.404  -0.060
  380 31000  5.00  0.50  2.00  0.00  0.00  -0.215  -0.214  -0.120   0.079  -0.136  -0.135   2.614  -0.404  -0.088
  381 32000  4.00  0.50  2.00  0.00  0.00  -0.273  -0.272  -0.113   0.049  -0.147  -0.146   2.553  -0.407  -0.031
  382 32000  4.50  0.50  2.00  0.00  0.00  -0.251  -0.250  -0.119   0.062  -0.140  -0.138   2.582  -0.409  -0.057
  383 32000  5.00  0.50  2.00  0.00  0.00  -0.237  -0.235  -0.121   0.074  -0.145  -0.144   2.608  -0.409  -0.085
  384 33000  4.00  0.50  2.00  0.00  0.00  -0.290  -0.288  -0.113   0.045  -0.156  -0.155   2.547  -0.410  -0.028
  385 33000  4.50  0.50  2.00  0.00  0.00  -0.270  -0.269  -0.119   0.057  -0.148  -0.147   2.575  -0.413  -0.053
  386 33000  5.00  0.50  2.00  0.00  0.00  -0.257  -0.255  -0.122   0.069  -0.153  -0.151   2.602  -0.413  -0.081
  387 34000  4.50  0.50  2.00  0.00  0.00  -0.287  -0.286  -0.119   0.053  -0.156  -0.154   2.569  -0.415  -0.050
  388 34000  5.00  0.50  2.00  0.00  0.00  -0.274  -0.273  -0.123   0.064  -0.160  -0.158   2.595  -0.417  -0.077
  389 35000  4.50  0.50  2.00  0.00  0.00  -0.301  -0.299  -0.120   0.049  -0.162  -0.160   2.563  -0.419  -0.046
  390 35000  5.00  0.50  2.00  0.00  0.00  -0.290  -0.288  -0.123   0.060  -0.166  -0.164   2.588  -0.420  -0.072
  391 37500  4.50  0.50  2.00  0.00  0.00  -0.325  -0.324  -0.123   0.045  -0.171  -0.169   2.550  -0.426  -0.036
  392 37500  5.00  0.50  2.00  0.00  0.00  -0.319  -0.318  -0.125   0.052  -0.176  -0.175   2.572  -0.428  -0.059
  393 40000  5.00  0.50  2.00  0.00  0.00  -0.338  -0.336  -0.128   0.048  -0.180  -0.179   2.561  -0.434  -0.050
  394 42500  5.00  0.50  2.00  0.00  0.00  -0.351  -0.349  -0.133   0.048  -0.183  -0.182   2.554  -0.441  -0.043
  395 45000  5.00  0.50  2.00  0.00  0.00  -0.361  -0.359  -0.137   0.049  -0.186  -0.185   2.550  -0.447  -0.040