TEFF   5777.  GRAVITY 4.43770 LTE 
TITLE  [0.0] VTURB=1.0 KM/SEC  L/H=1.25 NOVER NEW ODF                           
 OPACITY IFOP 1 1 1 1 1 1 1 1 1 1 1 1 1 0 1 0 0 0 0 0
 CONVECTION ON   1.25 TURBULENCE OFF  0.00  0.00  0.00  0.00
ABUNDANCE SCALE   1.00000 ABUNDANCE CHANGE 1 0.92040 2 0.07834
 ABUNDANCE CHANGE  3 -10.94  4 -10.64  5  -9.49  6  -3.52  7  -4.12  8  -3.21
 ABUNDANCE CHANGE  9  -7.48 10  -3.96 11  -5.71 12  -4.46 13  -5.57 14  -4.49
 ABUNDANCE CHANGE 15  -6.59 16  -4.71 17  -6.54 18  -5.64 19  -6.92 20  -5.68
 ABUNDANCE CHANGE 21  -8.87 22  -7.02 23  -8.04 24  -6.37 25  -6.65 26  -4.54
 ABUNDANCE CHANGE 27  -7.12 28  -5.79 29  -7.83 30  -7.44 31  -9.16 32  -8.63
 ABUNDANCE CHANGE 33  -9.67 34  -8.63 35  -9.41 36  -8.73 37  -9.44 38  -9.07
 ABUNDANCE CHANGE 39  -9.80 40  -9.44 41 -10.62 42 -10.12 43 -20.00 44 -10.20
 ABUNDANCE CHANGE 45 -10.92 46 -10.35 47 -11.10 48 -10.27 49 -10.38 50 -10.04
 ABUNDANCE CHANGE 51 -11.04 52  -9.80 53 -10.53 54  -9.87 55 -10.91 56  -9.91
 ABUNDANCE CHANGE 57 -10.87 58 -10.46 59 -11.33 60 -10.54 61 -20.00 62 -11.03
 ABUNDANCE CHANGE 63 -11.53 64 -10.92 65 -11.69 66 -10.90 67 -11.78 68 -11.11
 ABUNDANCE CHANGE 69 -12.04 70 -10.96 71 -11.98 72 -11.16 73 -12.17 74 -10.93
 ABUNDANCE CHANGE 75 -11.76 76 -10.59 77 -10.69 78 -10.24 79 -11.03 80 -10.91
 ABUNDANCE CHANGE 81 -11.14 82 -10.09 83 -11.33 84 -20.00 85 -20.00 86 -20.00
 ABUNDANCE CHANGE 87 -20.00 88 -20.00 89 -20.00 90 -11.95 91 -20.00 92 -12.54
 ABUNDANCE CHANGE 93 -20.00 94 -20.00 95 -20.00 96 -20.00 97 -20.00 98 -20.00
 ABUNDANCE CHANGE 99 -20.00
READ DECK6 72 RHOX,T,P,XNE,ABROSS,ACCRAD,VTURB, FLXCNV,VCONV,VELSND
 5.85641157E-04   3650.6 1.604E+01 2.691E+09 2.277E-04 4.614E-02 1.000E+05 0.000E+00 0.000E+00 6.696E+05
 7.64075733E-04   3679.3 2.093E+01 3.460E+09 2.708E-04 5.246E-02 1.000E+05 0.000E+00 0.000E+00 6.624E+05
 9.64357866E-04   3708.1 2.642E+01 4.323E+09 3.215E-04 5.875E-02 1.000E+05 0.000E+00 0.000E+00 6.581E+05
 1.18880467E-03   3739.6 3.257E+01 5.301E+09 3.833E-04 6.556E-02 1.000E+05 0.000E+00 0.000E+00 6.560E+05
 1.43968315E-03   3772.9 3.944E+01 6.405E+09 4.580E-04 7.260E-02 1.000E+05 0.000E+00 0.000E+00 6.552E+05
 1.72040589E-03   3806.0 4.713E+01 7.644E+09 5.440E-04 7.922E-02 1.000E+05 0.000E+00 0.000E+00 6.552E+05
 2.04518462E-03   3835.7 5.603E+01 9.057E+09 6.106E-04 7.528E-02 1.000E+05 0.000E+00 0.000E+00 6.555E+05
 2.43018260E-03   3864.0 6.658E+01 1.072E+10 6.884E-04 7.232E-02 1.000E+05 0.000E+00 0.000E+00 6.559E+05
 2.88470951E-03   3890.9 7.903E+01 1.265E+10 7.789E-04 7.010E-02 1.000E+05 0.000E+00 0.000E+00 6.566E+05
 3.41955100E-03   3916.6 9.368E+01 1.491E+10 8.839E-04 6.855E-02 1.000E+05 0.000E+00 0.000E+00 6.574E+05
 4.04794408E-03   3941.6 1.109E+02 1.753E+10 1.003E-03 6.719E-02 1.000E+05 0.000E+00 0.000E+00 6.583E+05
 4.78584432E-03   3965.8 1.311E+02 2.059E+10 1.140E-03 6.628E-02 1.000E+05 0.000E+00 0.000E+00 6.724E+05
 5.65179969E-03   3989.5 1.548E+02 2.413E+10 1.295E-03 6.580E-02 1.000E+05 0.000E+00 0.000E+00 6.605E+05
 6.66906536E-03   4013.0 1.827E+02 2.826E+10 1.469E-03 6.535E-02 1.000E+05 0.000E+00 0.000E+00 6.617E+05
 7.86355557E-03   4036.1 2.154E+02 3.307E+10 1.670E-03 6.536E-02 1.000E+05 0.000E+00 0.000E+00 6.630E+05
 9.26347859E-03   4059.1 2.538E+02 3.865E+10 1.902E-03 6.579E-02 1.000E+05 0.000E+00 0.000E+00 6.644E+05
 1.09016165E-02   4082.2 2.987E+02 4.512E+10 2.169E-03 6.662E-02 1.000E+05 0.000E+00 0.000E+00 6.658E+05
 1.28179248E-02   4105.9 3.512E+02 5.265E+10 2.472E-03 6.736E-02 1.000E+05 0.000E+00 0.000E+00 6.674E+05
 1.50599675E-02   4130.2 4.126E+02 6.140E+10 2.818E-03 6.820E-02 1.000E+05 0.000E+00 0.000E+00 6.691E+05
 1.76802582E-02   4155.0 4.844E+02 7.157E+10 3.217E-03 6.938E-02 1.000E+05 0.000E+00 0.000E+00 6.708E+05
 2.07415612E-02   4180.6 5.683E+02 8.339E+10 3.671E-03 7.056E-02 1.000E+05 0.000E+00 0.000E+00 6.727E+05
 2.43225675E-02   4207.0 6.664E+02 9.715E+10 4.183E-03 7.153E-02 1.000E+05 0.000E+00 0.000E+00 6.746E+05
 2.85110592E-02   4234.1 7.811E+02 1.132E+11 4.771E-03 7.262E-02 1.000E+05 0.000E+00 0.000E+00 6.766E+05
 3.34046767E-02   4261.5 9.152E+02 1.318E+11 5.448E-03 7.388E-02 1.000E+05 0.000E+00 0.000E+00 6.787E+05
 3.91206153E-02   4289.6 1.072E+03 1.534E+11 6.219E-03 7.511E-02 1.000E+05 0.000E+00 0.000E+00 6.808E+05
 4.58002856E-02   4318.2 1.255E+03 1.785E+11 7.095E-03 7.632E-02 1.000E+05 0.000E+00 0.000E+00 6.830E+05
 5.36033682E-02   4346.7 1.469E+03 2.077E+11 8.104E-03 7.794E-02 1.000E+05 0.000E+00 0.000E+00 6.852E+05
 6.27076704E-02   4375.2 1.718E+03 2.415E+11 9.268E-03 8.036E-02 1.000E+05 0.000E+00 0.000E+00 6.874E+05
 7.33161154E-02   4403.5 2.009E+03 2.806E+11 1.061E-02 8.390E-02 1.000E+05 0.000E+00 0.000E+00 6.895E+05
 8.56693465E-02   4432.0 2.347E+03 3.258E+11 1.215E-02 8.794E-02 1.000E+05 0.000E+00 0.000E+00 6.916E+05
 1.00053833E-01   4460.5 2.741E+03 3.780E+11 1.392E-02 9.256E-02 1.000E+05 0.000E+00 0.000E+00 6.938E+05
 1.16802817E-01   4489.1 3.200E+03 4.385E+11 1.594E-02 9.787E-02 1.000E+05 0.000E+00 0.000E+00 6.959E+05
 1.36329704E-01   4518.0 3.735E+03 5.085E+11 1.821E-02 1.036E-01 1.000E+05 0.000E+00 0.000E+00 6.980E+05
 1.59106866E-01   4547.2 4.359E+03 5.896E+11 2.083E-02 1.105E-01 1.000E+05 0.000E+00 0.000E+00 7.002E+05
 1.85679061E-01   4576.9 5.087E+03 6.838E+11 2.379E-02 1.177E-01 1.000E+05 0.000E+00 0.000E+00 7.024E+05
 2.16841692E-01   4608.4 5.941E+03 7.940E+11 2.696E-02 1.219E-01 1.000E+05 0.000E+00 0.000E+00 7.047E+05
 2.53481159E-01   4638.8 6.945E+03 9.221E+11 3.060E-02 1.273E-01 1.000E+05 0.000E+00 0.000E+00 7.069E+05
 2.96490507E-01   4669.0 8.123E+03 1.071E+12 3.478E-02 1.340E-01 1.000E+05 0.000E+00 0.000E+00 7.090E+05
 3.46921352E-01   4699.1 9.505E+03 1.245E+12 3.957E-02 1.424E-01 1.000E+05 0.000E+00 0.000E+00 7.111E+05
 4.06047109E-01   4729.8 1.112E+04 1.446E+12 4.500E-02 1.522E-01 1.000E+05 0.000E+00 0.000E+00 7.132E+05
 4.75370514E-01   4761.3 1.302E+04 1.682E+12 5.120E-02 1.638E-01 1.000E+05 0.000E+00 0.000E+00 7.154E+05
 5.56562452E-01   4794.3 1.525E+04 1.957E+12 5.835E-02 1.779E-01 1.000E+05 0.000E+00 0.000E+00 7.177E+05
 6.51432603E-01   4829.4 1.785E+04 2.279E+12 6.667E-02 1.955E-01 1.000E+05 0.000E+00 0.000E+00 7.201E+05
 7.62112599E-01   4868.3 2.088E+04 2.659E+12 7.622E-02 2.154E-01 1.000E+05 0.000E+00 0.000E+00 7.229E+05
 8.91197416E-01   4911.8 2.442E+04 3.108E+12 8.717E-02 2.380E-01 1.000E+05 0.000E+00 0.000E+00 7.260E+05
 1.04166169E+00   4961.0 2.854E+04 3.644E+12 9.976E-02 2.636E-01 1.000E+05 0.000E+00 0.000E+00 7.297E+05
 1.21686620E+00   5017.5 3.334E+04 4.288E+12 1.143E-01 2.931E-01 1.000E+05 0.000E+00 0.000E+00 7.340E+05
 1.42048476E+00   5083.5 3.892E+04 5.075E+12 1.313E-01 3.277E-01 1.000E+05 0.000E+00 0.000E+00 7.391E+05
 1.65658240E+00   5160.3 4.538E+04 6.049E+12 1.512E-01 3.675E-01 1.000E+05 0.000E+00 0.000E+00 7.451E+05
 1.92945660E+00   5250.4 5.286E+04 7.289E+12 1.749E-01 4.144E-01 1.000E+05 0.000E+00 0.000E+00 7.520E+05
 2.24283576E+00   5355.6 6.145E+04 8.924E+12 2.041E-01 4.717E-01 1.000E+05 0.000E+00 0.000E+00 7.600E+05
 2.59734741E+00   5480.5 7.116E+04 1.122E+13 2.434E-01 5.520E-01 1.000E+05 0.000E+00 0.000E+00 7.692E+05
 2.98868118E+00   5626.6 8.188E+04 1.465E+13 2.981E-01 6.627E-01 1.000E+05 0.000E+00 0.000E+00 7.794E+05
 3.40668625E+00   5797.6 9.333E+04 2.018E+13 3.803E-01 8.299E-01 1.000E+05 0.000E+00 0.000E+00 7.908E+05
 3.83114563E+00   5998.6 1.050E+05 2.965E+13 5.149E-01 1.113E+00 1.000E+05 0.000E+00 0.000E+00 8.032E+05
 4.23673588E+00   6237.7 1.161E+05 4.690E+13 7.404E-01 1.586E+00 1.000E+05 8.463E-06 6.086E+03 8.165E+05
 4.60176727E+00   6516.4 1.261E+05 7.899E+13 1.130E+00 2.401E+00 1.000E+05 1.111E-03 3.029E+04 8.298E+05
 4.91132547E+00   6844.1 1.346E+05 1.409E+14 1.827E+00 3.805E+00 1.000E+05 1.755E-02 7.458E+04 8.421E+05
 5.16015874E+00   7218.0 1.414E+05 2.586E+14 3.079E+00 5.981E+00 1.000E+05 5.957E-02 1.089E+05 8.517E+05
 5.35960004E+00   7581.5 1.468E+05 4.441E+14 5.004E+00 8.132E+00 1.000E+05 2.246E-01 1.665E+05 8.575E+05
 5.53049123E+00   7889.8 1.515E+05 6.791E+14 7.462E+00 9.098E+00 1.000E+05 4.252E-01 2.021E+05 8.609E+05
 5.68895763E+00   8152.1 1.558E+05 9.530E+14 1.038E+01 8.995E+00 1.000E+05 5.897E-01 2.196E+05 8.637E+05
 5.84472184E+00   8380.1 1.601E+05 1.261E+15 1.378E+01 8.489E+00 1.000E+05 7.075E-01 2.274E+05 8.665E+05
 6.00382714E+00   8587.2 1.645E+05 1.607E+15 1.773E+01 7.924E+00 1.000E+05 7.876E-01 2.296E+05 8.697E+05
 6.17092543E+00   8777.5 1.691E+05 1.993E+15 2.226E+01 7.420E+00 1.000E+05 8.418E-01 2.290E+05 8.733E+05
 6.34967824E+00   8959.7 1.739E+05 2.431E+15 2.757E+01 6.997E+00 1.000E+05 8.801E-01 2.273E+05 8.775E+05
 6.54347618E+00   9133.9 1.793E+05 2.923E+15 3.370E+01 6.566E+00 1.000E+05 9.072E-01 2.239E+05 8.821E+05
 6.75579538E+00   9304.4 1.851E+05 3.481E+15 4.087E+01 6.236E+00 1.000E+05 9.283E-01 2.217E+05 8.873E+05
 6.98980882E+00   9474.5 1.915E+05 4.124E+15 4.930E+01 5.840E+00 1.000E+05 9.432E-01 2.166E+05 8.930E+05
 7.25006166E+00   9638.3 1.986E+05 4.838E+15 5.882E+01 5.540E+00 1.000E+05 9.559E-01 2.147E+05 8.992E+05
 7.54000118E+00   9811.9 2.066E+05 5.698E+15 7.055E+01 5.221E+00 1.000E+05 9.646E-01 2.093E+05 9.063E+05
 7.86557045E+00   9971.8 2.155E+05 6.613E+15 8.309E+01 5.187E+00 1.000E+05 9.704E-01 2.062E+05 9.134E+05
PRADK 1.4879E+00
BEGIN                    ITERATION  15 COMPLETED
