TEFF   7250.  GRAVITY 3.50000 LTE
TITLE  [ 0.0] VTURB=0  L/H=1.25 NOVER NEW ODF
OPACITY IFOP 1 1 1 1 1 1 1 1 1 1 1 1 1 0 1 0 0 0 0 0
CONVECTION ON   1.25 TURBULENCE OFF  0.00  0.00  0.00  0.00
ABUNDANCE SCALE   1.00000 ABUNDANCE CHANGE 1 0.92040 2 0.07834
ABUNDANCE CHANGE  3 -10.94  4 -10.64  5  -9.49  6  -3.52  7  -4.12  8  -3.21
ABUNDANCE CHANGE  9  -7.48 10  -3.96 11  -5.71 12  -4.46 13  -5.57 14  -4.49
ABUNDANCE CHANGE 15  -6.59 16  -4.71 17  -6.54 18  -5.64 19  -6.92 20  -5.68
ABUNDANCE CHANGE 21  -8.87 22  -7.02 23  -8.04 24  -6.37 25  -6.65 26  -4.54
ABUNDANCE CHANGE 27  -7.12 28  -5.79 29  -7.83 30  -7.44 31  -9.16 32  -8.63
ABUNDANCE CHANGE 33  -9.67 34  -8.63 35  -9.41 36  -8.73 37  -9.44 38  -9.07
ABUNDANCE CHANGE 39  -9.80 40  -9.44 41 -10.62 42 -10.12 43 -20.00 44 -10.20
ABUNDANCE CHANGE 45 -10.92 46 -10.35 47 -11.10 48 -10.27 49 -10.38 50 -10.04
ABUNDANCE CHANGE 51 -11.04 52  -9.80 53 -10.53 54  -9.87 55 -10.91 56  -9.91
ABUNDANCE CHANGE 57 -10.87 58 -10.46 59 -11.33 60 -10.54 61 -20.00 62 -11.03
ABUNDANCE CHANGE 63 -11.53 64 -10.92 65 -11.69 66 -10.90 67 -11.78 68 -11.11
ABUNDANCE CHANGE 69 -12.04 70 -10.96 71 -11.98 72 -11.16 73 -12.17 74 -10.93
ABUNDANCE CHANGE 75 -11.76 76 -10.59 77 -10.69 78 -10.24 79 -11.03 80 -10.91
ABUNDANCE CHANGE 81 -11.14 82 -10.09 83 -11.33 84 -20.00 85 -20.00 86 -20.00
ABUNDANCE CHANGE 87 -20.00 88 -20.00 89 -20.00 90 -11.95 91 -20.00 92 -12.54
ABUNDANCE CHANGE 93 -20.00 94 -20.00 95 -20.00 96 -20.00 97 -20.00 98 -20.00
ABUNDANCE CHANGE 99 -20.00
READ DECK6 72 RHOX,T,P,XNE,ABROSS,ACCRAD,VTURB, FLXCNV,VCONV,VELSND
2.42773203E-04   4598.9 7.677E-01 1.153E+09 5.493E-04 1.908E-01 0.000E+00 0.000E+00 0.000E+00 1.829E+06
3.24439215E-04   4618.4 1.026E+00 1.441E+09 5.399E-04 1.896E-01 0.000E+00 0.000E+00 0.000E+00 1.635E+06
4.34626932E-04   4639.6 1.374E+00 1.812E+09 5.366E-04 1.860E-01 0.000E+00 0.000E+00 0.000E+00 1.467E+06
5.81481441E-04   4662.8 1.839E+00 2.292E+09 5.405E-04 1.819E-01 0.000E+00 0.000E+00 0.000E+00 1.325E+06
7.74685308E-04   4687.6 2.450E+00 2.905E+09 5.519E-04 1.779E-01 0.000E+00 0.000E+00 0.000E+00 1.206E+06
1.02533917E-03   4713.3 3.242E+00 3.677E+09 5.708E-04 1.742E-01 0.000E+00 0.000E+00 0.000E+00 1.110E+06
1.34629513E-03   4740.0 4.257E+00 4.645E+09 5.983E-04 1.716E-01 0.000E+00 0.000E+00 0.000E+00 1.032E+06
1.75195836E-03   4767.6 5.540E+00 5.852E+09 6.351E-04 1.691E-01 0.000E+00 0.000E+00 0.000E+00 9.694E+05
2.25793740E-03   4796.5 7.140E+00 7.353E+09 6.836E-04 1.674E-01 0.000E+00 0.000E+00 0.000E+00 9.198E+05
2.88018646E-03   4826.6 9.108E+00 9.215E+09 7.462E-04 1.673E-01 0.000E+00 0.000E+00 0.000E+00 8.808E+05
3.63574115E-03   4858.0 1.150E+01 1.151E+10 8.239E-04 1.674E-01 0.000E+00 0.000E+00 0.000E+00 8.503E+05
4.54368437E-03   4890.4 1.437E+01 1.433E+10 9.183E-04 1.676E-01 0.000E+00 0.000E+00 0.000E+00 8.264E+05
5.62564542E-03   4923.6 1.779E+01 1.776E+10 1.031E-03 1.674E-01 0.000E+00 0.000E+00 0.000E+00 8.078E+05
6.90650336E-03   4957.4 2.184E+01 2.193E+10 1.165E-03 1.668E-01 0.000E+00 0.000E+00 0.000E+00 7.933E+05
8.41518446E-03   4991.5 2.661E+01 2.695E+10 1.321E-03 1.659E-01 0.000E+00 0.000E+00 0.000E+00 7.820E+05
1.01849308E-02   5025.9 3.221E+01 3.299E+10 1.505E-03 1.651E-01 0.000E+00 0.000E+00 0.000E+00 7.732E+05
1.22530938E-02   5060.4 3.875E+01 4.020E+10 1.720E-03 1.653E-01 0.000E+00 0.000E+00 0.000E+00 7.665E+05
1.46632036E-02   5095.0 4.637E+01 4.882E+10 1.970E-03 1.653E-01 0.000E+00 0.000E+00 0.000E+00 7.613E+05
1.74672295E-02   5129.5 5.523E+01 5.905E+10 2.260E-03 1.653E-01 0.000E+00 0.000E+00 0.000E+00 7.573E+05
2.07261176E-02   5164.0 6.554E+01 7.118E+10 2.594E-03 1.655E-01 0.000E+00 0.000E+00 0.000E+00 7.544E+05
2.45112826E-02   5198.4 7.751E+01 8.552E+10 2.978E-03 1.658E-01 0.000E+00 0.000E+00 0.000E+00 7.523E+05
2.89062675E-02   5232.7 9.141E+01 1.024E+11 3.421E-03 1.664E-01 0.000E+00 0.000E+00 0.000E+00 7.509E+05
3.40075066E-02   5266.8 1.075E+02 1.224E+11 3.931E-03 1.677E-01 0.000E+00 0.000E+00 0.000E+00 7.500E+05
3.99254971E-02   5301.0 1.263E+02 1.459E+11 4.520E-03 1.698E-01 0.000E+00 0.000E+00 0.000E+00 7.496E+05
4.67881492E-02   5335.3 1.480E+02 1.736E+11 5.199E-03 1.723E-01 0.000E+00 0.000E+00 0.000E+00 7.496E+05
5.47439572E-02   5369.9 1.731E+02 2.064E+11 5.982E-03 1.752E-01 0.000E+00 0.000E+00 0.000E+00 7.499E+05
6.39597997E-02   5404.6 2.022E+02 2.449E+11 6.889E-03 1.794E-01 0.000E+00 0.000E+00 0.000E+00 7.505E+05
7.46262969E-02   5439.8 2.360E+02 2.905E+11 7.940E-03 1.843E-01 0.000E+00 0.000E+00 0.000E+00 7.513E+05
8.69634816E-02   5475.5 2.750E+02 3.444E+11 9.157E-03 1.899E-01 0.000E+00 0.000E+00 0.000E+00 7.523E+05
1.01225338E-01   5511.6 3.201E+02 4.081E+11 1.057E-02 1.962E-01 0.000E+00 0.000E+00 0.000E+00 7.535E+05
1.17700506E-01   5548.2 3.722E+02 4.833E+11 1.220E-02 2.041E-01 0.000E+00 0.000E+00 0.000E+00 7.548E+05
1.36720488E-01   5585.4 4.323E+02 5.722E+11 1.410E-02 2.129E-01 0.000E+00 0.000E+00 0.000E+00 7.562E+05
1.58677729E-01   5622.9 5.018E+02 6.769E+11 1.628E-02 2.225E-01 0.000E+00 0.000E+00 0.000E+00 7.578E+05
1.84036617E-01   5660.5 5.819E+02 7.997E+11 1.879E-02 2.332E-01 0.000E+00 0.000E+00 0.000E+00 7.594E+05
2.13349004E-01   5698.0 6.746E+02 9.434E+11 2.167E-02 2.453E-01 0.000E+00 0.000E+00 0.000E+00 7.611E+05
2.47272049E-01   5735.2 7.819E+02 1.111E+12 2.495E-02 2.590E-01 0.000E+00 0.000E+00 0.000E+00 7.630E+05
2.86571349E-01   5772.3 9.062E+02 1.306E+12 2.871E-02 2.752E-01 0.000E+00 0.000E+00 0.000E+00 7.649E+05
3.32127133E-01   5809.1 1.050E+03 1.533E+12 3.303E-02 2.946E-01 0.000E+00 0.000E+00 0.000E+00 7.668E+05
3.84927218E-01   5846.3 1.217E+03 1.800E+12 3.801E-02 3.179E-01 0.000E+00 0.000E+00 0.000E+00 7.688E+05
4.46101914E-01   5884.0 1.411E+03 2.113E+12 4.376E-02 3.450E-01 0.000E+00 0.000E+00 0.000E+00 7.709E+05
5.16926163E-01   5922.9 1.635E+03 2.484E+12 5.043E-02 3.769E-01 0.000E+00 0.000E+00 0.000E+00 7.730E+05
5.98789617E-01   5963.4 1.893E+03 2.926E+12 5.825E-02 4.146E-01 0.000E+00 0.000E+00 0.000E+00 7.751E+05
6.93163489E-01   6006.4 2.192E+03 3.461E+12 6.749E-02 4.599E-01 0.000E+00 0.000E+00 0.000E+00 7.774E+05
8.01517559E-01   6052.8 2.534E+03 4.115E+12 7.859E-02 5.149E-01 0.000E+00 0.000E+00 0.000E+00 7.796E+05
9.25223124E-01   6104.0 2.925E+03 4.929E+12 9.210E-02 5.828E-01 0.000E+00 0.000E+00 0.000E+00 7.820E+05
1.06533547E+00   6161.8 3.368E+03 5.967E+12 1.090E-01 6.690E-01 0.000E+00 0.000E+00 0.000E+00 7.843E+05
1.22215028E+00   6228.4 3.864E+03 7.322E+12 1.308E-01 7.830E-01 0.000E+00 0.000E+00 0.000E+00 7.867E+05
1.39508301E+00   6306.2 4.411E+03 9.135E+12 1.594E-01 9.335E-01 0.000E+00 0.000E+00 0.000E+00 7.891E+05
1.58257167E+00   6398.1 5.004E+03 1.163E+13 1.979E-01 1.137E+00 0.000E+00 0.000E+00 0.000E+00 7.914E+05
1.78166713E+00   6507.2 5.633E+03 1.515E+13 2.515E-01 1.422E+00 0.000E+00 0.000E+00 0.000E+00 7.935E+05
1.98784340E+00   6637.5 6.285E+03 2.029E+13 3.285E-01 1.834E+00 0.000E+00 0.000E+00 0.000E+00 7.954E+05
2.19468767E+00   6794.1 6.938E+03 2.804E+13 4.447E-01 2.463E+00 0.000E+00 3.616E-01 0.000E+00 7.969E+05
2.39460292E+00   6981.8 7.570E+03 4.004E+13 6.260E-01 3.456E+00 0.000E+00 2.106E+01 4.484E+02 7.981E+05
2.57948948E+00   7207.7 8.154E+03 5.931E+13 9.259E-01 5.126E+00 0.000E+00 9.210E+02 1.637E+03 7.994E+05
2.74119338E+00   7480.8 8.664E+03 9.136E+13 1.456E+00 8.131E+00 0.000E+00 5.216E+04 5.455E+03 8.020E+05
2.87391955E+00   7805.8 9.082E+03 1.453E+14 2.444E+00 1.384E+01 0.000E+00 3.159E+06 1.987E+04 8.075E+05
2.97493650E+00   8199.6 9.400E+03 2.396E+14 4.465E+00 2.570E+01 0.000E+00 2.813E+07 7.370E+04 8.191E+05
3.04402288E+00   8691.8 9.616E+03 4.128E+14 9.102E+00 5.092E+01 0.000E+00 5.009E+08 1.350E+05 8.420E+05
3.08979083E+00   9183.8 9.758E+03 6.575E+14 1.745E+01 8.020E+01 0.000E+00 2.212E+09 3.604E+05 8.747E+05
3.12585681E+00   9536.6 9.869E+03 8.793E+14 2.650E+01 8.441E+01 0.000E+00 4.820E+09 5.067E+05 9.047E+05
3.15996634E+00   9806.7 9.974E+03 1.073E+15 3.534E+01 7.569E+01 0.000E+00 7.071E+09 5.692E+05 9.314E+05
3.19538559E+00  10033.9 1.008E+04 1.250E+15 4.401E+01 6.703E+01 0.000E+00 8.648E+09 6.111E+05 9.564E+05
3.23398016E+00  10255.3 1.020E+04 1.431E+15 5.310E+01 6.044E+01 0.000E+00 9.654E+09 6.430E+05 9.828E+05
3.27724285E+00  10467.4 1.034E+04 1.610E+15 6.237E+01 5.411E+01 0.000E+00 1.032E+10 6.540E+05 1.010E+06
3.32687663E+00  10680.6 1.049E+04 1.792E+15 7.197E+01 5.350E+01 0.000E+00 1.077E+10 6.879E+05 1.039E+06
3.38430141E+00  10930.0 1.067E+04 1.998E+15 8.291E+01 5.075E+01 0.000E+00 1.086E+10 6.866E+05 1.074E+06
3.45190672E+00  11156.5 1.088E+04 2.183E+15 9.225E+01 5.226E+01 0.000E+00 1.125E+10 7.108E+05 1.107E+06
3.53312786E+00  11489.8 1.113E+04 2.422E+15 1.021E+02 6.057E+01 0.000E+00 1.103E+10 7.596E+05 1.157E+06
3.63292549E+00  11862.0 1.144E+04 2.648E+15 1.084E+02 5.777E+01 0.000E+00 1.108E+10 6.965E+05 1.211E+06
3.76068837E+00  12260.4 1.183E+04 2.847E+15 1.099E+02 1.396E+02 0.000E+00 9.705E+09 8.849E+05 1.267E+06
3.98620524E+00  14674.7 1.251E+04 2.906E+15 5.686E+01 1.953E+02 0.000E+00 3.833E+09 2.262E+05 1.570E+06
4.57423249E+00  17140.1 1.427E+04 2.914E+15 2.850E+01 1.211E+02 0.000E+00 3.812E+09 9.098E+04 1.692E+06
PRADK 3.6958E+00
BEGIN                    ITERATION  15 COMPLETED
