TEFF   8000.  GRAVITY 3.00000 LTE
TITLE  [ 0.0] VTURB=0  L/H=1.25 NOVER NEW ODF
OPACITY IFOP 1 1 1 1 1 1 1 1 1 1 1 1 1 0 1 0 0 0 0 0
CONVECTION ON   1.25 TURBULENCE OFF  0.00  0.00  0.00  0.00
ABUNDANCE SCALE   1.00000 ABUNDANCE CHANGE 1 0.92040 2 0.07834
ABUNDANCE CHANGE  3 -10.94  4 -10.64  5  -9.49  6  -3.52  7  -4.12  8  -3.21
ABUNDANCE CHANGE  9  -7.48 10  -3.96 11  -5.71 12  -4.46 13  -5.57 14  -4.49
ABUNDANCE CHANGE 15  -6.59 16  -4.71 17  -6.54 18  -5.64 19  -6.92 20  -5.68
ABUNDANCE CHANGE 21  -8.87 22  -7.02 23  -8.04 24  -6.37 25  -6.65 26  -4.54
ABUNDANCE CHANGE 27  -7.12 28  -5.79 29  -7.83 30  -7.44 31  -9.16 32  -8.63
ABUNDANCE CHANGE 33  -9.67 34  -8.63 35  -9.41 36  -8.73 37  -9.44 38  -9.07
ABUNDANCE CHANGE 39  -9.80 40  -9.44 41 -10.62 42 -10.12 43 -20.00 44 -10.20
ABUNDANCE CHANGE 45 -10.92 46 -10.35 47 -11.10 48 -10.27 49 -10.38 50 -10.04
ABUNDANCE CHANGE 51 -11.04 52  -9.80 53 -10.53 54  -9.87 55 -10.91 56  -9.91
ABUNDANCE CHANGE 57 -10.87 58 -10.46 59 -11.33 60 -10.54 61 -20.00 62 -11.03
ABUNDANCE CHANGE 63 -11.53 64 -10.92 65 -11.69 66 -10.90 67 -11.78 68 -11.11
ABUNDANCE CHANGE 69 -12.04 70 -10.96 71 -11.98 72 -11.16 73 -12.17 74 -10.93
ABUNDANCE CHANGE 75 -11.76 76 -10.59 77 -10.69 78 -10.24 79 -11.03 80 -10.91
ABUNDANCE CHANGE 81 -11.14 82 -10.09 83 -11.33 84 -20.00 85 -20.00 86 -20.00
ABUNDANCE CHANGE 87 -20.00 88 -20.00 89 -20.00 90 -11.95 91 -20.00 92 -12.54
ABUNDANCE CHANGE 93 -20.00 94 -20.00 95 -20.00 96 -20.00 97 -20.00 98 -20.00
ABUNDANCE CHANGE 99 -20.00
READ DECK6 72 RHOX,T,P,XNE,ABROSS,ACCRAD,VTURB, FLXCNV,VCONV,VELSND
3.93533261E-05   4817.8 3.932E-02 5.175E+08 3.389E-03 6.442E-01 0.000E+00 0.000E+00 0.000E+00 5.637E+06
5.27959996E-05   4841.2 5.276E-02 6.506E+08 3.229E-03 6.358E-01 0.000E+00 0.000E+00 0.000E+00 4.998E+06
7.16181099E-05   4865.8 7.156E-02 8.250E+08 3.074E-03 6.221E-01 0.000E+00 0.000E+00 0.000E+00 4.412E+06
9.78556138E-05   4894.0 9.778E-02 1.062E+09 2.955E-03 6.065E-01 0.000E+00 0.000E+00 1.855E+06 3.877E+06
1.34122349E-04   4925.6 1.340E-01 1.382E+09 2.870E-03 5.897E-01 0.000E+00 0.000E+00 1.362E+06 3.398E+06
1.83710295E-04   4959.3 1.836E-01 1.809E+09 2.810E-03 5.717E-01 0.000E+00 0.000E+00 9.696E+05 2.978E+06
2.51001977E-04   4994.7 2.508E-01 2.372E+09 2.770E-03 5.533E-01 0.000E+00 0.000E+00 6.661E+05 2.614E+06
3.41704850E-04   5031.2 3.415E-01 3.111E+09 2.749E-03 5.353E-01 0.000E+00 0.000E+00 4.310E+05 2.301E+06
4.63206965E-04   5068.4 4.629E-01 4.075E+09 2.744E-03 5.185E-01 0.000E+00 0.000E+00 1.849E+05 2.035E+06
6.25067460E-04   5106.0 6.247E-01 5.319E+09 2.754E-03 5.033E-01 0.000E+00 0.000E+00 5.705E+03 1.808E+06
8.39509613E-04   5143.8 8.390E-01 6.922E+09 2.780E-03 4.905E-01 0.000E+00 0.000E+00 0.000E+00 1.616E+06
1.12172441E-03   5182.1 1.121E+00 8.982E+09 2.827E-03 4.806E-01 0.000E+00 0.000E+00 0.000E+00 1.455E+06
1.48995094E-03   5221.4 1.489E+00 1.163E+10 2.904E-03 4.736E-01 0.000E+00 0.000E+00 0.000E+00 1.319E+06
1.96529228E-03   5262.0 1.964E+00 1.504E+10 3.016E-03 4.681E-01 0.000E+00 0.000E+00 0.000E+00 1.206E+06
2.57146385E-03   5304.1 2.570E+00 1.942E+10 3.174E-03 4.634E-01 0.000E+00 0.000E+00 0.000E+00 1.112E+06
3.33459121E-03   5347.6 3.333E+00 2.500E+10 3.383E-03 4.595E-01 0.000E+00 0.000E+00 0.000E+00 1.035E+06
4.28309565E-03   5392.4 4.281E+00 3.208E+10 3.651E-03 4.567E-01 0.000E+00 0.000E+00 0.000E+00 9.723E+05
5.44818738E-03   5438.1 5.445E+00 4.097E+10 3.984E-03 4.541E-01 0.000E+00 0.000E+00 0.000E+00 9.218E+05
6.86495378E-03   5484.3 6.861E+00 5.205E+10 4.389E-03 4.518E-01 0.000E+00 0.000E+00 0.000E+00 8.813E+05
8.57337332E-03   5530.5 8.569E+00 6.568E+10 4.870E-03 4.496E-01 0.000E+00 0.000E+00 0.000E+00 8.490E+05
1.06194173E-02   5576.7 1.061E+01 8.238E+10 5.439E-03 4.487E-01 0.000E+00 0.000E+00 0.000E+00 8.233E+05
1.30556774E-02   5622.6 1.305E+01 1.027E+11 6.106E-03 4.493E-01 0.000E+00 0.000E+00 0.000E+00 8.029E+05
1.59427906E-02   5668.3 1.593E+01 1.272E+11 6.885E-03 4.512E-01 0.000E+00 0.000E+00 0.000E+00 7.867E+05
1.93503421E-02   5713.7 1.934E+01 1.567E+11 7.793E-03 4.543E-01 0.000E+00 0.000E+00 0.000E+00 7.739E+05
2.33580083E-02   5759.1 2.335E+01 1.922E+11 8.851E-03 4.589E-01 0.000E+00 0.000E+00 0.000E+00 7.639E+05
2.80565518E-02   5804.2 2.804E+01 2.346E+11 1.008E-02 4.658E-01 0.000E+00 0.000E+00 0.000E+00 7.560E+05
3.35492371E-02   5849.5 3.353E+01 2.854E+11 1.152E-02 4.747E-01 0.000E+00 0.000E+00 0.000E+00 7.500E+05
3.99535145E-02   5894.7 3.993E+01 3.458E+11 1.318E-02 4.858E-01 0.000E+00 0.000E+00 0.000E+00 7.453E+05
4.74068451E-02   5940.0 4.738E+01 4.177E+11 1.512E-02 4.985E-01 0.000E+00 0.000E+00 0.000E+00 7.419E+05
5.60716189E-02   5985.1 5.604E+01 5.026E+11 1.735E-02 5.130E-01 0.000E+00 0.000E+00 0.000E+00 7.394E+05
6.61395294E-02   6029.8 6.610E+01 6.026E+11 1.991E-02 5.298E-01 0.000E+00 0.000E+00 0.000E+00 7.377E+05
7.78410733E-02   6073.9 7.780E+01 7.198E+11 2.283E-02 5.491E-01 0.000E+00 0.000E+00 0.000E+00 7.367E+05
9.14480805E-02   6117.6 9.139E+01 8.572E+11 2.618E-02 5.717E-01 0.000E+00 0.000E+00 0.000E+00 7.363E+05
1.07277934E-01   6160.9 1.072E+02 1.018E+12 3.001E-02 5.982E-01 0.000E+00 0.000E+00 0.000E+00 7.363E+05
1.25696489E-01   6203.9 1.256E+02 1.205E+12 3.439E-02 6.301E-01 0.000E+00 0.000E+00 0.000E+00 7.367E+05
1.47122302E-01   6247.0 1.470E+02 1.425E+12 3.943E-02 6.671E-01 0.000E+00 0.000E+00 0.000E+00 7.374E+05
1.72038953E-01   6290.1 1.719E+02 1.683E+12 4.522E-02 7.095E-01 0.000E+00 0.000E+00 0.000E+00 7.384E+05
2.01007938E-01   6333.5 2.009E+02 1.985E+12 5.188E-02 7.586E-01 0.000E+00 0.000E+00 0.000E+00 7.397E+05
2.34673135E-01   6377.3 2.345E+02 2.339E+12 5.955E-02 8.157E-01 0.000E+00 0.000E+00 0.000E+00 7.411E+05
2.73761633E-01   6421.8 2.736E+02 2.756E+12 6.843E-02 8.829E-01 0.000E+00 0.000E+00 0.000E+00 7.427E+05
3.19078945E-01   6467.5 3.188E+02 3.250E+12 7.879E-02 9.629E-01 0.000E+00 0.000E+00 0.000E+00 7.445E+05
3.71466522E-01   6515.6 3.712E+02 3.842E+12 9.109E-02 1.061E+00 0.000E+00 0.000E+00 0.000E+00 7.464E+05
4.31739536E-01   6566.9 4.314E+02 4.559E+12 1.059E-01 1.182E+00 0.000E+00 0.000E+00 0.000E+00 7.484E+05
5.00646858E-01   6622.8 5.002E+02 5.440E+12 1.240E-01 1.333E+00 0.000E+00 0.000E+00 0.000E+00 7.505E+05
5.78696008E-01   6685.2 5.781E+02 6.545E+12 1.468E-01 1.528E+00 0.000E+00 0.000E+00 0.000E+00 7.527E+05
6.66018359E-01   6756.3 6.653E+02 7.959E+12 1.762E-01 1.782E+00 0.000E+00 0.000E+00 0.000E+00 7.550E+05
7.62208063E-01   6838.6 7.613E+02 9.810E+12 2.152E-01 2.125E+00 0.000E+00 0.000E+00 0.000E+00 7.574E+05
8.66097496E-01   6935.1 8.649E+02 1.229E+13 2.687E-01 2.601E+00 0.000E+00 0.000E+00 0.000E+00 7.601E+05
9.75610090E-01   7049.4 9.741E+02 1.570E+13 3.447E-01 3.285E+00 0.000E+00 6.471E-04 0.000E+00 7.633E+05
1.08751816E+00   7186.3 1.086E+03 2.052E+13 4.581E-01 4.315E+00 0.000E+00 1.275E-02 8.828E+01 7.672E+05
1.19756404E+00   7350.5 1.195E+03 2.750E+13 6.343E-01 5.929E+00 0.000E+00 1.625E-01 2.184E+02 7.726E+05
1.30114634E+00   7546.7 1.298E+03 3.781E+13 9.201E-01 8.561E+00 0.000E+00 2.926E+00 4.771E+02 7.801E+05
1.39379282E+00   7781.3 1.390E+03 5.331E+13 1.410E+00 1.305E+01 0.000E+00 9.176E+01 1.213E+03 7.911E+05
1.47210223E+00   8058.7 1.467E+03 7.674E+13 2.284E+00 2.093E+01 0.000E+00 4.019E+03 3.726E+03 8.074E+05
1.53532493E+00   8375.1 1.528E+03 1.109E+14 3.833E+00 3.428E+01 0.000E+00 1.825E+05 1.283E+04 8.308E+05
1.58508526E+00   8729.2 1.576E+03 1.586E+14 6.529E+00 5.642E+01 0.000E+00 3.816E+06 4.524E+04 8.635E+05
1.62421627E+00   9123.5 1.612E+03 2.215E+14 1.096E+01 9.087E+01 0.000E+00 1.319E+07 1.234E+05 9.090E+05
1.65595981E+00   9561.9 1.640E+03 2.973E+14 1.747E+01 1.397E+02 0.000E+00 3.982E+07 1.537E+05 9.708E+05
1.68376390E+00  10052.9 1.663E+03 3.761E+14 2.516E+01 1.969E+02 0.000E+00 7.868E+07 2.571E+05 1.051E+06
1.71188153E+00  10605.9 1.685E+03 4.404E+14 3.055E+01 2.362E+02 0.000E+00 7.866E+07 2.790E+05 1.145E+06
1.74585716E+00  11229.1 1.711E+03 4.761E+14 3.084E+01 2.405E+02 0.000E+00 3.632E+07 1.955E+05 1.243E+06
1.79549512E+00  11936.6 1.750E+03 4.864E+14 2.585E+01 2.023E+02 0.000E+00 6.139E+06 4.985E+04 1.347E+06
1.87842570E+00  12720.7 1.818E+03 4.866E+14 1.982E+01 1.556E+02 0.000E+00 6.593E+04 9.602E+03 1.465E+06
2.02578834E+00  13580.3 1.946E+03 4.933E+14 1.471E+01 1.148E+02 0.000E+00 3.180E+02 2.447E+03 1.570E+06
2.28632486E+00  14514.0 2.180E+03 5.208E+14 1.134E+01 8.794E+01 0.000E+00 5.343E+00 1.108E+03 1.614E+06
2.72252730E+00  15526.2 2.582E+03 5.818E+14 9.339E+00 7.219E+01 0.000E+00 1.294E+00 9.325E+02 1.636E+06
3.40086962E+00  16627.4 3.214E+03 6.845E+14 8.289E+00 6.399E+01 0.000E+00 7.515E-01 7.507E+02 1.698E+06
4.39804434E+00  17819.9 4.151E+03 8.331E+14 7.673E+00 5.932E+01 0.000E+00 2.238E-01 2.645E+02 1.809E+06
5.79004997E+00  19108.7 5.461E+03 1.028E+15 7.488E+00 5.761E+01 0.000E+00 9.184E-03 0.000E+00 1.947E+06
7.69705234E+00  20500.5 7.260E+03 1.277E+15 7.275E+00 5.630E+01 0.000E+00 0.000E+00 0.000E+00 2.076E+06
1.02424974E+01  22005.1 9.661E+03 1.585E+15 7.461E+00 5.682E+01 0.000E+00 0.000E+00 0.000E+00 2.183E+06
1.36744219E+01  23624.2 1.290E+04 1.973E+15 7.114E+00 5.380E+01 0.000E+00 0.000E+00 0.000E+00 2.276E+06
PRADK 5.4796E+00
BEGIN                    ITERATION  15 COMPLETED
