TEFF   4250.  GRAVITY 3.00000 LTE
TITLE  [ 0.0] VTURB=0  L/H=1.25 NOVER NEW ODF
OPACITY IFOP 1 1 1 1 1 1 1 1 1 1 1 1 1 0 1 0 0 0 0 0
CONVECTION ON   1.25 TURBULENCE OFF  0.00  0.00  0.00  0.00
ABUNDANCE SCALE   1.00000 ABUNDANCE CHANGE 1 0.92040 2 0.07834
ABUNDANCE CHANGE  3 -10.94  4 -10.64  5  -9.49  6  -3.52  7  -4.12  8  -3.21
ABUNDANCE CHANGE  9  -7.48 10  -3.96 11  -5.71 12  -4.46 13  -5.57 14  -4.49
ABUNDANCE CHANGE 15  -6.59 16  -4.71 17  -6.54 18  -5.64 19  -6.92 20  -5.68
ABUNDANCE CHANGE 21  -8.87 22  -7.02 23  -8.04 24  -6.37 25  -6.65 26  -4.54
ABUNDANCE CHANGE 27  -7.12 28  -5.79 29  -7.83 30  -7.44 31  -9.16 32  -8.63
ABUNDANCE CHANGE 33  -9.67 34  -8.63 35  -9.41 36  -8.73 37  -9.44 38  -9.07
ABUNDANCE CHANGE 39  -9.80 40  -9.44 41 -10.62 42 -10.12 43 -20.00 44 -10.20
ABUNDANCE CHANGE 45 -10.92 46 -10.35 47 -11.10 48 -10.27 49 -10.38 50 -10.04
ABUNDANCE CHANGE 51 -11.04 52  -9.80 53 -10.53 54  -9.87 55 -10.91 56  -9.91
ABUNDANCE CHANGE 57 -10.87 58 -10.46 59 -11.33 60 -10.54 61 -20.00 62 -11.03
ABUNDANCE CHANGE 63 -11.53 64 -10.92 65 -11.69 66 -10.90 67 -11.78 68 -11.11
ABUNDANCE CHANGE 69 -12.04 70 -10.96 71 -11.98 72 -11.16 73 -12.17 74 -10.93
ABUNDANCE CHANGE 75 -11.76 76 -10.59 77 -10.69 78 -10.24 79 -11.03 80 -10.91
ABUNDANCE CHANGE 81 -11.14 82 -10.09 83 -11.33 84 -20.00 85 -20.00 86 -20.00
ABUNDANCE CHANGE 87 -20.00 88 -20.00 89 -20.00 90 -11.95 91 -20.00 92 -12.54
ABUNDANCE CHANGE 93 -20.00 94 -20.00 95 -20.00 96 -20.00 97 -20.00 98 -20.00
ABUNDANCE CHANGE 99 -20.00
READ DECK6 72 RHOX,T,P,XNE,ABROSS,ACCRAD,VTURB, FLXCNV,VCONV,VELSND
2.75616429E-03   2542.5 2.756E+00 5.300E+07 4.838E-05 7.636E-03 0.000E+00 0.000E+00 0.000E+00 5.301E+05
3.63507368E-03   2570.1 3.635E+00 7.016E+07 5.282E-05 7.192E-03 0.000E+00 0.000E+00 0.000E+00 5.223E+05
4.70669224E-03   2596.5 4.707E+00 9.126E+07 5.787E-05 6.736E-03 0.000E+00 0.000E+00 0.000E+00 5.171E+05
6.02449396E-03   2623.8 6.024E+00 1.178E+08 6.217E-05 6.298E-03 0.000E+00 0.000E+00 0.000E+00 5.144E+05
7.64836137E-03   2651.3 7.648E+00 1.510E+08 6.773E-05 5.858E-03 0.000E+00 0.000E+00 0.000E+00 5.130E+05
9.64551299E-03   2678.4 9.645E+00 1.924E+08 7.311E-05 5.449E-03 0.000E+00 0.000E+00 0.000E+00 5.124E+05
1.20936460E-02   2704.7 1.209E+01 2.436E+08 8.011E-05 5.075E-03 0.000E+00 0.000E+00 0.000E+00 5.123E+05
1.50731538E-02   2731.0 1.507E+01 3.070E+08 8.763E-05 4.757E-03 0.000E+00 0.000E+00 0.000E+00 5.127E+05
1.87096534E-02   2757.4 1.871E+01 3.856E+08 9.580E-05 4.492E-03 0.000E+00 0.000E+00 0.000E+00 5.136E+05
2.31015579E-02   2784.1 2.310E+01 4.826E+08 1.067E-04 4.253E-03 0.000E+00 0.000E+00 0.000E+00 5.149E+05
2.83850129E-02   2809.9 2.838E+01 6.004E+08 1.176E-04 4.047E-03 0.000E+00 0.000E+00 0.000E+00 5.162E+05
3.47725531E-02   2835.2 3.477E+01 7.443E+08 1.300E-04 3.864E-03 0.000E+00 0.000E+00 0.000E+00 5.175E+05
4.24429911E-02   2860.4 4.244E+01 9.196E+08 1.450E-04 3.704E-03 0.000E+00 0.000E+00 0.000E+00 5.189E+05
5.16248940E-02   2885.7 5.162E+01 1.133E+09 1.614E-04 3.571E-03 0.000E+00 0.000E+00 0.000E+00 5.205E+05
6.25140043E-02   2912.2 6.251E+01 1.395E+09 1.831E-04 3.462E-03 0.000E+00 0.000E+00 0.000E+00 5.226E+05
7.53645529E-02   2937.7 7.536E+01 1.707E+09 2.057E-04 3.359E-03 0.000E+00 0.000E+00 0.000E+00 5.245E+05
9.06869997E-02   2962.8 9.069E+01 2.084E+09 2.295E-04 3.268E-03 0.000E+00 0.000E+00 0.000E+00 5.263E+05
1.08968407E-01   2987.8 1.090E+02 2.539E+09 2.571E-04 3.192E-03 0.000E+00 0.000E+00 0.000E+00 5.281E+05
1.30635092E-01   3012.9 1.306E+02 3.087E+09 2.906E-04 3.140E-03 0.000E+00 0.000E+00 0.000E+00 5.299E+05
1.55974851E-01   3039.0 1.560E+02 3.750E+09 3.337E-04 3.122E-03 0.000E+00 0.000E+00 0.000E+00 5.321E+05
1.85418527E-01   3064.7 1.854E+02 4.535E+09 3.824E-04 3.114E-03 0.000E+00 0.000E+00 0.000E+00 5.342E+05
2.19809266E-01   3089.9 2.198E+02 5.463E+09 4.348E-04 3.109E-03 0.000E+00 0.000E+00 0.000E+00 5.362E+05
2.60279583E-01   3115.0 2.603E+02 6.570E+09 4.913E-04 3.108E-03 0.000E+00 0.000E+00 0.000E+00 5.381E+05
3.08187578E-01   3140.4 3.082E+02 7.901E+09 5.528E-04 3.114E-03 0.000E+00 0.000E+00 0.000E+00 5.400E+05
3.64516324E-01   3166.5 3.645E+02 9.508E+09 6.330E-04 3.154E-03 0.000E+00 0.000E+00 0.000E+00 5.421E+05
4.29339785E-01   3193.7 4.293E+02 1.143E+10 7.392E-04 3.239E-03 0.000E+00 0.000E+00 0.000E+00 5.446E+05
5.03701075E-01   3219.9 5.037E+02 1.367E+10 8.550E-04 3.319E-03 0.000E+00 0.000E+00 0.000E+00 5.468E+05
5.89753821E-01   3245.6 5.898E+02 1.628E+10 9.821E-04 3.405E-03 0.000E+00 0.000E+00 0.000E+00 5.489E+05
6.89924849E-01   3271.0 6.899E+02 1.935E+10 1.122E-03 3.497E-03 0.000E+00 0.000E+00 0.000E+00 5.508E+05
8.07093407E-01   3296.0 8.071E+02 2.296E+10 1.278E-03 3.600E-03 0.000E+00 0.000E+00 0.000E+00 5.526E+05
9.43917638E-01   3321.2 9.439E+02 2.723E+10 1.465E-03 3.741E-03 0.000E+00 0.000E+00 0.000E+00 5.544E+05
1.10169791E+00   3346.0 1.102E+03 3.219E+10 1.706E-03 3.953E-03 0.000E+00 0.000E+00 0.000E+00 5.561E+05
1.28260319E+00   3369.7 1.283E+03 3.786E+10 1.981E-03 4.194E-03 0.000E+00 0.000E+00 0.000E+00 5.576E+05
1.49097058E+00   3392.7 1.491E+03 4.437E+10 2.286E-03 4.460E-03 0.000E+00 0.000E+00 0.000E+00 5.588E+05
1.73239865E+00   3415.3 1.732E+03 5.190E+10 2.625E-03 4.758E-03 0.000E+00 0.000E+00 0.000E+00 5.600E+05
2.01325649E+00   3438.0 2.013E+03 6.070E+10 3.004E-03 5.091E-03 0.000E+00 0.000E+00 0.000E+00 5.611E+05
2.34094049E+00   3460.5 2.341E+03 7.092E+10 3.428E-03 5.488E-03 0.000E+00 0.000E+00 0.000E+00 5.621E+05
2.72621346E+00   3486.9 2.726E+03 8.369E+10 3.866E-03 5.600E-03 0.000E+00 0.000E+00 0.000E+00 5.639E+05
3.18322578E+00   3509.3 3.183E+03 9.788E+10 4.342E-03 5.784E-03 0.000E+00 0.000E+00 0.000E+00 5.646E+05
3.72338355E+00   3529.3 3.723E+03 1.139E+11 4.918E-03 6.159E-03 0.000E+00 0.000E+00 0.000E+00 5.647E+05
4.35914265E+00   3549.8 4.359E+03 1.327E+11 5.570E-03 6.641E-03 0.000E+00 0.000E+00 0.000E+00 5.649E+05
5.10767510E+00   3570.8 5.108E+03 1.548E+11 6.312E-03 7.231E-03 0.000E+00 0.000E+00 0.000E+00 5.651E+05
5.98710990E+00   3594.4 5.987E+03 1.816E+11 7.176E-03 7.934E-03 0.000E+00 0.000E+00 0.000E+00 5.658E+05
7.01611886E+00   3621.1 7.016E+03 2.143E+11 8.201E-03 8.764E-03 0.000E+00 0.000E+00 0.000E+00 5.672E+05
8.19521920E+00   3653.1 8.195E+03 2.553E+11 9.750E-03 1.012E-02 0.000E+00 0.000E+00 0.000E+00 5.697E+05
9.50123506E+00   3690.6 9.501E+03 3.060E+11 1.186E-02 1.198E-02 0.000E+00 0.000E+00 0.000E+00 5.736E+05
1.09199607E+01   3736.7 1.092E+04 3.712E+11 1.469E-02 1.443E-02 0.000E+00 0.000E+00 0.000E+00 5.793E+05
1.24279569E+01   3793.9 1.243E+04 4.576E+11 1.858E-02 1.795E-02 0.000E+00 0.000E+00 0.000E+00 5.876E+05
1.40289161E+01   3866.1 1.403E+04 5.769E+11 2.317E-02 2.112E-02 0.000E+00 0.000E+00 0.000E+00 5.988E+05
1.57484667E+01   3944.0 1.575E+04 7.289E+11 2.868E-02 2.471E-02 0.000E+00 0.000E+00 0.000E+00 6.109E+05
1.75979121E+01   4032.8 1.760E+04 9.294E+11 3.564E-02 2.907E-02 0.000E+00 0.000E+00 0.000E+00 6.244E+05
1.95814749E+01   4133.6 1.958E+04 1.192E+12 4.433E-02 3.432E-02 0.000E+00 0.000E+00 0.000E+00 6.390E+05
2.17074263E+01   4248.6 2.171E+04 1.534E+12 5.512E-02 4.048E-02 0.000E+00 0.000E+00 0.000E+00 6.545E+05
2.39952665E+01   4379.0 2.399E+04 1.967E+12 6.807E-02 4.761E-02 0.000E+00 0.000E+00 0.000E+00 6.703E+05
2.64659592E+01   4529.7 2.647E+04 2.503E+12 8.375E-02 5.671E-02 0.000E+00 6.380E-02 0.000E+00 6.869E+05
2.92287281E+01   4699.5 2.923E+04 3.139E+12 9.679E-02 6.269E-02 0.000E+00 4.741E-01 1.580E+02 7.043E+05
3.24652910E+01   4891.3 3.246E+04 3.895E+12 1.092E-01 6.849E-02 0.000E+00 1.458E+01 2.739E+02 7.229E+05
3.62882617E+01   5109.4 3.629E+04 4.863E+12 1.235E-01 7.615E-02 0.000E+00 1.263E+03 9.204E+02 7.424E+05
4.07194090E+01   5359.2 4.072E+04 6.456E+12 1.459E-01 8.894E-02 0.000E+00 9.211E+04 4.035E+03 7.621E+05
4.54158837E+01   5644.8 4.541E+04 9.911E+12 1.979E-01 1.202E-01 0.000E+00 3.351E+06 1.650E+04 7.814E+05
4.96822103E+01   5969.8 4.968E+04 1.793E+13 3.125E-01 1.872E-01 0.000E+00 2.597E+07 5.331E+04 8.003E+05
5.30933258E+01   6328.3 5.309E+04 3.549E+13 5.418E-01 3.056E-01 0.000E+00 1.147E+08 9.646E+04 8.169E+05
5.57010732E+01   6687.0 5.570E+04 6.832E+13 9.387E-01 4.486E-01 0.000E+00 3.242E+08 1.471E+05 8.285E+05
5.77730194E+01   7008.5 5.777E+04 1.182E+14 1.517E+00 5.391E-01 0.000E+00 6.189E+08 1.878E+05 8.350E+05
5.95672944E+01   7273.9 5.956E+04 1.806E+14 2.233E+00 5.518E-01 0.000E+00 8.807E+08 2.066E+05 8.383E+05
6.12511609E+01   7498.5 6.124E+04 2.535E+14 3.076E+00 5.375E-01 0.000E+00 1.054E+09 2.132E+05 8.403E+05
6.29200379E+01   7695.5 6.291E+04 3.369E+14 4.056E+00 5.167E-01 0.000E+00 1.168E+09 2.150E+05 8.418E+05
6.46310237E+01   7876.3 6.462E+04 4.329E+14 5.213E+00 4.957E-01 0.000E+00 1.245E+09 2.150E+05 8.435E+05
6.64240877E+01   8045.8 6.641E+04 5.430E+14 6.574E+00 4.698E-01 0.000E+00 1.301E+09 2.119E+05 8.454E+05
6.83366593E+01   8205.6 6.833E+04 6.679E+14 8.161E+00 4.497E-01 0.000E+00 1.341E+09 2.107E+05 8.477E+05
7.03915027E+01   8365.3 7.038E+04 8.156E+14 1.010E+01 4.243E-01 0.000E+00 1.371E+09 2.051E+05 8.505E+05
7.26277871E+01   8511.5 7.261E+04 9.753E+14 1.226E+01 4.335E-01 0.000E+00 1.389E+09 2.041E+05 8.536E+05
PRADK 4.3506E-01
BEGIN                    ITERATION  15 COMPLETED
