TEFF   4250.  GRAVITY 0.50000 LTE
TITLE  [ 0.0] VTURB=0  L/H=1.25 NOVER NEW ODF
OPACITY IFOP 1 1 1 1 1 1 1 1 1 1 1 1 1 0 1 0 0 0 0 0
CONVECTION ON   1.25 TURBULENCE OFF  0.00  0.00  0.00  0.00
ABUNDANCE SCALE   1.00000 ABUNDANCE CHANGE 1 0.92040 2 0.07834
ABUNDANCE CHANGE  3 -10.94  4 -10.64  5  -9.49  6  -3.52  7  -4.12  8  -3.21
ABUNDANCE CHANGE  9  -7.48 10  -3.96 11  -5.71 12  -4.46 13  -5.57 14  -4.49
ABUNDANCE CHANGE 15  -6.59 16  -4.71 17  -6.54 18  -5.64 19  -6.92 20  -5.68
ABUNDANCE CHANGE 21  -8.87 22  -7.02 23  -8.04 24  -6.37 25  -6.65 26  -4.54
ABUNDANCE CHANGE 27  -7.12 28  -5.79 29  -7.83 30  -7.44 31  -9.16 32  -8.63
ABUNDANCE CHANGE 33  -9.67 34  -8.63 35  -9.41 36  -8.73 37  -9.44 38  -9.07
ABUNDANCE CHANGE 39  -9.80 40  -9.44 41 -10.62 42 -10.12 43 -20.00 44 -10.20
ABUNDANCE CHANGE 45 -10.92 46 -10.35 47 -11.10 48 -10.27 49 -10.38 50 -10.04
ABUNDANCE CHANGE 51 -11.04 52  -9.80 53 -10.53 54  -9.87 55 -10.91 56  -9.91
ABUNDANCE CHANGE 57 -10.87 58 -10.46 59 -11.33 60 -10.54 61 -20.00 62 -11.03
ABUNDANCE CHANGE 63 -11.53 64 -10.92 65 -11.69 66 -10.90 67 -11.78 68 -11.11
ABUNDANCE CHANGE 69 -12.04 70 -10.96 71 -11.98 72 -11.16 73 -12.17 74 -10.93
ABUNDANCE CHANGE 75 -11.76 76 -10.59 77 -10.69 78 -10.24 79 -11.03 80 -10.91
ABUNDANCE CHANGE 81 -11.14 82 -10.09 83 -11.33 84 -20.00 85 -20.00 86 -20.00
ABUNDANCE CHANGE 87 -20.00 88 -20.00 89 -20.00 90 -11.95 91 -20.00 92 -12.54
ABUNDANCE CHANGE 93 -20.00 94 -20.00 95 -20.00 96 -20.00 97 -20.00 98 -20.00
ABUNDANCE CHANGE 99 -20.00
READ DECK6 72 RHOX,T,P,XNE,ABROSS,ACCRAD,VTURB, FLXCNV,VCONV,VELSND
1.13885524E-02   2287.7 3.599E-02 8.279E+05 1.171E-05 2.434E-03 0.000E+00 0.000E+00 0.000E+00 2.132E+06
1.50959798E-02   2311.8 4.770E-02 1.104E+06 1.228E-05 2.178E-03 0.000E+00 0.000E+00 0.000E+00 1.876E+06
1.98308854E-02   2335.0 6.266E-02 1.459E+06 1.277E-05 1.967E-03 0.000E+00 0.000E+00 0.000E+00 1.661E+06
2.59448461E-02   2358.4 8.199E-02 1.922E+06 1.310E-05 1.793E-03 0.000E+00 0.000E+00 0.000E+00 1.478E+06
3.39073248E-02   2381.9 1.072E-01 2.531E+06 1.339E-05 1.648E-03 0.000E+00 0.000E+00 0.000E+00 1.320E+06
4.41966573E-02   2406.0 1.397E-01 3.331E+06 1.395E-05 1.514E-03 0.000E+00 0.000E+00 0.000E+00 1.186E+06
5.72971488E-02   2430.7 1.811E-01 4.370E+06 1.468E-05 1.387E-03 0.000E+00 0.000E+00 0.000E+00 1.074E+06
7.39741479E-02   2455.1 2.338E-01 5.713E+06 1.527E-05 1.276E-03 0.000E+00 0.000E+00 0.000E+00 9.794E+05
9.55067514E-02   2479.9 3.019E-01 7.476E+06 1.571E-05 1.178E-03 0.000E+00 0.000E+00 0.000E+00 8.989E+05
1.23242966E-01   2505.2 3.895E-01 9.793E+06 1.638E-05 1.087E-03 0.000E+00 0.000E+00 0.000E+00 8.313E+05
1.58353280E-01   2532.6 5.005E-01 1.286E+07 1.740E-05 9.998E-04 0.000E+00 0.000E+00 0.000E+00 7.764E+05
2.02434688E-01   2559.8 6.399E-01 1.681E+07 1.843E-05 9.212E-04 0.000E+00 0.000E+00 0.000E+00 7.316E+05
2.58231876E-01   2586.6 8.163E-01 2.192E+07 1.933E-05 8.527E-04 0.000E+00 0.000E+00 0.000E+00 6.946E+05
3.29392595E-01   2613.6 1.041E+00 2.859E+07 2.020E-05 7.932E-04 0.000E+00 0.000E+00 0.000E+00 6.643E+05
4.18846082E-01   2642.8 1.324E+00 3.745E+07 2.174E-05 7.414E-04 0.000E+00 0.000E+00 0.000E+00 6.406E+05
5.29029617E-01   2673.4 1.672E+00 4.903E+07 2.366E-05 6.953E-04 0.000E+00 0.000E+00 0.000E+00 6.227E+05
6.64503047E-01   2703.4 2.101E+00 6.380E+07 2.551E-05 6.523E-04 0.000E+00 0.000E+00 0.000E+00 6.086E+05
8.32860600E-01   2733.6 2.633E+00 8.292E+07 2.733E-05 6.131E-04 0.000E+00 0.000E+00 0.000E+00 5.977E+05
1.04106489E+00   2766.1 3.291E+00 1.083E+08 2.968E-05 5.816E-04 0.000E+00 0.000E+00 0.000E+00 5.899E+05
1.29140687E+00   2802.3 4.083E+00 1.424E+08 3.351E-05 5.595E-04 0.000E+00 0.000E+00 0.000E+00 5.852E+05
1.58814410E+00   2837.5 5.021E+00 1.854E+08 3.750E-05 5.374E-04 0.000E+00 0.000E+00 0.000E+00 5.820E+05
1.94301051E+00   2872.9 6.143E+00 2.403E+08 4.176E-05 5.183E-04 0.000E+00 0.000E+00 0.000E+00 5.801E+05
2.36223805E+00   2911.3 7.469E+00 3.130E+08 4.774E-05 5.098E-04 0.000E+00 0.000E+00 0.000E+00 5.798E+05
2.84984748E+00   2949.5 9.011E+00 4.044E+08 5.483E-05 5.045E-04 0.000E+00 0.000E+00 0.000E+00 5.803E+05
3.41587266E+00   2987.2 1.080E+01 5.182E+08 6.300E-05 5.011E-04 0.000E+00 0.000E+00 0.000E+00 5.813E+05
4.07173094E+00   3024.7 1.287E+01 6.592E+08 7.268E-05 5.025E-04 0.000E+00 0.000E+00 0.000E+00 5.827E+05
4.82196391E+00   3062.9 1.525E+01 8.345E+08 8.541E-05 5.139E-04 0.000E+00 0.000E+00 0.000E+00 5.847E+05
5.67770532E+00   3098.9 1.795E+01 1.042E+09 9.934E-05 5.245E-04 0.000E+00 0.000E+00 0.000E+00 5.867E+05
6.66243704E+00   3133.7 2.107E+01 1.290E+09 1.148E-04 5.364E-04 0.000E+00 0.000E+00 0.000E+00 5.887E+05
7.80069896E+00   3167.7 2.467E+01 1.585E+09 1.323E-04 5.515E-04 0.000E+00 0.000E+00 0.000E+00 5.909E+05
9.11040418E+00   3202.0 2.881E+01 1.942E+09 1.541E-04 5.739E-04 0.000E+00 0.000E+00 0.000E+00 5.932E+05
1.06118125E+01   3235.1 3.355E+01 2.360E+09 1.791E-04 6.004E-04 0.000E+00 0.000E+00 0.000E+00 5.955E+05
1.23355619E+01   3267.7 3.900E+01 2.854E+09 2.079E-04 6.308E-04 0.000E+00 0.000E+00 0.000E+00 5.978E+05
1.43201545E+01   3299.6 4.528E+01 3.434E+09 2.403E-04 6.649E-04 0.000E+00 0.000E+00 0.000E+00 6.001E+05
1.66071220E+01   3332.1 5.251E+01 4.126E+09 2.785E-04 7.024E-04 0.000E+00 0.000E+00 0.000E+00 6.026E+05
1.92363487E+01   3364.8 6.082E+01 4.945E+09 3.232E-04 7.454E-04 0.000E+00 0.000E+00 0.000E+00 6.051E+05
2.22575914E+01   3397.5 7.037E+01 5.908E+09 3.751E-04 7.967E-04 0.000E+00 0.000E+00 0.000E+00 6.077E+05
2.57271942E+01   3431.0 8.134E+01 7.052E+09 4.359E-04 8.592E-04 0.000E+00 0.000E+00 0.000E+00 6.102E+05
2.97039631E+01   3465.5 9.391E+01 8.410E+09 5.073E-04 9.422E-04 0.000E+00 0.000E+00 0.000E+00 6.131E+05
3.43682430E+01   3505.4 1.087E+02 1.013E+10 5.641E-04 8.759E-04 0.000E+00 0.000E+00 0.000E+00 6.164E+05
3.99639488E+01   3536.4 1.263E+02 1.201E+10 6.279E-04 8.651E-04 0.000E+00 0.000E+00 0.000E+00 6.188E+05
4.66413307E+01   3566.7 1.475E+02 1.423E+10 7.042E-04 8.849E-04 0.000E+00 0.000E+00 0.000E+00 6.211E+05
5.45593081E+01   3595.4 1.725E+02 1.681E+10 7.939E-04 9.309E-04 0.000E+00 0.000E+00 0.000E+00 6.232E+05
6.38801006E+01   3630.0 2.020E+02 2.007E+10 9.050E-04 9.916E-04 0.000E+00 0.000E+00 0.000E+00 6.259E+05
7.45684598E+01   3661.0 2.357E+02 2.372E+10 1.075E-03 1.146E-03 0.000E+00 0.000E+00 0.000E+00 6.283E+05
8.64481417E+01   3699.5 2.733E+02 2.820E+10 1.301E-03 1.354E-03 0.000E+00 0.000E+00 0.000E+00 6.313E+05
9.94103635E+01   3746.3 3.143E+02 3.367E+10 1.606E-03 1.646E-03 0.000E+00 0.000E+00 0.000E+00 6.351E+05
1.13140031E+02   3808.0 3.577E+02 4.056E+10 2.037E-03 2.101E-03 0.000E+00 0.000E+00 0.000E+00 6.401E+05
1.28139660E+02   3888.0 4.051E+02 4.938E+10 2.409E-03 2.275E-03 0.000E+00 0.000E+00 0.000E+00 6.466E+05
1.45128971E+02   3969.8 4.587E+02 5.948E+10 2.826E-03 2.497E-03 0.000E+00 0.000E+00 0.000E+00 6.533E+05
1.64630316E+02   4061.4 5.204E+02 7.147E+10 3.252E-03 2.683E-03 0.000E+00 0.000E+00 0.000E+00 6.611E+05
1.87297177E+02   4162.7 5.920E+02 8.550E+10 3.720E-03 2.896E-03 0.000E+00 0.000E+00 0.000E+00 6.701E+05
2.14020095E+02   4276.2 6.764E+02 1.019E+11 4.166E-03 3.061E-03 0.000E+00 0.000E+00 0.000E+00 6.806E+05
2.45882145E+02   4404.3 7.771E+02 1.211E+11 4.662E-03 3.268E-03 0.000E+00 0.000E+00 0.000E+00 6.923E+05
2.83666729E+02   4552.9 8.964E+02 1.451E+11 5.265E-03 3.579E-03 0.000E+00 0.000E+00 0.000E+00 7.049E+05
3.28413828E+02   4718.9 1.038E+03 1.804E+11 5.913E-03 3.831E-03 0.000E+00 0.000E+00 0.000E+00 7.178E+05
3.79409562E+02   4908.7 1.199E+03 2.463E+11 7.334E-03 4.608E-03 0.000E+00 3.775E-05 0.000E+00 7.310E+05
4.30714412E+02   5122.8 1.361E+03 3.842E+11 1.040E-02 6.406E-03 0.000E+00 3.475E-01 3.850E+01 7.441E+05
4.75881331E+02   5370.8 1.503E+03 6.889E+11 1.673E-02 1.015E-02 0.000E+00 4.034E+01 7.868E+02 7.568E+05
5.11445652E+02   5651.0 1.615E+03 1.351E+12 2.961E-02 1.793E-02 0.000E+00 2.876E+03 3.734E+03 7.672E+05
5.37138387E+02   5973.7 1.696E+03 2.824E+12 5.655E-02 3.434E-02 0.000E+00 1.483E+05 1.504E+04 7.731E+05
5.54567834E+02   6336.6 1.750E+03 6.025E+12 1.138E-01 6.948E-02 0.000E+00 2.099E+06 5.365E+04 7.734E+05
5.65696458E+02   6749.6 1.784E+03 1.300E+13 2.440E-01 1.467E-01 0.000E+00 3.544E+07 1.178E+05 7.712E+05
5.72503957E+02   7182.2 1.804E+03 2.645E+13 5.302E-01 2.687E-01 0.000E+00 2.590E+08 2.839E+05 7.736E+05
5.77000660E+02   7533.8 1.817E+03 4.421E+13 9.836E-01 3.173E-01 0.000E+00 6.915E+08 4.902E+05 7.822E+05
5.80636457E+02   7765.5 1.828E+03 6.030E+13 1.467E+00 2.658E-01 0.000E+00 1.037E+09 5.313E+05 7.914E+05
5.84118031E+02   7931.2 1.838E+03 7.436E+13 1.943E+00 2.238E-01 0.000E+00 1.196E+09 5.371E+05 7.997E+05
5.87699515E+02   8077.1 1.848E+03 8.866E+13 2.477E+00 2.005E-01 0.000E+00 1.280E+09 5.444E+05 8.081E+05
5.91508626E+02   8207.3 1.860E+03 1.031E+14 3.063E+00 1.776E-01 0.000E+00 1.332E+09 5.404E+05 8.166E+05
5.95660007E+02   8328.5 1.872E+03 1.180E+14 3.717E+00 1.634E-01 0.000E+00 1.368E+09 5.449E+05 8.253E+05
6.00225784E+02   8450.9 1.886E+03 1.345E+14 4.498E+00 1.494E-01 0.000E+00 1.392E+09 5.393E+05 8.349E+05
6.05313328E+02   8563.0 1.901E+03 1.510E+14 5.334E+00 1.477E-01 0.000E+00 1.406E+09 5.433E+05 8.444E+05
PRADK 4.3496E-01
BEGIN                    ITERATION  15 COMPLETED
