TEFF   6500.  GRAVITY 3.50000 LTE
TITLE  [ 0.0] VTURB=0  L/H=1.25 NOVER NEW ODF
OPACITY IFOP 1 1 1 1 1 1 1 1 1 1 1 1 1 0 1 0 0 0 0 0
CONVECTION ON   1.25 TURBULENCE OFF  0.00  0.00  0.00  0.00
ABUNDANCE SCALE   1.00000 ABUNDANCE CHANGE 1 0.92040 2 0.07834
ABUNDANCE CHANGE  3 -10.94  4 -10.64  5  -9.49  6  -3.52  7  -4.12  8  -3.21
ABUNDANCE CHANGE  9  -7.48 10  -3.96 11  -5.71 12  -4.46 13  -5.57 14  -4.49
ABUNDANCE CHANGE 15  -6.59 16  -4.71 17  -6.54 18  -5.64 19  -6.92 20  -5.68
ABUNDANCE CHANGE 21  -8.87 22  -7.02 23  -8.04 24  -6.37 25  -6.65 26  -4.54
ABUNDANCE CHANGE 27  -7.12 28  -5.79 29  -7.83 30  -7.44 31  -9.16 32  -8.63
ABUNDANCE CHANGE 33  -9.67 34  -8.63 35  -9.41 36  -8.73 37  -9.44 38  -9.07
ABUNDANCE CHANGE 39  -9.80 40  -9.44 41 -10.62 42 -10.12 43 -20.00 44 -10.20
ABUNDANCE CHANGE 45 -10.92 46 -10.35 47 -11.10 48 -10.27 49 -10.38 50 -10.04
ABUNDANCE CHANGE 51 -11.04 52  -9.80 53 -10.53 54  -9.87 55 -10.91 56  -9.91
ABUNDANCE CHANGE 57 -10.87 58 -10.46 59 -11.33 60 -10.54 61 -20.00 62 -11.03
ABUNDANCE CHANGE 63 -11.53 64 -10.92 65 -11.69 66 -10.90 67 -11.78 68 -11.11
ABUNDANCE CHANGE 69 -12.04 70 -10.96 71 -11.98 72 -11.16 73 -12.17 74 -10.93
ABUNDANCE CHANGE 75 -11.76 76 -10.59 77 -10.69 78 -10.24 79 -11.03 80 -10.91
ABUNDANCE CHANGE 81 -11.14 82 -10.09 83 -11.33 84 -20.00 85 -20.00 86 -20.00
ABUNDANCE CHANGE 87 -20.00 88 -20.00 89 -20.00 90 -11.95 91 -20.00 92 -12.54
ABUNDANCE CHANGE 93 -20.00 94 -20.00 95 -20.00 96 -20.00 97 -20.00 98 -20.00
ABUNDANCE CHANGE 99 -20.00
READ DECK6 72 RHOX,T,P,XNE,ABROSS,ACCRAD,VTURB, FLXCNV,VCONV,VELSND
8.26077277E-04   4194.7 2.612E+00 7.073E+08 1.614E-04 4.719E-02 0.000E+00 0.000E+00 0.000E+00 1.051E+06
1.09471889E-03   4211.0 3.462E+00 9.034E+08 1.697E-04 4.869E-02 0.000E+00 0.000E+00 0.000E+00 9.749E+05
1.43342008E-03   4228.4 4.533E+00 1.147E+09 1.805E-04 5.011E-02 0.000E+00 0.000E+00 0.000E+00 9.156E+05
1.85544580E-03   4247.8 5.867E+00 1.450E+09 1.943E-04 5.123E-02 0.000E+00 0.000E+00 0.000E+00 8.696E+05
2.37569221E-03   4269.2 7.513E+00 1.823E+09 2.111E-04 5.202E-02 0.000E+00 0.000E+00 0.000E+00 8.340E+05
3.01126141E-03   4292.2 9.522E+00 2.281E+09 2.314E-04 5.244E-02 0.000E+00 0.000E+00 0.000E+00 8.065E+05
3.78145062E-03   4316.7 1.196E+01 2.838E+09 2.556E-04 5.316E-02 0.000E+00 0.000E+00 0.000E+00 7.852E+05
4.70800403E-03   4342.7 1.489E+01 3.516E+09 2.842E-04 5.355E-02 0.000E+00 0.000E+00 0.000E+00 7.689E+05
5.81549283E-03   4370.2 1.839E+01 4.336E+09 3.181E-04 5.368E-02 0.000E+00 0.000E+00 0.000E+00 7.563E+05
7.12848209E-03   4398.8 2.254E+01 5.324E+09 3.594E-04 5.466E-02 0.000E+00 0.000E+00 0.000E+00 7.468E+05
8.67508397E-03   4428.5 2.743E+01 6.509E+09 4.075E-04 5.526E-02 0.000E+00 0.000E+00 0.000E+00 7.396E+05
1.04912264E-02   4458.9 3.318E+01 7.926E+09 4.634E-04 5.570E-02 0.000E+00 0.000E+00 0.000E+00 7.342E+05
1.26175563E-02   4489.6 3.990E+01 9.614E+09 5.285E-04 5.638E-02 0.000E+00 0.000E+00 0.000E+00 7.303E+05
1.51014604E-02   4520.6 4.775E+01 1.162E+10 6.037E-04 5.669E-02 0.000E+00 0.000E+00 0.000E+00 7.274E+05
1.79997534E-02   4551.4 5.692E+01 1.399E+10 6.902E-04 5.669E-02 0.000E+00 0.000E+00 0.000E+00 7.255E+05
2.13827841E-02   4581.6 6.762E+01 1.679E+10 7.878E-04 5.616E-02 0.000E+00 0.000E+00 0.000E+00 7.242E+05
2.53411262E-02   4611.1 8.013E+01 2.008E+10 8.968E-04 5.498E-02 0.000E+00 0.000E+00 0.000E+00 7.234E+05
2.99770510E-02   4640.1 9.479E+01 2.394E+10 1.022E-03 5.382E-02 0.000E+00 0.000E+00 0.000E+00 7.231E+05
3.54008818E-02   4668.5 1.119E+02 2.848E+10 1.165E-03 5.319E-02 0.000E+00 0.000E+00 0.000E+00 7.231E+05
4.17396233E-02   4696.6 1.320E+02 3.380E+10 1.330E-03 5.279E-02 0.000E+00 0.000E+00 0.000E+00 7.234E+05
4.91432782E-02   4724.4 1.554E+02 4.005E+10 1.519E-03 5.241E-02 0.000E+00 0.000E+00 0.000E+00 7.239E+05
5.77879336E-02   4752.2 1.827E+02 4.737E+10 1.735E-03 5.206E-02 0.000E+00 0.000E+00 0.000E+00 7.247E+05
6.78798481E-02   4779.9 2.147E+02 5.597E+10 1.982E-03 5.169E-02 0.000E+00 0.000E+00 0.000E+00 7.257E+05
7.96349892E-02   4807.5 2.518E+02 6.602E+10 2.273E-03 5.247E-02 0.000E+00 0.000E+00 0.000E+00 7.268E+05
9.32946596E-02   4835.6 2.950E+02 7.784E+10 2.610E-03 5.366E-02 0.000E+00 0.000E+00 0.000E+00 7.280E+05
1.09146326E-01   4864.3 3.451E+02 9.177E+10 3.001E-03 5.525E-02 0.000E+00 0.000E+00 0.000E+00 7.294E+05
1.27517572E-01   4894.0 4.032E+02 1.082E+11 3.455E-03 5.713E-02 0.000E+00 0.000E+00 0.000E+00 7.310E+05
1.48788688E-01   4924.6 4.705E+02 1.277E+11 3.981E-03 5.897E-02 0.000E+00 0.000E+00 0.000E+00 7.327E+05
1.73406576E-01   4955.9 5.484E+02 1.507E+11 4.587E-03 6.080E-02 0.000E+00 0.000E+00 0.000E+00 7.345E+05
2.01895774E-01   4987.7 6.384E+02 1.778E+11 5.286E-03 6.262E-02 0.000E+00 0.000E+00 0.000E+00 7.363E+05
2.34866906E-01   5019.7 7.427E+02 2.096E+11 6.091E-03 6.466E-02 0.000E+00 0.000E+00 0.000E+00 7.383E+05
2.73008976E-01   5051.4 8.633E+02 2.468E+11 7.023E-03 6.749E-02 0.000E+00 0.000E+00 0.000E+00 7.402E+05
3.17124434E-01   5083.5 1.003E+03 2.905E+11 8.097E-03 7.060E-02 0.000E+00 0.000E+00 0.000E+00 7.422E+05
3.68150858E-01   5115.5 1.164E+03 3.415E+11 9.335E-03 7.469E-02 0.000E+00 0.000E+00 0.000E+00 7.442E+05
4.27171478E-01   5147.8 1.351E+03 4.014E+11 1.076E-02 7.918E-02 0.000E+00 0.000E+00 0.000E+00 7.463E+05
4.95476024E-01   5180.2 1.567E+03 4.716E+11 1.239E-02 8.414E-02 0.000E+00 0.000E+00 0.000E+00 7.484E+05
5.74587272E-01   5212.6 1.817E+03 5.536E+11 1.427E-02 8.968E-02 0.000E+00 0.000E+00 0.000E+00 7.505E+05
6.66293301E-01   5245.0 2.107E+03 6.494E+11 1.640E-02 9.597E-02 0.000E+00 0.000E+00 0.000E+00 7.526E+05
7.72668286E-01   5277.5 2.443E+03 7.617E+11 1.885E-02 1.032E-01 0.000E+00 0.000E+00 0.000E+00 7.547E+05
8.96112400E-01   5310.3 2.834E+03 8.934E+11 2.166E-02 1.115E-01 0.000E+00 0.000E+00 0.000E+00 7.568E+05
1.03931447E+00   5343.9 3.287E+03 1.049E+12 2.492E-02 1.214E-01 0.000E+00 0.000E+00 0.000E+00 7.590E+05
1.20512320E+00   5379.3 3.811E+03 1.235E+12 2.875E-02 1.338E-01 0.000E+00 0.000E+00 0.000E+00 7.613E+05
1.39631552E+00   5417.2 4.415E+03 1.459E+12 3.332E-02 1.492E-01 0.000E+00 0.000E+00 0.000E+00 7.638E+05
1.61574054E+00   5459.0 5.109E+03 1.735E+12 3.881E-02 1.677E-01 0.000E+00 0.000E+00 0.000E+00 7.664E+05
1.86633356E+00   5505.4 5.902E+03 2.078E+12 4.544E-02 1.898E-01 0.000E+00 0.000E+00 0.000E+00 7.693E+05
2.15072937E+00   5558.0 6.801E+03 2.513E+12 5.359E-02 2.169E-01 0.000E+00 0.000E+00 0.000E+00 7.724E+05
2.47085076E+00   5618.1 7.813E+03 3.078E+12 6.379E-02 2.508E-01 0.000E+00 0.000E+00 0.000E+00 7.759E+05
2.82746034E+00   5687.6 8.941E+03 3.829E+12 7.682E-02 2.939E-01 0.000E+00 0.000E+00 0.000E+00 7.798E+05
3.21946020E+00   5768.8 1.018E+04 4.856E+12 9.396E-02 3.508E-01 0.000E+00 0.000E+00 0.000E+00 7.841E+05
3.64127232E+00   5866.3 1.151E+04 6.330E+12 1.180E-01 4.328E-01 0.000E+00 0.000E+00 0.000E+00 7.889E+05
4.08379539E+00   5981.9 1.291E+04 8.494E+12 1.518E-01 5.468E-01 0.000E+00 0.000E+00 0.000E+00 7.941E+05
4.53672546E+00   6119.0 1.435E+04 1.178E+13 2.005E-01 7.106E-01 0.000E+00 0.000E+00 0.000E+00 7.996E+05
4.98596901E+00   6282.0 1.577E+04 1.696E+13 2.746E-01 9.606E-01 0.000E+00 3.748E+00 0.000E+00 8.050E+05
5.41520685E+00   6475.7 1.712E+04 2.541E+13 3.908E-01 1.354E+00 0.000E+00 3.633E+02 7.961E+02 8.100E+05
5.80934411E+00   6704.2 1.837E+04 3.956E+13 5.798E-01 1.997E+00 0.000E+00 1.437E+04 3.522E+03 8.138E+05
6.15398936E+00   6978.1 1.946E+04 6.443E+13 9.089E-01 3.132E+00 0.000E+00 5.536E+05 1.148E+04 8.163E+05
6.44024516E+00   7296.3 2.036E+04 1.080E+14 1.497E+00 5.207E+00 0.000E+00 9.797E+06 3.722E+04 8.177E+05
6.66125004E+00   7691.2 2.106E+04 1.919E+14 2.709E+00 9.515E+00 0.000E+00 9.189E+07 9.011E+04 8.200E+05
6.81505490E+00   8163.7 2.154E+04 3.522E+14 5.359E+00 1.755E+01 0.000E+00 7.178E+08 1.726E+05 8.275E+05
6.92348516E+00   8577.8 2.188E+04 5.647E+14 9.519E+00 2.376E+01 0.000E+00 2.258E+09 3.230E+05 8.401E+05
7.01294013E+00   8876.5 2.216E+04 7.703E+14 1.416E+01 2.328E+01 0.000E+00 4.035E+09 3.878E+05 8.529E+05
7.09804897E+00   9104.5 2.243E+04 9.613E+14 1.894E+01 2.038E+01 0.000E+00 5.358E+09 4.123E+05 8.648E+05
7.18522351E+00   9301.1 2.271E+04 1.152E+15 2.413E+01 1.804E+01 0.000E+00 6.215E+09 4.301E+05 8.766E+05
7.27787447E+00   9483.2 2.300E+04 1.352E+15 2.986E+01 1.573E+01 0.000E+00 6.751E+09 4.325E+05 8.886E+05
7.37945608E+00   9645.9 2.332E+04 1.550E+15 3.586E+01 1.438E+01 0.000E+00 7.107E+09 4.405E+05 9.004E+05
7.49197672E+00   9819.1 2.367E+04 1.781E+15 4.319E+01 1.308E+01 0.000E+00 7.313E+09 4.385E+05 9.139E+05
7.61870059E+00   9969.2 2.407E+04 2.000E+15 5.041E+01 1.209E+01 0.000E+00 7.491E+09 4.410E+05 9.264E+05
7.76224290E+00  10147.0 2.452E+04 2.279E+15 5.978E+01 1.159E+01 0.000E+00 7.594E+09 4.442E+05 9.423E+05
7.92632016E+00  10301.3 2.504E+04 2.543E+15 6.879E+01 1.045E+01 0.000E+00 7.672E+09 4.377E+05 9.569E+05
8.11493964E+00  10482.6 2.563E+04 2.872E+15 8.034E+01 1.039E+01 0.000E+00 7.780E+09 4.497E+05 9.750E+05
8.33162294E+00  10660.5 2.632E+04 3.218E+15 9.266E+01 9.454E+00 0.000E+00 7.768E+09 4.389E+05 9.937E+05
8.58315462E+00  10842.5 2.711E+04 3.597E+15 1.062E+02 9.721E+00 0.000E+00 7.883E+09 4.480E+05 1.014E+06
PRADK 2.3875E+00
BEGIN                    ITERATION  15 COMPLETED
