TEFF   7000.  GRAVITY 1.50000 LTE
TITLE  [ 0.0] VTURB=0  L/H=1.25 NOVER NEW ODF
OPACITY IFOP 1 1 1 1 1 1 1 1 1 1 1 1 1 0 1 0 0 0 0 0
CONVECTION ON   1.25 TURBULENCE OFF  0.00  0.00  0.00  0.00
ABUNDANCE SCALE   1.00000 ABUNDANCE CHANGE 1 0.92040 2 0.07834
ABUNDANCE CHANGE  3 -10.94  4 -10.64  5  -9.49  6  -3.52  7  -4.12  8  -3.21
ABUNDANCE CHANGE  9  -7.48 10  -3.96 11  -5.71 12  -4.46 13  -5.57 14  -4.49
ABUNDANCE CHANGE 15  -6.59 16  -4.71 17  -6.54 18  -5.64 19  -6.92 20  -5.68
ABUNDANCE CHANGE 21  -8.87 22  -7.02 23  -8.04 24  -6.37 25  -6.65 26  -4.54
ABUNDANCE CHANGE 27  -7.12 28  -5.79 29  -7.83 30  -7.44 31  -9.16 32  -8.63
ABUNDANCE CHANGE 33  -9.67 34  -8.63 35  -9.41 36  -8.73 37  -9.44 38  -9.07
ABUNDANCE CHANGE 39  -9.80 40  -9.44 41 -10.62 42 -10.12 43 -20.00 44 -10.20
ABUNDANCE CHANGE 45 -10.92 46 -10.35 47 -11.10 48 -10.27 49 -10.38 50 -10.04
ABUNDANCE CHANGE 51 -11.04 52  -9.80 53 -10.53 54  -9.87 55 -10.91 56  -9.91
ABUNDANCE CHANGE 57 -10.87 58 -10.46 59 -11.33 60 -10.54 61 -20.00 62 -11.03
ABUNDANCE CHANGE 63 -11.53 64 -10.92 65 -11.69 66 -10.90 67 -11.78 68 -11.11
ABUNDANCE CHANGE 69 -12.04 70 -10.96 71 -11.98 72 -11.16 73 -12.17 74 -10.93
ABUNDANCE CHANGE 75 -11.76 76 -10.59 77 -10.69 78 -10.24 79 -11.03 80 -10.91
ABUNDANCE CHANGE 81 -11.14 82 -10.09 83 -11.33 84 -20.00 85 -20.00 86 -20.00
ABUNDANCE CHANGE 87 -20.00 88 -20.00 89 -20.00 90 -11.95 91 -20.00 92 -12.54
ABUNDANCE CHANGE 93 -20.00 94 -20.00 95 -20.00 96 -20.00 97 -20.00 98 -20.00
ABUNDANCE CHANGE 99 -20.00
READ DECK6 72 RHOX,T,P,XNE,ABROSS,ACCRAD,VTURB, FLXCNV,VCONV,VELSND
1.86469243E-04   4181.4 5.886E-03 1.733E+07 7.151E-04 5.844E-02 0.000E+00 0.000E+00 0.000E+00 1.519E+07
2.50245138E-04   4197.7 7.899E-03 2.172E+07 6.796E-04 5.793E-02 0.000E+00 0.000E+00 0.000E+00 1.334E+07
3.39726043E-04   4215.2 1.072E-02 2.750E+07 6.460E-04 5.666E-02 0.000E+00 0.000E+00 0.000E+00 1.165E+07
4.64849919E-04   4235.2 1.467E-02 3.531E+07 6.182E-04 5.529E-02 0.000E+00 0.000E+00 6.159E+06 1.012E+07
6.38998076E-04   4257.1 2.017E-02 4.578E+07 5.949E-04 5.391E-02 0.000E+00 0.000E+00 4.566E+06 8.763E+06
8.79710594E-04   4280.5 2.777E-02 5.969E+07 5.752E-04 5.263E-02 0.000E+00 0.000E+00 3.339E+06 7.576E+06
1.21076493E-03   4305.3 3.822E-02 7.818E+07 5.592E-04 5.153E-02 0.000E+00 0.000E+00 2.428E+06 6.546E+06
1.66336407E-03   4331.8 5.251E-02 1.028E+08 5.472E-04 5.059E-02 0.000E+00 0.000E+00 1.758E+06 5.657E+06
2.27775622E-03   4360.3 7.191E-02 1.359E+08 5.397E-04 4.976E-02 0.000E+00 0.000E+00 1.272E+06 4.894E+06
3.10354220E-03   4391.3 9.798E-02 1.805E+08 5.385E-04 4.952E-02 0.000E+00 0.000E+00 9.182E+05 4.241E+06
4.19996143E-03   4425.1 1.326E-01 2.410E+08 5.441E-04 4.944E-02 0.000E+00 0.000E+00 6.493E+05 3.685E+06
5.63826787E-03   4461.5 1.780E-01 3.228E+08 5.561E-04 4.926E-02 0.000E+00 0.000E+00 4.397E+05 3.215E+06
7.50471265E-03   4499.9 2.369E-01 4.327E+08 5.741E-04 4.893E-02 0.000E+00 0.000E+00 1.597E+05 2.817E+06
9.90558364E-03   4539.8 3.127E-01 5.791E+08 5.975E-04 4.846E-02 0.000E+00 0.000E+00 6.339E+04 2.482E+06
1.29731565E-02   4580.4 4.096E-01 7.718E+08 6.247E-04 4.758E-02 0.000E+00 0.000E+00 1.638E+04 2.198E+06
1.68873100E-02   4620.7 5.332E-01 1.022E+09 6.524E-04 4.543E-02 0.000E+00 0.000E+00 0.000E+00 1.959E+06
2.18850580E-02   4660.2 6.910E-01 1.343E+09 6.815E-04 4.344E-02 0.000E+00 0.000E+00 0.000E+00 1.756E+06
2.82619812E-02   4699.1 8.924E-01 1.755E+09 7.126E-04 4.165E-02 0.000E+00 0.000E+00 0.000E+00 1.583E+06
3.63845980E-02   4737.7 1.149E+00 2.281E+09 7.471E-04 4.014E-02 0.000E+00 0.000E+00 0.000E+00 1.436E+06
4.66973014E-02   4776.4 1.475E+00 2.956E+09 7.864E-04 3.884E-02 0.000E+00 0.000E+00 0.000E+00 1.312E+06
5.97135327E-02   4815.3 1.886E+00 3.818E+09 8.339E-04 3.821E-02 0.000E+00 0.000E+00 0.000E+00 1.207E+06
7.60118620E-02   4855.0 2.401E+00 4.923E+09 8.917E-04 3.788E-02 0.000E+00 0.000E+00 0.000E+00 1.119E+06
9.62459549E-02   4895.6 3.040E+00 6.335E+09 9.619E-04 3.766E-02 0.000E+00 0.000E+00 0.000E+00 1.046E+06
1.21149763E-01   4937.0 3.826E+00 8.130E+09 1.047E-03 3.762E-02 0.000E+00 0.000E+00 0.000E+00 9.862E+05
1.51537474E-01   4979.2 4.786E+00 1.041E+10 1.148E-03 3.768E-02 0.000E+00 0.000E+00 0.000E+00 9.369E+05
1.88306561E-01   5022.2 5.947E+00 1.327E+10 1.271E-03 3.785E-02 0.000E+00 0.000E+00 0.000E+00 8.968E+05
2.32441365E-01   5065.8 7.341E+00 1.687E+10 1.417E-03 3.817E-02 0.000E+00 0.000E+00 0.000E+00 8.642E+05
2.85021631E-01   5110.1 9.002E+00 2.136E+10 1.591E-03 3.860E-02 0.000E+00 0.000E+00 0.000E+00 8.378E+05
3.47250608E-01   5154.8 1.097E+01 2.693E+10 1.798E-03 3.916E-02 0.000E+00 0.000E+00 0.000E+00 8.166E+05
4.20482038E-01   5199.7 1.328E+01 3.381E+10 2.043E-03 3.987E-02 0.000E+00 0.000E+00 0.000E+00 7.995E+05
5.06267441E-01   5244.8 1.599E+01 4.224E+10 2.330E-03 4.069E-02 0.000E+00 0.000E+00 0.000E+00 7.858E+05
6.06421964E-01   5289.8 1.915E+01 5.250E+10 2.665E-03 4.163E-02 0.000E+00 0.000E+00 0.000E+00 7.749E+05
7.23103316E-01   5334.2 2.284E+01 6.488E+10 3.052E-03 4.273E-02 0.000E+00 0.000E+00 0.000E+00 7.662E+05
8.58889794E-01   5377.9 2.713E+01 7.974E+10 3.498E-03 4.407E-02 0.000E+00 0.000E+00 0.000E+00 7.593E+05
1.01679840E+00   5420.9 3.211E+01 9.745E+10 4.013E-03 4.575E-02 0.000E+00 0.000E+00 0.000E+00 7.540E+05
1.20030386E+00   5463.3 3.791E+01 1.186E+11 4.607E-03 4.786E-02 0.000E+00 0.000E+00 0.000E+00 7.498E+05
1.41335504E+00   5505.6 4.463E+01 1.437E+11 5.294E-03 5.037E-02 0.000E+00 0.000E+00 0.000E+00 7.467E+05
1.66047331E+00   5547.6 5.243E+01 1.737E+11 6.089E-03 5.334E-02 0.000E+00 0.000E+00 0.000E+00 7.444E+05
1.94680489E+00   5589.8 6.147E+01 2.094E+11 7.012E-03 5.685E-02 0.000E+00 0.000E+00 0.000E+00 7.427E+05
2.27815727E+00   5632.2 7.193E+01 2.521E+11 8.086E-03 6.102E-02 0.000E+00 0.000E+00 0.000E+00 7.416E+05
2.66092439E+00   5675.4 8.401E+01 3.032E+11 9.345E-03 6.601E-02 0.000E+00 0.000E+00 0.000E+00 7.410E+05
3.10198355E+00   5719.8 9.793E+01 3.648E+11 1.083E-02 7.204E-02 0.000E+00 0.000E+00 0.000E+00 7.407E+05
3.60830261E+00   5766.3 1.139E+02 4.398E+11 1.261E-02 7.952E-02 0.000E+00 0.000E+00 0.000E+00 7.408E+05
4.18629133E+00   5815.7 1.321E+02 5.323E+11 1.478E-02 8.891E-02 0.000E+00 0.000E+00 0.000E+00 7.411E+05
4.84122464E+00   5869.5 1.528E+02 6.483E+11 1.747E-02 1.007E-01 0.000E+00 0.000E+00 0.000E+00 7.415E+05
5.57630358E+00   5929.1 1.759E+02 7.966E+11 2.087E-02 1.159E-01 0.000E+00 0.000E+00 0.000E+00 7.419E+05
6.39131072E+00   5996.4 2.016E+02 9.902E+11 2.528E-02 1.360E-01 0.000E+00 0.000E+00 0.000E+00 7.424E+05
7.28101814E+00   6073.6 2.296E+02 1.249E+12 3.116E-02 1.630E-01 0.000E+00 0.000E+00 0.000E+00 7.429E+05
8.23339964E+00   6163.6 2.596E+02 1.606E+12 3.926E-02 2.008E-01 0.000E+00 0.000E+00 0.000E+00 7.433E+05
9.22711746E+00   6270.0 2.908E+02 2.113E+12 5.094E-02 2.562E-01 0.000E+00 1.017E-07 0.000E+00 7.437E+05
1.02309600E+01   6397.4 3.222E+02 2.859E+12 6.849E-02 3.406E-01 0.000E+00 2.715E-05 7.581E+00 7.442E+05
1.12059450E+01   6550.4 3.526E+02 3.991E+12 9.617E-02 4.758E-01 0.000E+00 9.295E-04 4.613E+01 7.453E+05
1.21069249E+01   6735.8 3.806E+02 5.777E+12 1.428E-01 7.074E-01 0.000E+00 3.869E-02 1.391E+02 7.477E+05
1.28896145E+01   6960.3 4.047E+02 8.679E+12 2.268E-01 1.131E+00 0.000E+00 2.772E+00 4.564E+02 7.528E+05
1.35212255E+01   7231.3 4.237E+02 1.351E+13 3.896E-01 1.960E+00 0.000E+00 3.328E+02 1.802E+03 7.626E+05
1.39912331E+01   7553.2 4.373E+02 2.157E+13 7.244E-01 3.664E+00 0.000E+00 5.444E+04 8.498E+03 7.801E+05
1.43165048E+01   7926.7 4.459E+02 3.460E+13 1.433E+00 7.215E+00 0.000E+00 1.084E+06 4.515E+04 8.086E+05
1.45320901E+01   8352.5 4.505E+02 5.432E+13 2.904E+00 1.439E+01 0.000E+00 1.022E+07 1.184E+05 8.533E+05
1.46764647E+01   8826.3 4.522E+02 8.043E+13 5.603E+00 2.664E+01 0.000E+00 1.362E+08 2.487E+05 9.201E+05
1.47837232E+01   9315.5 4.520E+02 1.066E+14 9.145E+00 4.065E+01 0.000E+00 4.414E+08 6.463E+05 1.006E+06
1.48830737E+01   9823.1 4.505E+02 1.259E+14 1.196E+01 5.169E+01 0.000E+00 5.375E+08 8.353E+05 1.103E+06
1.49967443E+01  10412.1 4.479E+02 1.351E+14 1.245E+01 5.528E+01 0.000E+00 2.516E+08 4.961E+05 1.209E+06
1.51599218E+01  11094.4 4.447E+02 1.340E+14 1.053E+01 4.779E+01 0.000E+00 2.913E+07 1.729E+05 1.330E+06
1.54344582E+01  11839.3 4.420E+02 1.278E+14 7.817E+00 3.539E+01 0.000E+00 7.077E+05 3.903E+04 1.475E+06
1.59437622E+01  12659.1 4.430E+02 1.209E+14 5.541E+00 2.512E+01 0.000E+00 5.234E+03 1.160E+04 1.601E+06
1.68990708E+01  13551.2 4.530E+02 1.162E+14 3.976E+00 1.801E+01 0.000E+00 1.340E+02 5.603E+03 1.654E+06
1.86205698E+01  14521.5 4.806E+02 1.162E+14 3.044E+00 1.378E+01 0.000E+00 2.260E+01 3.911E+03 1.691E+06
2.14982989E+01  15570.4 5.358E+02 1.226E+14 2.522E+00 1.140E+01 0.000E+00 6.705E+00 2.297E+03 1.802E+06
2.59966176E+01  16706.1 6.304E+02 1.357E+14 2.206E+00 9.974E+00 0.000E+00 1.079E+00 9.408E+02 1.972E+06
3.27167765E+01  17928.3 7.793E+02 1.569E+14 2.006E+00 9.071E+00 0.000E+00 6.420E-02 2.521E+02 2.122E+06
4.23483483E+01  19249.6 9.989E+02 1.875E+14 1.904E+00 8.621E+00 0.000E+00 1.568E-03 0.000E+00 2.235E+06
5.56251714E+01  20664.4 1.307E+03 2.286E+14 1.863E+00 8.274E+00 0.000E+00 1.884E-03 1.426E+02 2.329E+06
PRADK 3.2168E+00
BEGIN                    ITERATION  15 COMPLETED
