TEFF   8000.  GRAVITY 1.50000 LTE
TITLE  [ 0.0] VTURB=0  L/H=1.25 NOVER NEW ODF
OPACITY IFOP 1 1 1 1 1 1 1 1 1 1 1 1 1 0 1 0 0 0 0 0
CONVECTION ON   1.25 TURBULENCE OFF  0.00  0.00  0.00  0.00
ABUNDANCE SCALE   1.00000 ABUNDANCE CHANGE 1 0.92040 2 0.07834
ABUNDANCE CHANGE  3 -10.94  4 -10.64  5  -9.49  6  -3.52  7  -4.12  8  -3.21
ABUNDANCE CHANGE  9  -7.48 10  -3.96 11  -5.71 12  -4.46 13  -5.57 14  -4.49
ABUNDANCE CHANGE 15  -6.59 16  -4.71 17  -6.54 18  -5.64 19  -6.92 20  -5.68
ABUNDANCE CHANGE 21  -8.87 22  -7.02 23  -8.04 24  -6.37 25  -6.65 26  -4.54
ABUNDANCE CHANGE 27  -7.12 28  -5.79 29  -7.83 30  -7.44 31  -9.16 32  -8.63
ABUNDANCE CHANGE 33  -9.67 34  -8.63 35  -9.41 36  -8.73 37  -9.44 38  -9.07
ABUNDANCE CHANGE 39  -9.80 40  -9.44 41 -10.62 42 -10.12 43 -20.00 44 -10.20
ABUNDANCE CHANGE 45 -10.92 46 -10.35 47 -11.10 48 -10.27 49 -10.38 50 -10.04
ABUNDANCE CHANGE 51 -11.04 52  -9.80 53 -10.53 54  -9.87 55 -10.91 56  -9.91
ABUNDANCE CHANGE 57 -10.87 58 -10.46 59 -11.33 60 -10.54 61 -20.00 62 -11.03
ABUNDANCE CHANGE 63 -11.53 64 -10.92 65 -11.69 66 -10.90 67 -11.78 68 -11.11
ABUNDANCE CHANGE 69 -12.04 70 -10.96 71 -11.98 72 -11.16 73 -12.17 74 -10.93
ABUNDANCE CHANGE 75 -11.76 76 -10.59 77 -10.69 78 -10.24 79 -11.03 80 -10.91
ABUNDANCE CHANGE 81 -11.14 82 -10.09 83 -11.33 84 -20.00 85 -20.00 86 -20.00
ABUNDANCE CHANGE 87 -20.00 88 -20.00 89 -20.00 90 -11.95 91 -20.00 92 -12.54
ABUNDANCE CHANGE 93 -20.00 94 -20.00 95 -20.00 96 -20.00 97 -20.00 98 -20.00
ABUNDANCE CHANGE 99 -20.00
READ DECK6 72 RHOX,T,P,XNE,ABROSS,ACCRAD,VTURB, FLXCNV,VCONV,VELSND
9.82551501E-06   4584.4 3.046E-04 1.862E+07 1.357E-02 6.256E-01 0.000E+00 0.000E+00 0.000E+00 3.778E+07
1.32074367E-05   4604.2 4.095E-04 2.335E+07 1.273E-02 6.102E-01 0.000E+00 0.000E+00 0.000E+00 3.345E+07
1.80475010E-05   4622.6 5.596E-04 2.935E+07 1.178E-02 5.911E-01 0.000E+00 0.000E+00 0.000E+00 2.945E+07
2.49951791E-05   4645.0 7.753E-04 3.767E+07 1.099E-02 5.707E-01 0.000E+00 0.000E+00 2.708E+08 2.571E+07
3.49132102E-05   4670.6 1.083E-03 4.907E+07 1.033E-02 5.491E-01 0.000E+00 0.000E+00 2.004E+08 2.233E+07
4.89311659E-05   4698.7 1.519E-03 6.451E+07 9.778E-03 5.269E-01 0.000E+00 0.000E+00 1.465E+08 1.933E+07
6.86121701E-05   4728.8 2.132E-03 8.534E+07 9.316E-03 5.046E-01 0.000E+00 0.000E+00 1.065E+08 1.671E+07
9.60698514E-05   4760.7 2.986E-03 1.133E+08 8.930E-03 4.825E-01 0.000E+00 0.000E+00 7.731E+07 1.443E+07
1.34154526E-04   4794.1 4.173E-03 1.509E+08 8.608E-03 4.617E-01 0.000E+00 0.000E+00 5.606E+07 1.247E+07
1.86686184E-04   4828.9 5.810E-03 2.010E+08 8.344E-03 4.449E-01 0.000E+00 0.000E+00 4.068E+07 1.079E+07
2.58768406E-04   4864.9 8.059E-03 2.680E+08 8.127E-03 4.283E-01 0.000E+00 0.000E+00 2.947E+07 9.338E+06
3.57276164E-04   4901.7 1.113E-02 3.568E+08 7.942E-03 4.120E-01 0.000E+00 0.000E+00 2.127E+07 8.095E+06
4.91521795E-04   4939.1 1.532E-02 4.741E+08 7.780E-03 3.965E-01 0.000E+00 0.000E+00 1.522E+07 7.029E+06
6.74157511E-04   4976.8 2.103E-02 6.285E+08 7.630E-03 3.823E-01 0.000E+00 0.000E+00 1.079E+07 6.114E+06
9.22346046E-04   5014.8 2.878E-02 8.314E+08 7.492E-03 3.702E-01 0.000E+00 0.000E+00 7.598E+06 5.326E+06
1.25891785E-03   5053.6 3.931E-02 1.099E+09 7.379E-03 3.601E-01 0.000E+00 0.000E+00 5.320E+06 4.646E+06
1.71348020E-03   5093.9 5.352E-02 1.455E+09 7.305E-03 3.519E-01 0.000E+00 0.000E+00 3.692E+06 4.057E+06
2.32346870E-03   5136.4 7.260E-02 1.931E+09 7.287E-03 3.452E-01 0.000E+00 0.000E+00 2.525E+06 3.547E+06
3.13508838E-03   5181.2 9.799E-02 2.569E+09 7.336E-03 3.395E-01 0.000E+00 0.000E+00 1.683E+06 3.107E+06
4.20442855E-03   5228.8 1.314E-01 3.424E+09 7.461E-03 3.342E-01 0.000E+00 0.000E+00 2.385E+05 2.729E+06
5.59969205E-03   5278.5 1.751E-01 4.565E+09 7.658E-03 3.291E-01 0.000E+00 0.000E+00 1.267E+05 2.405E+06
7.40533875E-03   5329.9 2.316E-01 6.075E+09 7.920E-03 3.240E-01 0.000E+00 0.000E+00 6.850E+04 2.129E+06
9.72579305E-03   5382.4 3.043E-01 8.060E+09 8.243E-03 3.193E-01 0.000E+00 0.000E+00 3.666E+04 1.895E+06
1.26899927E-02   5435.9 3.971E-01 1.065E+10 8.626E-03 3.152E-01 0.000E+00 0.000E+00 1.920E+04 1.696E+06
1.64585802E-02   5489.6 5.150E-01 1.401E+10 9.066E-03 3.120E-01 0.000E+00 0.000E+00 9.728E+03 1.529E+06
2.12301786E-02   5543.7 6.645E-01 1.834E+10 9.568E-03 3.101E-01 0.000E+00 0.000E+00 4.728E+03 1.387E+06
2.72442273E-02   5598.4 8.528E-01 2.391E+10 1.015E-02 3.098E-01 0.000E+00 0.000E+00 2.142E+03 1.269E+06
3.47816599E-02   5653.7 1.089E+00 3.107E+10 1.083E-02 3.111E-01 0.000E+00 0.000E+00 8.375E+02 1.169E+06
4.41660445E-02   5710.1 1.383E+00 4.024E+10 1.164E-02 3.140E-01 0.000E+00 0.000E+00 2.022E+02 1.086E+06
5.57630656E-02   5767.5 1.746E+00 5.195E+10 1.261E-02 3.184E-01 0.000E+00 0.000E+00 0.000E+00 1.017E+06
6.99893846E-02   5825.6 2.191E+00 6.680E+10 1.375E-02 3.243E-01 0.000E+00 0.000E+00 0.000E+00 9.598E+05
8.73266327E-02   5883.9 2.734E+00 8.546E+10 1.509E-02 3.316E-01 0.000E+00 0.000E+00 0.000E+00 9.135E+05
1.08344503E-01   5942.0 3.391E+00 1.087E+11 1.663E-02 3.405E-01 0.000E+00 0.000E+00 0.000E+00 8.761E+05
1.33727081E-01   5999.4 4.185E+00 1.372E+11 1.839E-02 3.515E-01 0.000E+00 0.000E+00 0.000E+00 8.460E+05
1.64286628E-01   6056.0 5.140E+00 1.722E+11 2.040E-02 3.647E-01 0.000E+00 0.000E+00 0.000E+00 8.218E+05
2.00984957E-01   6111.6 6.287E+00 2.146E+11 2.268E-02 3.801E-01 0.000E+00 0.000E+00 0.000E+00 8.026E+05
2.44962209E-01   6166.2 7.661E+00 2.659E+11 2.526E-02 3.985E-01 0.000E+00 0.000E+00 0.000E+00 7.873E+05
2.97568126E-01   6219.6 9.303E+00 3.275E+11 2.819E-02 4.206E-01 0.000E+00 0.000E+00 0.000E+00 7.753E+05
3.60354260E-01   6272.5 1.126E+01 4.015E+11 3.154E-02 4.475E-01 0.000E+00 0.000E+00 0.000E+00 7.660E+05
4.35046896E-01   6325.4 1.359E+01 4.906E+11 3.543E-02 4.806E-01 0.000E+00 0.000E+00 0.000E+00 7.588E+05
5.23429565E-01   6379.5 1.634E+01 5.987E+11 4.005E-02 5.216E-01 0.000E+00 0.000E+00 0.000E+00 7.535E+05
6.27274639E-01   6435.8 1.957E+01 7.307E+11 4.565E-02 5.732E-01 0.000E+00 0.000E+00 0.000E+00 7.497E+05
7.48088021E-01   6495.8 2.331E+01 8.941E+11 5.263E-02 6.393E-01 0.000E+00 0.000E+00 0.000E+00 7.474E+05
8.86858916E-01   6561.3 2.761E+01 1.099E+12 6.155E-02 7.257E-01 0.000E+00 0.000E+00 0.000E+00 7.464E+05
1.04369751E+00   6634.3 3.244E+01 1.359E+12 7.330E-02 8.416E-01 0.000E+00 0.000E+00 0.000E+00 7.466E+05
1.21731048E+00   6717.5 3.777E+01 1.698E+12 8.935E-02 1.002E+00 0.000E+00 3.066E-07 0.000E+00 7.484E+05
1.40474284E+00   6813.4 4.349E+01 2.145E+12 1.119E-01 1.229E+00 0.000E+00 3.990E-06 1.730E+01 7.517E+05
1.60124116E+00   6925.4 4.944E+01 2.747E+12 1.446E-01 1.561E+00 0.000E+00 2.416E-05 3.661E+01 7.570E+05
1.80035258E+00   7056.7 5.537E+01 3.567E+12 1.939E-01 2.058E+00 0.000E+00 1.133E-04 6.007E+01 7.650E+05
1.99435653E+00   7211.4 6.104E+01 4.704E+12 2.710E-01 2.827E+00 0.000E+00 5.991E-04 9.487E+01 7.765E+05
2.17572606E+00   7391.9 6.616E+01 6.273E+12 3.944E-01 4.037E+00 0.000E+00 5.181E-03 1.644E+02 7.929E+05
2.33868040E+00   7602.3 7.052E+01 8.425E+12 5.964E-01 5.971E+00 0.000E+00 8.067E-02 3.465E+02 8.162E+05
2.48020716E+00   7845.2 7.395E+01 1.129E+13 9.267E-01 8.998E+00 0.000E+00 1.547E+00 8.884E+02 8.491E+05
2.60098861E+00   8122.1 7.643E+01 1.487E+13 1.448E+00 1.359E+01 0.000E+00 1.914E+01 2.438E+03 8.951E+05
2.70538438E+00   8435.7 7.801E+01 1.890E+13 2.182E+00 1.966E+01 0.000E+00 8.767E+01 5.766E+03 9.576E+05
2.80143311E+00   8787.2 7.884E+01 2.268E+13 3.026E+00 2.622E+01 0.000E+00 1.494E+02 9.201E+03 1.037E+06
2.90051011E+00   9183.8 7.914E+01 2.534E+13 3.652E+00 3.052E+01 0.000E+00 1.070E+02 7.940E+03 1.133E+06
3.01931009E+00   9625.7 7.924E+01 2.645E+13 3.766E+00 3.053E+01 0.000E+00 2.964E+01 3.839E+03 1.245E+06
3.18407498E+00  10120.7 7.969E+01 2.644E+13 3.429E+00 2.722E+01 0.000E+00 2.113E+00 1.469E+03 1.388E+06
3.43414844E+00  10669.6 8.139E+01 2.611E+13 2.896E+00 2.258E+01 0.000E+00 8.098E-02 6.205E+02 1.555E+06
3.83571059E+00  11285.2 8.588E+01 2.626E+13 2.401E+00 1.865E+01 0.000E+00 5.047E-03 3.099E+02 1.702E+06
4.48043885E+00  11972.7 9.537E+01 2.759E+13 2.005E+00 1.551E+01 0.000E+00 6.182E-04 1.666E+02 1.804E+06
5.49154782E+00  12739.2 1.128E+02 3.080E+13 1.740E+00 1.346E+01 0.000E+00 1.498E-04 1.054E+02 1.854E+06
6.99993784E+00  13584.9 1.412E+02 3.642E+13 1.597E+00 1.237E+01 0.000E+00 1.434E-04 1.156E+02 1.872E+06
9.14311233E+00  14513.8 1.831E+02 4.476E+13 1.525E+00 1.179E+01 0.000E+00 1.394E-04 1.228E+02 1.933E+06
1.21063266E+01  15525.5 2.425E+02 5.599E+13 1.481E+00 1.144E+01 0.000E+00 5.302E-05 2.632E+01 2.058E+06
1.61627475E+01  16626.3 3.250E+02 7.045E+13 1.447E+00 1.117E+01 0.000E+00 5.852E-07 0.000E+00 2.191E+06
2.16707595E+01  17816.6 4.380E+02 8.881E+13 1.427E+00 1.104E+01 0.000E+00 0.000E+00 0.000E+00 2.297E+06
2.91011428E+01  19109.9 5.915E+02 1.119E+14 1.413E+00 1.090E+01 0.000E+00 0.000E+00 0.000E+00 2.386E+06
3.90894813E+01  20501.2 7.988E+02 1.409E+14 1.403E+00 1.083E+01 0.000E+00 0.000E+00 0.000E+00 2.469E+06
5.25163489E+01  22007.5 1.079E+03 1.774E+14 1.391E+00 1.069E+01 0.000E+00 0.000E+00 0.000E+00 2.553E+06
7.04338326E+01  23623.9 1.457E+03 2.232E+14 1.401E+00 1.032E+01 0.000E+00 0.000E+00 0.000E+00 2.638E+06
PRADK 5.4749E+00
BEGIN                    ITERATION  15 COMPLETED
