
       Teff log g  [M]  Vturb  l/H  E(B-V)   u       u0      v       b       y       u-b    u0-b     b-y      m1      c1     c10
    1  3500  0.00  0.00  2.00  0.00  0.00  -8.369  -8.356 -10.829 -12.178 -12.964   4.611   4.603   1.286   0.492   1.053   1.045
    2  3500  0.50  0.00  2.00  0.00  0.00  -8.708  -8.694 -11.092 -12.205 -12.929   4.299   4.291   1.224   0.318   1.213   1.204
    3  3500  1.00  0.00  2.00  0.00  0.00  -9.050  -9.037 -11.340 -12.226 -12.900   3.977   3.969   1.174   0.140   1.347   1.338
    4  3500  1.50  0.00  2.00  0.00  0.00  -9.399  -9.386 -11.582 -12.261 -12.891   3.664   3.655   1.130  -0.022   1.446   1.437
    5  3500  2.00  0.00  2.00  0.00  0.00  -9.751  -9.738 -11.816 -12.320 -12.908   3.370   3.362   1.089  -0.156   1.503   1.494
    6  3500  2.50  0.00  2.00  0.00  0.00 -10.087 -10.073 -12.036 -12.411 -12.960   3.126   3.118   1.049  -0.246   1.517   1.509
    7  3500  3.00  0.00  2.00  0.00  0.00 -10.394 -10.380 -12.240 -12.532 -13.045   2.940   2.932   1.013  -0.291   1.494   1.487
    8  3500  3.50  0.00  2.00  0.00  0.00 -10.658 -10.643 -12.405 -12.679 -13.168   2.823   2.816   0.990  -0.287   1.415   1.408
    9  3500  4.00  0.00  2.00  0.00  0.00 -10.880 -10.864 -12.529 -12.842 -13.326   2.764   2.758   0.984  -0.242   1.278   1.272
   10  3500  4.50  0.00  2.00  0.00  0.00 -11.029 -11.013 -12.589 -12.986 -13.470   2.758   2.753   0.984  -0.159   1.106   1.100
   11  3500  5.00  0.00  2.00  0.00  0.00 -11.048 -11.030 -12.559 -13.069 -13.560   2.824   2.819   0.991  -0.051   0.942   0.937
   12  3750  0.00  0.00  2.00  0.00  0.00  -9.247  -9.232 -11.638 -13.301 -13.969   4.856   4.848   1.168   0.923   0.671   0.663
   13  3750  0.50  0.00  2.00  0.00  0.00  -9.563  -9.549 -11.849 -13.352 -13.965   4.591   4.584   1.113   0.819   0.726   0.718
   14  3750  1.00  0.00  2.00  0.00  0.00  -9.863  -9.849 -12.044 -13.384 -13.951   4.323   4.315   1.067   0.702   0.783   0.775
   15  3750  1.50  0.00  2.00  0.00  0.00 -10.149 -10.135 -12.227 -13.409 -13.935   4.062   4.054   1.026   0.584   0.838   0.830
   16  3750  2.00  0.00  2.00  0.00  0.00 -10.433 -10.418 -12.404 -13.434 -13.921   3.803   3.795   0.988   0.470   0.885   0.877
   17  3750  2.50  0.00  2.00  0.00  0.00 -10.699 -10.684 -12.570 -13.462 -13.915   3.565   3.558   0.953   0.368   0.922   0.914
   18  3750  3.00  0.00  2.00  0.00  0.00 -10.949 -10.933 -12.728 -13.502 -13.923   3.356   3.349   0.921   0.283   0.947   0.940
   19  3750  3.50  0.00  2.00  0.00  0.00 -11.165 -11.149 -12.861 -13.552 -13.950   3.189   3.183   0.897   0.223   0.947   0.941
   20  3750  4.00  0.00  2.00  0.00  0.00 -11.336 -11.320 -12.957 -13.606 -14.003   3.072   3.066   0.897   0.182   0.913   0.908
   21  3750  4.50  0.00  2.00  0.00  0.00 -11.520 -11.503 -13.037 -13.676 -14.080   2.958   2.952   0.904   0.163   0.821   0.816
   22  3750  5.00  0.00  2.00  0.00  0.00 -11.635 -11.617 -13.074 -13.737 -14.147   2.905   2.900   0.909   0.183   0.719   0.714
   23  4000  0.00  0.00  2.00  0.00  0.00 -10.411 -10.395 -12.523 -14.092 -14.645   4.483   4.477   1.053   0.945   0.485   0.479
   24  4000  0.50  0.00  2.00  0.00  0.00 -10.693 -10.677 -12.694 -14.149 -14.649   4.258   4.253   1.000   0.884   0.488   0.482
   25  4000  1.00  0.00  2.00  0.00  0.00 -10.948 -10.932 -12.844 -14.189 -14.647   4.043   4.037   0.958   0.817   0.492   0.486
   26  4000  1.50  0.00  2.00  0.00  0.00 -11.176 -11.160 -12.975 -14.218 -14.640   3.844   3.838   0.923   0.750   0.497   0.492
   27  4000  2.00  0.00  2.00  0.00  0.00 -11.386 -11.369 -13.100 -14.244 -14.633   3.661   3.655   0.889   0.685   0.511   0.506
   28  4000  2.50  0.00  2.00  0.00  0.00 -11.567 -11.550 -13.209 -14.264 -14.624   3.500   3.495   0.860   0.625   0.529   0.523
   29  4000  3.00  0.00  2.00  0.00  0.00 -11.716 -11.699 -13.306 -14.282 -14.616   3.368   3.363   0.834   0.571   0.555   0.550
   30  4000  3.50  0.00  2.00  0.00  0.00 -11.838 -11.820 -13.387 -14.296 -14.611   3.260   3.255   0.815   0.522   0.583   0.578
   31  4000  4.00  0.00  2.00  0.00  0.00 -11.932 -11.914 -13.450 -14.307 -14.615   3.178   3.173   0.808   0.478   0.603   0.599
   32  4000  4.50  0.00  2.00  0.00  0.00 -12.035 -12.017 -13.498 -14.315 -14.635   3.082   3.078   0.820   0.426   0.588   0.584
   33  4000  5.00  0.00  2.00  0.00  0.00 -12.157 -12.139 -13.544 -14.332 -14.666   2.977   2.973   0.835   0.382   0.542   0.538
   34  4250  0.00  0.00  2.00  0.00  0.00 -11.601 -11.583 -13.353 -14.720 -15.173   3.921   3.917   0.954   0.842   0.328   0.324
   35  4250  0.50  0.00  2.00  0.00  0.00 -11.840 -11.822 -13.500 -14.776 -15.179   3.738   3.735   0.903   0.802   0.326   0.322
   36  4250  1.00  0.00  2.00  0.00  0.00 -12.055 -12.036 -13.625 -14.815 -15.178   3.562   3.559   0.863   0.757   0.321   0.318
   37  4250  1.50  0.00  2.00  0.00  0.00 -12.252 -12.233 -13.734 -14.843 -15.173   3.394   3.391   0.830   0.709   0.314   0.311
   38  4250  2.00  0.00  2.00  0.00  0.00 -12.423 -12.404 -13.831 -14.870 -15.168   3.249   3.247   0.798   0.670   0.311   0.309
   39  4250  2.50  0.00  2.00  0.00  0.00 -12.563 -12.544 -13.914 -14.893 -15.163   3.132   3.130   0.770   0.639   0.314   0.311
   40  4250  3.00  0.00  2.00  0.00  0.00 -12.656 -12.636 -13.975 -14.910 -15.157   3.055   3.053   0.747   0.616   0.327   0.325
   41  4250  3.50  0.00  2.00  0.00  0.00 -12.710 -12.690 -14.019 -14.920 -15.150   3.012   3.010   0.730   0.600   0.349   0.347
   42  4250  4.00  0.00  2.00  0.00  0.00 -12.726 -12.706 -14.042 -14.923 -15.143   2.999   2.997   0.720   0.590   0.377   0.375
   43  4250  4.50  0.00  2.00  0.00  0.00 -12.731 -12.711 -14.052 -14.917 -15.138   2.988   2.986   0.722   0.573   0.397   0.395
   44  4250  5.00  0.00  2.00  0.00  0.00 -12.762 -12.742 -14.057 -14.898 -15.139   2.939   2.936   0.740   0.530   0.397   0.394
   45  4500  0.00  0.00  2.00  0.00  0.00 -12.576 -12.557 -14.081 -15.248 -15.609   3.474   3.470   0.861   0.735   0.280   0.277
   46  4500  0.50  0.00  2.00  0.00  0.00 -12.773 -12.753 -14.203 -15.297 -15.615   3.326   3.323   0.818   0.705   0.279   0.276
   47  4500  1.00  0.00  2.00  0.00  0.00 -12.945 -12.926 -14.303 -15.331 -15.615   3.187   3.185   0.784   0.672   0.272   0.270
   48  4500  1.50  0.00  2.00  0.00  0.00 -13.101 -13.081 -14.389 -15.355 -15.611   3.055   3.053   0.756   0.639   0.263   0.261
   49  4500  2.00  0.00  2.00  0.00  0.00 -13.242 -13.222 -14.465 -15.376 -15.605   2.936   2.934   0.730   0.610   0.254   0.253
   50  4500  2.50  0.00  2.00  0.00  0.00 -13.362 -13.342 -14.535 -15.397 -15.601   2.837   2.835   0.704   0.588   0.252   0.251
   51  4500  3.00  0.00  2.00  0.00  0.00 -13.448 -13.427 -14.589 -15.415 -15.596   2.769   2.768   0.681   0.574   0.257   0.256
   52  4500  3.50  0.00  2.00  0.00  0.00 -13.495 -13.473 -14.626 -15.429 -15.592   2.736   2.736   0.663   0.569   0.271   0.270
   53  4500  4.00  0.00  2.00  0.00  0.00 -13.502 -13.481 -14.644 -15.436 -15.586   2.735   2.735   0.650   0.571   0.292   0.291
   54  4500  4.50  0.00  2.00  0.00  0.00 -13.478 -13.457 -14.644 -15.437 -15.579   2.761   2.760   0.642   0.580   0.315   0.314
   55  4500  5.00  0.00  2.00  0.00  0.00 -13.439 -13.418 -14.628 -15.430 -15.572   2.793   2.792   0.642   0.588   0.330   0.330
   56  4750  0.00  0.00  2.00  0.00  0.00 -13.371 -13.353 -14.749 -15.719 -15.983   3.149   3.146   0.764   0.634   0.350   0.347
   57  4750  0.50  0.00  2.00  0.00  0.00 -13.549 -13.530 -14.849 -15.757 -15.988   3.010   3.007   0.731   0.606   0.333   0.330
   58  4750  1.00  0.00  2.00  0.00  0.00 -13.701 -13.682 -14.927 -15.783 -15.988   2.884   2.881   0.705   0.580   0.312   0.310
   59  4750  1.50  0.00  2.00  0.00  0.00 -13.833 -13.813 -14.992 -15.801 -15.985   2.770   2.768   0.684   0.554   0.291   0.289
   60  4750  2.00  0.00  2.00  0.00  0.00 -13.950 -13.930 -15.047 -15.816 -15.981   2.668   2.666   0.665   0.533   0.271   0.269
   61  4750  2.50  0.00  2.00  0.00  0.00 -14.051 -14.030 -15.097 -15.831 -15.976   2.582   2.581   0.645   0.518   0.254   0.253
   62  4750  3.00  0.00  2.00  0.00  0.00 -14.130 -14.109 -15.140 -15.847 -15.972   2.519   2.519   0.625   0.511   0.245   0.244
   63  4750  3.50  0.00  2.00  0.00  0.00 -14.178 -14.157 -15.172 -15.861 -15.969   2.485   2.485   0.608   0.511   0.246   0.245
   64  4750  4.00  0.00  2.00  0.00  0.00 -14.196 -14.174 -15.191 -15.873 -15.966   2.479   2.479   0.593   0.517   0.256   0.256
   65  4750  4.50  0.00  2.00  0.00  0.00 -14.181 -14.159 -15.196 -15.880 -15.962   2.501   2.501   0.582   0.531   0.274   0.274
   66  4750  5.00  0.00  2.00  0.00  0.00 -14.139 -14.117 -15.186 -15.883 -15.957   2.546   2.545   0.574   0.551   0.293   0.292
   67  5000  0.00  0.00  2.00  0.00  0.00 -14.038 -14.020 -15.374 -16.152 -16.317   2.915   2.911   0.665   0.541   0.500   0.496
   68  5000  0.50  0.00  2.00  0.00  0.00 -14.209 -14.191 -15.451 -16.177 -16.318   2.770   2.767   0.641   0.515   0.457   0.454
   69  5000  1.00  0.00  2.00  0.00  0.00 -14.359 -14.340 -15.513 -16.194 -16.316   2.638   2.635   0.622   0.489   0.415   0.412
   70  5000  1.50  0.00  2.00  0.00  0.00 -14.486 -14.466 -15.562 -16.205 -16.313   2.522   2.519   0.608   0.465   0.374   0.372
   71  5000  2.00  0.00  2.00  0.00  0.00 -14.593 -14.573 -15.600 -16.213 -16.308   2.422   2.420   0.595   0.447   0.336   0.334
   72  5000  2.50  0.00  2.00  0.00  0.00 -14.682 -14.662 -15.631 -16.221 -16.304   2.340   2.339   0.583   0.435   0.302   0.300
   73  5000  3.00  0.00  2.00  0.00  0.00 -14.752 -14.732 -15.657 -16.230 -16.300   2.280   2.279   0.570   0.432   0.273   0.272
   74  5000  3.50  0.00  2.00  0.00  0.00 -14.800 -14.779 -15.676 -16.241 -16.297   2.243   2.242   0.556   0.437   0.253   0.253
   75  5000  4.00  0.00  2.00  0.00  0.00 -14.823 -14.801 -15.689 -16.252 -16.295   2.231   2.231   0.543   0.449   0.245   0.244
   76  5000  4.50  0.00  2.00  0.00  0.00 -14.820 -14.798 -15.694 -16.262 -16.294   2.244   2.244   0.531   0.466   0.248   0.248
   77  5000  5.00  0.00  2.00  0.00  0.00 -14.793 -14.771 -15.691 -16.270 -16.292   2.279   2.280   0.521   0.487   0.260   0.260
   78  5250  0.00  0.00  2.00  0.00  0.00 -14.611 -14.593 -15.953 -16.552 -16.623   2.743   2.739   0.571   0.457   0.684   0.680
   79  5250  0.50  0.00  2.00  0.00  0.00 -14.769 -14.751 -16.004 -16.563 -16.618   2.596   2.593   0.555   0.434   0.617   0.614
   80  5250  1.00  0.00  2.00  0.00  0.00 -14.914 -14.896 -16.047 -16.571 -16.613   2.458   2.455   0.542   0.411   0.551   0.548
   81  5250  1.50  0.00  2.00  0.00  0.00 -15.041 -15.021 -16.080 -16.574 -16.607   2.335   2.332   0.533   0.390   0.488   0.485
   82  5250  2.00  0.00  2.00  0.00  0.00 -15.148 -15.129 -16.105 -16.575 -16.601   2.228   2.226   0.526   0.372   0.430   0.428
   83  5250  2.50  0.00  2.00  0.00  0.00 -15.237 -15.217 -16.123 -16.575 -16.595   2.140   2.138   0.520   0.361   0.377   0.375
   84  5250  3.00  0.00  2.00  0.00  0.00 -15.306 -15.286 -16.135 -16.577 -16.590   2.073   2.071   0.513   0.358   0.329   0.327
   85  5250  3.50  0.00  2.00  0.00  0.00 -15.356 -15.335 -16.142 -16.582 -16.587   2.028   2.027   0.506   0.363   0.289   0.288
   86  5250  4.00  0.00  2.00  0.00  0.00 -15.382 -15.361 -16.144 -16.588 -16.585   2.008   2.008   0.497   0.377   0.259   0.258
   87  5250  4.50  0.00  2.00  0.00  0.00 -15.387 -15.365 -16.142 -16.597 -16.585   2.012   2.012   0.488   0.397   0.242   0.241
   88  5250  5.00  0.00  2.00  0.00  0.00 -15.370 -15.348 -16.136 -16.607 -16.585   2.039   2.039   0.478   0.422   0.238   0.237
   89  5500  0.00  0.00  2.00  0.00  0.00 -15.104 -15.085 -16.479 -16.920 -16.904   2.618   2.615   0.484   0.387   0.876   0.872
   90  5500  0.50  0.00  2.00  0.00  0.00 -15.245 -15.227 -16.505 -16.918 -16.893   2.474   2.471   0.475   0.367   0.789   0.785
   91  5500  1.00  0.00  2.00  0.00  0.00 -15.383 -15.364 -16.528 -16.915 -16.884   2.334   2.331   0.469   0.347   0.701   0.698
   92  5500  1.50  0.00  2.00  0.00  0.00 -15.508 -15.489 -16.546 -16.910 -16.875   2.204   2.201   0.465   0.329   0.616   0.613
   93  5500  2.00  0.00  2.00  0.00  0.00 -15.619 -15.599 -16.559 -16.905 -16.866   2.088   2.086   0.462   0.313   0.536   0.534
   94  5500  2.50  0.00  2.00  0.00  0.00 -15.711 -15.691 -16.566 -16.899 -16.859   1.990   1.988   0.460   0.302   0.464   0.462
   95  5500  3.00  0.00  2.00  0.00  0.00 -15.786 -15.766 -16.568 -16.895 -16.852   1.911   1.909   0.457   0.298   0.397   0.396
   96  5500  3.50  0.00  2.00  0.00  0.00 -15.842 -15.822 -16.566 -16.892 -16.847   1.852   1.851   0.455   0.301   0.339   0.338
   97  5500  4.00  0.00  2.00  0.00  0.00 -15.877 -15.856 -16.560 -16.894 -16.845   1.818   1.817   0.451   0.312   0.290   0.289
   98  5500  4.50  0.00  2.00  0.00  0.00 -15.892 -15.871 -16.551 -16.898 -16.844   1.808   1.807   0.446   0.331   0.253   0.253
   99  5500  5.00  0.00  2.00  0.00  0.00 -15.885 -15.863 -16.539 -16.906 -16.844   1.823   1.822   0.439   0.356   0.231   0.230
  100  5750  0.00  0.00  2.00  0.00  0.00 -15.521 -15.501 -16.951 -17.256 -17.159   2.537   2.534   0.403   0.331   1.067   1.064
  101  5750  0.50  0.00  2.00  0.00  0.00 -15.644 -15.625 -16.954 -17.242 -17.146   2.400   2.397   0.403   0.314   0.963   0.960
  102  5750  1.00  0.00  2.00  0.00  0.00 -15.774 -15.754 -16.960 -17.230 -17.133   2.259   2.256   0.403   0.297   0.858   0.855
  103  5750  1.50  0.00  2.00  0.00  0.00 -15.898 -15.878 -16.964 -17.218 -17.121   2.123   2.120   0.403   0.281   0.753   0.751
  104  5750  2.00  0.00  2.00  0.00  0.00 -16.011 -15.991 -16.964 -17.206 -17.110   1.998   1.996   0.404   0.267   0.653   0.651
  105  5750  2.50  0.00  2.00  0.00  0.00 -16.109 -16.089 -16.961 -17.195 -17.100   1.888   1.886   0.405   0.258   0.560   0.558
  106  5750  3.00  0.00  2.00  0.00  0.00 -16.192 -16.171 -16.954 -17.185 -17.091   1.795   1.793   0.406   0.253   0.474   0.472
  107  5750  3.50  0.00  2.00  0.00  0.00 -16.258 -16.237 -16.945 -17.177 -17.084   1.721   1.720   0.407   0.254   0.397   0.395
  108  5750  4.00  0.00  2.00  0.00  0.00 -16.305 -16.285 -16.933 -17.173 -17.080   1.670   1.668   0.407   0.262   0.330   0.329
  109  5750  4.50  0.00  2.00  0.00  0.00 -16.333 -16.312 -16.920 -17.173 -17.077   1.641   1.640   0.405   0.277   0.276   0.275
  110  5750  5.00  0.00  2.00  0.00  0.00 -16.339 -16.318 -16.905 -17.176 -17.078   1.639   1.638   0.402   0.299   0.236   0.235
  111  6000  0.00  0.00  2.00  0.00  0.00 -15.874 -15.854 -17.386 -17.563 -17.389   2.492   2.489   0.326   0.280   1.277   1.275
  112  6000  0.50  0.00  2.00  0.00  0.00 -15.978 -15.958 -17.359 -17.541 -17.377   2.365   2.363   0.336   0.274   1.142   1.140
  113  6000  1.00  0.00  2.00  0.00  0.00 -16.098 -16.078 -17.349 -17.521 -17.363   2.225   2.223   0.342   0.259   1.021   1.019
  114  6000  1.50  0.00  2.00  0.00  0.00 -16.219 -16.199 -17.340 -17.502 -17.349   2.085   2.083   0.347   0.245   0.900   0.898
  115  6000  2.00  0.00  2.00  0.00  0.00 -16.335 -16.314 -17.329 -17.484 -17.336   1.952   1.950   0.352   0.233   0.781   0.780
  116  6000  2.50  0.00  2.00  0.00  0.00 -16.440 -16.419 -17.316 -17.467 -17.323   1.830   1.828   0.356   0.224   0.668   0.666
  117  6000  3.00  0.00  2.00  0.00  0.00 -16.531 -16.511 -17.301 -17.451 -17.312   1.722   1.720   0.361   0.219   0.561   0.560
  118  6000  3.50  0.00  2.00  0.00  0.00 -16.608 -16.587 -17.284 -17.438 -17.302   1.633   1.631   0.364   0.219   0.465   0.463
  119  6000  4.00  0.00  2.00  0.00  0.00 -16.669 -16.648 -17.267 -17.429 -17.295   1.562   1.561   0.366   0.224   0.379   0.378
  120  6000  4.50  0.00  2.00  0.00  0.00 -16.711 -16.690 -17.250 -17.423 -17.291   1.515   1.513   0.367   0.235   0.307   0.306
  121  6000  5.00  0.00  2.00  0.00  0.00 -16.733 -16.711 -17.232 -17.423 -17.290   1.493   1.492   0.367   0.253   0.251   0.250
  122  6250  0.50  0.00  2.00  0.00  0.00 -16.264 -16.243 -17.741 -17.816 -17.586   2.354   2.353   0.270   0.235   1.343   1.342
  123  6250  1.00  0.00  2.00  0.00  0.00 -16.372 -16.352 -17.704 -17.791 -17.575   2.221   2.219   0.285   0.231   1.188   1.186
  124  6250  1.50  0.00  2.00  0.00  0.00 -16.489 -16.468 -17.682 -17.767 -17.561   2.080   2.079   0.295   0.219   1.051   1.049
  125  6250  2.00  0.00  2.00  0.00  0.00 -16.605 -16.584 -17.661 -17.743 -17.547   1.941   1.939   0.303   0.208   0.916   0.915
  126  6250  2.50  0.00  2.00  0.00  0.00 -16.715 -16.694 -17.639 -17.721 -17.532   1.808   1.806   0.311   0.199   0.785   0.784
  127  6250  3.00  0.00  2.00  0.00  0.00 -16.815 -16.794 -17.616 -17.700 -17.518   1.686   1.685   0.318   0.194   0.660   0.659
  128  6250  3.50  0.00  2.00  0.00  0.00 -16.903 -16.882 -17.593 -17.681 -17.505   1.580   1.579   0.324   0.193   0.543   0.542
  129  6250  4.00  0.00  2.00  0.00  0.00 -16.977 -16.956 -17.569 -17.666 -17.495   1.491   1.490   0.329   0.196   0.438   0.437
  130  6250  4.50  0.00  2.00  0.00  0.00 -17.033 -17.012 -17.547 -17.655 -17.488   1.424   1.423   0.333   0.204   0.348   0.347
  131  6250  5.00  0.00  2.00  0.00  0.00 -17.071 -17.050 -17.526 -17.650 -17.484   1.381   1.380   0.334   0.218   0.274   0.273
  132  6500  0.50  0.00  2.00  0.00  0.00 -16.519 -16.498 -18.086 -18.069 -17.777   2.353   2.351   0.208   0.204   1.526   1.525
  133  6500  1.00  0.00  2.00  0.00  0.00 -16.611 -16.590 -18.044 -18.043 -17.769   2.233   2.232   0.226   0.202   1.375   1.374
  134  6500  1.50  0.00  2.00  0.00  0.00 -16.721 -16.700 -17.999 -18.014 -17.758   2.095   2.094   0.244   0.200   1.205   1.204
  135  6500  2.00  0.00  2.00  0.00  0.00 -16.835 -16.814 -17.967 -17.987 -17.744   1.954   1.953   0.257   0.192   1.054   1.053
  136  6500  2.50  0.00  2.00  0.00  0.00 -16.947 -16.927 -17.936 -17.960 -17.728   1.814   1.813   0.268   0.184   0.908   0.906
  137  6500  3.00  0.00  2.00  0.00  0.00 -17.054 -17.033 -17.906 -17.933 -17.711   1.682   1.680   0.278   0.179   0.766   0.765
  138  6500  3.50  0.00  2.00  0.00  0.00 -17.151 -17.130 -17.875 -17.909 -17.696   1.560   1.559   0.287   0.176   0.632   0.631
  139  6500  4.00  0.00  2.00  0.00  0.00 -17.237 -17.216 -17.845 -17.887 -17.682   1.453   1.452   0.295   0.177   0.508   0.507
  140  6500  4.50  0.00  2.00  0.00  0.00 -17.308 -17.287 -17.817 -17.871 -17.671   1.365   1.364   0.300   0.182   0.398   0.397
  141  6500  5.00  0.00  2.00  0.00  0.00 -17.361 -17.340 -17.793 -17.860 -17.664   1.301   1.300   0.304   0.192   0.306   0.305
  142  6750  0.50  0.00  2.00  0.00  0.00 -16.758 -16.736 -18.382 -18.294 -17.956   2.338   2.337   0.162   0.179   1.655   1.654
  143  6750  1.00  0.00  2.00  0.00  0.00 -16.829 -16.808 -18.354 -18.275 -17.946   2.248   2.247   0.171   0.179   1.545   1.545
  144  6750  1.50  0.00  2.00  0.00  0.00 -16.928 -16.907 -18.304 -18.247 -17.938   2.121   2.120   0.192   0.180   1.376   1.375
  145  6750  2.00  0.00  2.00  0.00  0.00 -17.038 -17.017 -18.252 -18.215 -17.928   1.979   1.978   0.212   0.180   1.192   1.191
  146  6750  2.50  0.00  2.00  0.00  0.00 -17.150 -17.129 -18.211 -18.185 -17.912   1.837   1.836   0.227   0.175   1.030   1.029
  147  6750  3.00  0.00  2.00  0.00  0.00 -17.259 -17.237 -18.173 -18.154 -17.894   1.698   1.697   0.240   0.171   0.874   0.873
  148  6750  3.50  0.00  2.00  0.00  0.00 -17.362 -17.341 -18.135 -18.125 -17.876   1.565   1.564   0.251   0.168   0.725   0.724
  149  6750  4.00  0.00  2.00  0.00  0.00 -17.457 -17.436 -18.098 -18.098 -17.859   1.443   1.442   0.261   0.167   0.584   0.583
  150  6750  4.50  0.00  2.00  0.00  0.00 -17.540 -17.519 -18.065 -18.075 -17.844   1.337   1.336   0.269   0.170   0.457   0.456
  151  6750  5.00  0.00  2.00  0.00  0.00 -17.609 -17.588 -18.036 -18.058 -17.834   1.251   1.250   0.276   0.176   0.347   0.346
  152  7000  0.50  0.00  2.00  0.00  0.00 -16.992 -16.971 -18.639 -18.494 -18.121   2.303   2.303   0.127   0.156   1.735   1.734
  153  7000  1.00  0.00  2.00  0.00  0.00 -17.040 -17.018 -18.620 -18.482 -18.113   2.244   2.243   0.131   0.160   1.660   1.659
  154  7000  1.50  0.00  2.00  0.00  0.00 -17.121 -17.100 -18.584 -18.462 -18.104   2.143   2.142   0.142   0.165   1.528   1.527
  155  7000  2.00  0.00  2.00  0.00  0.00 -17.223 -17.202 -18.527 -18.432 -18.097   2.011   2.010   0.165   0.168   1.341   1.341
  156  7000  2.50  0.00  2.00  0.00  0.00 -17.332 -17.311 -18.469 -18.397 -18.085   1.867   1.867   0.187   0.170   1.150   1.149
  157  7000  3.00  0.00  2.00  0.00  0.00 -17.440 -17.419 -18.421 -18.363 -18.067   1.725   1.724   0.204   0.168   0.980   0.979
  158  7000  3.50  0.00  2.00  0.00  0.00 -17.546 -17.525 -18.376 -18.330 -18.048   1.586   1.585   0.217   0.166   0.818   0.817
  159  7000  4.00  0.00  2.00  0.00  0.00 -17.646 -17.625 -18.333 -18.298 -18.028   1.454   1.453   0.229   0.165   0.664   0.663
  160  7000  4.50  0.00  2.00  0.00  0.00 -17.739 -17.717 -18.294 -18.269 -18.009   1.333   1.332   0.240   0.165   0.522   0.521
  161  7000  5.00  0.00  2.00  0.00  0.00 -17.820 -17.798 -18.259 -18.246 -17.994   1.228   1.227   0.248   0.168   0.394   0.394
  162  7250  0.50  0.00  2.00  0.00  0.00 -17.238 -17.216 -18.850 -18.666 -18.275   2.231   2.230   0.109   0.136   1.738   1.738
  163  7250  1.00  0.00  2.00  0.00  0.00 -17.250 -17.229 -18.854 -18.667 -18.267   2.219   2.218   0.100   0.142   1.732   1.732
  164  7250  1.50  0.00  2.00  0.00  0.00 -17.313 -17.291 -18.825 -18.654 -18.260   2.143   2.142   0.107   0.151   1.626   1.625
  165  7250  2.00  0.00  2.00  0.00  0.00 -17.399 -17.377 -18.783 -18.632 -18.252   2.036   2.035   0.120   0.159   1.477   1.476
  166  7250  2.50  0.00  2.00  0.00  0.00 -17.501 -17.480 -18.718 -18.599 -18.243   1.900   1.899   0.145   0.165   1.279   1.279
  167  7250  3.00  0.00  2.00  0.00  0.00 -17.607 -17.586 -18.655 -18.562 -18.229   1.756   1.756   0.167   0.168   1.083   1.083
  168  7250  3.50  0.00  2.00  0.00  0.00 -17.712 -17.691 -18.602 -18.525 -18.210   1.615   1.614   0.184   0.168   0.908   0.908
  169  7250  4.00  0.00  2.00  0.00  0.00 -17.814 -17.793 -18.553 -18.490 -18.188   1.477   1.476   0.199   0.167   0.744   0.743
  170  7250  4.50  0.00  2.00  0.00  0.00 -17.912 -17.890 -18.507 -18.456 -18.167   1.346   1.345   0.211   0.166   0.589   0.588
  171  7250  5.00  0.00  2.00  0.00  0.00 -18.001 -17.980 -18.466 -18.426 -18.148   1.226   1.226   0.222   0.167   0.446   0.446
  172  7500  0.50  0.00  2.00  0.00  0.00 -17.528 -17.506 -18.985 -18.792 -18.415   2.066   2.066   0.124   0.112   1.592   1.592
  173  7500  1.00  0.00  2.00  0.00  0.00 -17.472 -17.450 -19.054 -18.828 -18.408   2.158   2.158   0.079   0.124   1.749   1.749
  174  7500  1.50  0.00  2.00  0.00  0.00 -17.508 -17.486 -19.038 -18.825 -18.404   2.119   2.118   0.079   0.136   1.686   1.686
  175  7500  2.00  0.00  2.00  0.00  0.00 -17.577 -17.555 -19.002 -18.810 -18.398   2.035   2.034   0.088   0.148   1.559   1.559
  176  7500  2.50  0.00  2.00  0.00  0.00 -17.664 -17.642 -18.952 -18.786 -18.389   1.924   1.924   0.103   0.160   1.397   1.396
  177  7500  3.00  0.00  2.00  0.00  0.00 -17.765 -17.743 -18.882 -18.750 -18.379   1.787   1.787   0.129   0.168   1.191   1.191
  178  7500  3.50  0.00  2.00  0.00  0.00 -17.867 -17.846 -18.816 -18.710 -18.362   1.645   1.645   0.152   0.172   0.997   0.996
  179  7500  4.00  0.00  2.00  0.00  0.00 -17.968 -17.947 -18.759 -18.672 -18.341   1.505   1.505   0.169   0.172   0.820   0.820
  180  7500  4.50  0.00  2.00  0.00  0.00 -18.068 -18.046 -18.707 -18.634 -18.317   1.368   1.367   0.184   0.172   0.654   0.654
  181  7500  5.00  0.00  2.00  0.00  0.00 -18.162 -18.141 -18.659 -18.598 -18.295   1.238   1.238   0.197   0.171   0.500   0.500
  182  7750  1.00  0.00  2.00  0.00  0.00 -17.711 -17.689 -19.212 -18.964 -18.535   2.055   2.055   0.072   0.108   1.692   1.692
  183  7750  1.50  0.00  2.00  0.00  0.00 -17.714 -17.692 -19.221 -18.973 -18.534   2.061   2.061   0.060   0.121   1.697   1.697
  184  7750  2.00  0.00  2.00  0.00  0.00 -17.764 -17.742 -19.194 -18.966 -18.531   2.004   2.004   0.065   0.136   1.600   1.600
  185  7750  2.50  0.00  2.00  0.00  0.00 -17.834 -17.813 -19.152 -18.950 -18.524   1.918   1.917   0.075   0.152   1.462   1.461
  186  7750  3.00  0.00  2.00  0.00  0.00 -17.918 -17.897 -19.096 -18.925 -18.515   1.808   1.808   0.090   0.167   1.292   1.292
  187  7750  3.50  0.00  2.00  0.00  0.00 -18.015 -17.993 -19.022 -18.886 -18.503   1.673   1.673   0.118   0.175   1.085   1.085
  188  7750  4.00  0.00  2.00  0.00  0.00 -18.114 -18.092 -18.954 -18.844 -18.484   1.533   1.532   0.140   0.179   0.893   0.892
  189  7750  4.50  0.00  2.00  0.00  0.00 -18.212 -18.190 -18.895 -18.804 -18.461   1.394   1.393   0.157   0.180   0.717   0.716
  190  7750  5.00  0.00  2.00  0.00  0.00 -18.308 -18.286 -18.842 -18.764 -18.436   1.258   1.258   0.172   0.180   0.553   0.552
  191  8000  1.00  0.00  2.00  0.00  0.00 -17.974 -17.952 -19.324 -19.066 -18.646   1.893   1.894   0.080   0.091   1.550   1.550
  192  8000  1.50  0.00  2.00  0.00  0.00 -17.929 -17.907 -19.376 -19.102 -18.650   1.975   1.975   0.048   0.107   1.663   1.663
  193  8000  2.00  0.00  2.00  0.00  0.00 -17.955 -17.933 -19.363 -19.104 -18.651   1.951   1.951   0.047   0.123   1.610   1.610
  194  8000  2.50  0.00  2.00  0.00  0.00 -18.009 -17.988 -19.327 -19.094 -18.648   1.886   1.886   0.054   0.141   1.494   1.494
  195  8000  3.00  0.00  2.00  0.00  0.00 -18.080 -18.058 -19.279 -19.076 -18.641   1.798   1.798   0.065   0.161   1.344   1.344
  196  8000  3.50  0.00  2.00  0.00  0.00 -18.162 -18.140 -19.217 -19.048 -18.631   1.688   1.688   0.083   0.178   1.166   1.165
  197  8000  4.00  0.00  2.00  0.00  0.00 -18.254 -18.232 -19.141 -19.007 -18.617   1.556   1.555   0.110   0.186   0.962   0.962
  198  8000  4.50  0.00  2.00  0.00  0.00 -18.349 -18.327 -19.074 -18.965 -18.596   1.418   1.418   0.131   0.189   0.776   0.776
  199  8000  5.00  0.00  2.00  0.00  0.00 -18.443 -18.422 -19.014 -18.923 -18.571   1.281   1.281   0.148   0.189   0.604   0.603
  200  8250  1.00  0.00  2.00  0.00  0.00 -18.258 -18.235 -19.395 -19.134 -18.730   1.679   1.679   0.096   0.072   1.341   1.342
  201  8250  1.50  0.00  2.00  0.00  0.00 -18.150 -18.128 -19.500 -19.209 -18.754   1.861   1.862   0.044   0.094   1.582   1.582
  202  8250  2.00  0.00  2.00  0.00  0.00 -18.151 -18.129 -19.508 -19.223 -18.758   1.875   1.875   0.034   0.111   1.584   1.584
  203  8250  2.50  0.00  2.00  0.00  0.00 -18.188 -18.166 -19.483 -19.221 -18.758   1.835   1.835   0.037   0.130   1.499   1.499
  204  8250  3.00  0.00  2.00  0.00  0.00 -18.244 -18.222 -19.441 -19.210 -18.755   1.768   1.768   0.046   0.153   1.370   1.369
  205  8250  3.50  0.00  2.00  0.00  0.00 -18.312 -18.290 -19.387 -19.190 -18.748   1.680   1.680   0.058   0.174   1.213   1.213
  206  8250  4.00  0.00  2.00  0.00  0.00 -18.391 -18.369 -19.319 -19.159 -18.737   1.570   1.569   0.078   0.191   1.029   1.029
  207  8250  4.50  0.00  2.00  0.00  0.00 -18.480 -18.459 -19.243 -19.117 -18.722   1.438   1.438   0.105   0.198   0.831   0.831
  208  8250  5.00  0.00  2.00  0.00  0.00 -18.572 -18.550 -19.177 -19.073 -18.698   1.303   1.303   0.125   0.200   0.651   0.650
  209  8500  1.50  0.00  2.00  0.00  0.00 -18.368 -18.346 -19.597 -19.298 -18.843   1.731   1.732   0.045   0.084   1.470   1.471
  210  8500  2.00  0.00  2.00  0.00  0.00 -18.345 -18.323 -19.628 -19.326 -18.852   1.782   1.783   0.027   0.100   1.528   1.528
  211  8500  2.50  0.00  2.00  0.00  0.00 -18.367 -18.345 -19.617 -19.331 -18.856   1.766   1.766   0.025   0.119   1.477   1.477
  212  8500  3.00  0.00  2.00  0.00  0.00 -18.410 -18.388 -19.583 -19.326 -18.857   1.718   1.718   0.030   0.141   1.373   1.373
  213  8500  3.50  0.00  2.00  0.00  0.00 -18.465 -18.444 -19.536 -19.313 -18.853   1.650   1.649   0.040   0.166   1.235   1.235
  214  8500  4.00  0.00  2.00  0.00  0.00 -18.531 -18.510 -19.477 -19.292 -18.845   1.562   1.562   0.053   0.191   1.072   1.072
  215  8500  4.50  0.00  2.00  0.00  0.00 -18.609 -18.587 -19.404 -19.258 -18.834   1.451   1.451   0.077   0.206   0.883   0.883
  216  8500  5.00  0.00  2.00  0.00  0.00 -18.696 -18.674 -19.331 -19.215 -18.817   1.321   1.321   0.102   0.211   0.693   0.693
  217  8750  1.50  0.00  2.00  0.00  0.00 -18.582 -18.559 -19.679 -19.373 -18.921   1.594   1.594   0.048   0.076   1.345   1.345
  218  8750  2.00  0.00  2.00  0.00  0.00 -18.532 -18.509 -19.729 -19.414 -18.936   1.684   1.685   0.022   0.091   1.455   1.455
  219  8750  2.50  0.00  2.00  0.00  0.00 -18.539 -18.517 -19.730 -19.426 -18.942   1.689   1.689   0.016   0.109   1.437   1.437
  220  8750  3.00  0.00  2.00  0.00  0.00 -18.571 -18.549 -19.707 -19.427 -18.946   1.658   1.658   0.019   0.131   1.357   1.357
  221  8750  3.50  0.00  2.00  0.00  0.00 -18.617 -18.595 -19.667 -19.421 -18.946   1.605   1.605   0.026   0.157   1.238   1.238
  222  8750  4.00  0.00  2.00  0.00  0.00 -18.673 -18.651 -19.614 -19.407 -18.943   1.535   1.535   0.037   0.185   1.090   1.090
  223  8750  4.50  0.00  2.00  0.00  0.00 -18.738 -18.716 -19.549 -19.383 -18.935   1.447   1.447   0.052   0.211   0.920   0.920
  224  8750  5.00  0.00  2.00  0.00  0.00 -18.816 -18.794 -19.476 -19.347 -18.924   1.332   1.332   0.078   0.222   0.731   0.731
  225  9000  1.50  0.00  2.00  0.00  0.00 -18.791 -18.768 -19.752 -19.442 -18.991   1.454   1.454   0.049   0.070   1.213   1.214
  226  9000  2.00  0.00  2.00  0.00  0.00 -18.710 -18.688 -19.817 -19.493 -19.013   1.585   1.585   0.020   0.085   1.372   1.372
  227  9000  2.50  0.00  2.00  0.00  0.00 -18.702 -18.680 -19.828 -19.511 -19.021   1.610   1.611   0.010   0.102   1.385   1.386
  228  9000  3.00  0.00  2.00  0.00  0.00 -18.724 -18.702 -19.812 -19.515 -19.025   1.593   1.593   0.010   0.122   1.327   1.327
  229  9000  3.50  0.00  2.00  0.00  0.00 -18.763 -18.741 -19.780 -19.513 -19.028   1.553   1.552   0.015   0.148   1.225   1.225
  230  9000  4.00  0.00  2.00  0.00  0.00 -18.811 -18.789 -19.734 -19.505 -19.029   1.496   1.496   0.023   0.176   1.094   1.094
  231  9000  4.50  0.00  2.00  0.00  0.00 -18.867 -18.846 -19.678 -19.490 -19.025   1.424   1.424   0.035   0.206   0.940   0.940
  232  9000  5.00  0.00  2.00  0.00  0.00 -18.933 -18.911 -19.610 -19.464 -19.018   1.333   1.333   0.054   0.230   0.764   0.764
  233  9250  2.00  0.00  2.00  0.00  0.00 -18.886 -18.863 -19.896 -19.566 -19.084   1.482   1.483   0.018   0.081   1.282   1.282
  234  9250  2.50  0.00  2.00  0.00  0.00 -18.859 -18.837 -19.915 -19.587 -19.093   1.530   1.531   0.005   0.096   1.325   1.326
  235  9250  3.00  0.00  2.00  0.00  0.00 -18.869 -18.847 -19.906 -19.595 -19.098   1.528   1.528   0.003   0.115   1.290   1.290
  236  9250  3.50  0.00  2.00  0.00  0.00 -18.899 -18.877 -19.879 -19.595 -19.101   1.498   1.498   0.006   0.139   1.206   1.206
  237  9250  4.00  0.00  2.00  0.00  0.00 -18.941 -18.919 -19.840 -19.591 -19.104   1.452   1.452   0.013   0.167   1.089   1.089
  238  9250  4.50  0.00  2.00  0.00  0.00 -18.992 -18.970 -19.789 -19.582 -19.105   1.392   1.392   0.023   0.199   0.947   0.946
  239  9250  5.00  0.00  2.00  0.00  0.00 -19.050 -19.028 -19.727 -19.565 -19.101   1.317   1.317   0.037   0.230   0.782   0.782
  240  9500  2.00  0.00  2.00  0.00  0.00 -19.057 -19.034 -19.968 -19.634 -19.150   1.379   1.380   0.016   0.078   1.189   1.189
  241  9500  2.50  0.00  2.00  0.00  0.00 -19.013 -18.990 -19.994 -19.658 -19.160   1.448   1.448   0.002   0.092   1.259   1.259
  242  9500  3.00  0.00  2.00  0.00  0.00 -19.010 -18.987 -19.990 -19.668 -19.165   1.460   1.460  -0.003   0.109   1.245   1.245
  243  9500  3.50  0.00  2.00  0.00  0.00 -19.030 -19.008 -19.969 -19.670 -19.169   1.442   1.442  -0.001   0.132   1.179   1.179
  244  9500  4.00  0.00  2.00  0.00  0.00 -19.064 -19.042 -19.934 -19.668 -19.172   1.406   1.406   0.004   0.160   1.077   1.077
  245  9500  4.50  0.00  2.00  0.00  0.00 -19.109 -19.087 -19.888 -19.663 -19.175   1.356   1.356   0.012   0.192   0.945   0.945
  246  9500  5.00  0.00  2.00  0.00  0.00 -19.162 -19.140 -19.830 -19.652 -19.176   1.291   1.291   0.024   0.226   0.789   0.789
  247  9750  2.00  0.00  2.00  0.00  0.00 -19.221 -19.198 -20.037 -19.698 -19.213   1.279   1.280   0.015   0.075   1.097   1.098
  248  9750  2.50  0.00  2.00  0.00  0.00 -19.163 -19.140 -20.066 -19.725 -19.224   1.364   1.364  -0.001   0.088   1.187   1.188
  249  9750  3.00  0.00  2.00  0.00  0.00 -19.147 -19.124 -20.067 -19.736 -19.228   1.391   1.391  -0.007   0.105   1.194   1.194
  250  9750  3.50  0.00  2.00  0.00  0.00 -19.157 -19.134 -20.049 -19.739 -19.232   1.384   1.385  -0.007   0.126   1.145   1.146
  251  9750  4.00  0.00  2.00  0.00  0.00 -19.183 -19.161 -20.019 -19.739 -19.235   1.358   1.358  -0.003   0.153   1.057   1.057
  252  9750  4.50  0.00  2.00  0.00  0.00 -19.222 -19.200 -19.976 -19.736 -19.239   1.316   1.316   0.003   0.185   0.938   0.938
  253  9750  5.00  0.00  2.00  0.00  0.00 -19.269 -19.247 -19.924 -19.728 -19.242   1.261   1.261   0.014   0.220   0.793   0.793
  254 10000  2.00  0.00  2.00  0.00  0.00 -19.377 -19.354 -20.103 -19.760 -19.273   1.185   1.186   0.013   0.073   1.011   1.011
  255 10000  2.50  0.00  2.00  0.00  0.00 -19.308 -19.286 -20.135 -19.788 -19.285   1.282   1.282  -0.003   0.086   1.115   1.115
  256 10000  3.00  0.00  2.00  0.00  0.00 -19.281 -19.259 -20.138 -19.800 -19.289   1.320   1.321  -0.011   0.101   1.137   1.137
  257 10000  3.50  0.00  2.00  0.00  0.00 -19.281 -19.258 -20.124 -19.803 -19.291   1.325   1.325  -0.012   0.121   1.105   1.106
  258 10000  4.00  0.00  2.00  0.00  0.00 -19.298 -19.276 -20.096 -19.804 -19.294   1.308   1.308  -0.010   0.147   1.032   1.032
  259 10000  4.50  0.00  2.00  0.00  0.00 -19.330 -19.308 -20.058 -19.802 -19.298   1.275   1.275  -0.004   0.178   0.925   0.926
  260 10000  5.00  0.00  2.00  0.00  0.00 -19.371 -19.349 -20.009 -19.798 -19.302   1.228   1.228   0.005   0.213   0.791   0.791
  261 10250  2.00  0.00  2.00  0.00  0.00 -19.523 -19.500 -20.165 -19.819 -19.330   1.098   1.099   0.011   0.072   0.930   0.931
  262 10250  2.50  0.00  2.00  0.00  0.00 -19.448 -19.426 -20.199 -19.848 -19.343   1.202   1.203  -0.006   0.084   1.044   1.044
  263 10250  3.00  0.00  2.00  0.00  0.00 -19.412 -19.390 -20.205 -19.860 -19.346   1.250   1.251  -0.014   0.099   1.079   1.079
  264 10250  3.50  0.00  2.00  0.00  0.00 -19.402 -19.380 -20.193 -19.865 -19.348   1.264   1.264  -0.016   0.117   1.061   1.061
  265 10250  4.00  0.00  2.00  0.00  0.00 -19.412 -19.390 -20.168 -19.865 -19.350   1.256   1.256  -0.015   0.141   1.002   1.002
  266 10250  4.50  0.00  2.00  0.00  0.00 -19.435 -19.413 -20.133 -19.864 -19.354   1.231   1.231  -0.011   0.171   0.909   0.909
  267 10250  5.00  0.00  2.00  0.00  0.00 -19.471 -19.449 -20.088 -19.862 -19.359   1.193   1.193  -0.003   0.206   0.785   0.785
  268 10500  2.00  0.00  2.00  0.00  0.00 -19.660 -19.638 -20.225 -19.876 -19.385   1.017   1.018   0.010   0.070   0.856   0.857
  269 10500  2.50  0.00  2.00  0.00  0.00 -19.582 -19.559 -20.261 -19.906 -19.398   1.126   1.127  -0.008   0.082   0.976   0.976
  270 10500  3.00  0.00  2.00  0.00  0.00 -19.539 -19.516 -20.268 -19.918 -19.402   1.181   1.182  -0.017   0.096   1.020   1.020
  271 10500  3.50  0.00  2.00  0.00  0.00 -19.521 -19.499 -20.258 -19.923 -19.403   1.204   1.204  -0.020   0.114   1.014   1.014
  272 10500  4.00  0.00  2.00  0.00  0.00 -19.522 -19.500 -20.236 -19.923 -19.404   1.203   1.203  -0.019   0.136   0.968   0.968
  273 10500  4.50  0.00  2.00  0.00  0.00 -19.539 -19.517 -20.203 -19.923 -19.407   1.186   1.186  -0.016   0.165   0.887   0.887
  274 10500  5.00  0.00  2.00  0.00  0.00 -19.568 -19.546 -20.161 -19.921 -19.411   1.155   1.155  -0.010   0.199   0.774   0.774
  275 10750  2.00  0.00  2.00  0.00  0.00 -19.788 -19.765 -20.282 -19.930 -19.437   0.944   0.944   0.008   0.069   0.788   0.789
  276 10750  2.50  0.00  2.00  0.00  0.00 -19.708 -19.686 -20.319 -19.961 -19.451   1.055   1.055  -0.010   0.081   0.911   0.912
  277 10750  3.00  0.00  2.00  0.00  0.00 -19.661 -19.638 -20.327 -19.974 -19.455   1.115   1.115  -0.019   0.094   0.962   0.963
  278 10750  3.50  0.00  2.00  0.00  0.00 -19.636 -19.614 -20.319 -19.978 -19.455   1.143   1.144  -0.023   0.111   0.965   0.966
  279 10750  4.00  0.00  2.00  0.00  0.00 -19.631 -19.608 -20.299 -19.979 -19.455   1.150   1.151  -0.023   0.132   0.930   0.931
  280 10750  4.50  0.00  2.00  0.00  0.00 -19.640 -19.618 -20.269 -19.978 -19.457   1.140   1.140  -0.021   0.159   0.861   0.861
  281 10750  5.00  0.00  2.00  0.00  0.00 -19.663 -19.641 -20.229 -19.977 -19.462   1.116   1.116  -0.016   0.193   0.759   0.759
  282 11000  2.00  0.00  2.00  0.00  0.00 -19.907 -19.884 -20.337 -19.981 -19.487   0.877   0.877   0.006   0.068   0.727   0.728
  283 11000  2.50  0.00  2.00  0.00  0.00 -19.828 -19.805 -20.376 -20.014 -19.502   0.988   0.989  -0.012   0.080   0.851   0.852
  284 11000  3.00  0.00  2.00  0.00  0.00 -19.778 -19.755 -20.385 -20.027 -19.505   1.051   1.051  -0.021   0.093   0.906   0.907
  285 11000  3.50  0.00  2.00  0.00  0.00 -19.748 -19.726 -20.377 -20.031 -19.505   1.085   1.085  -0.026   0.109   0.916   0.917
  286 11000  4.00  0.00  2.00  0.00  0.00 -19.736 -19.714 -20.358 -20.032 -19.505   1.097   1.098  -0.027   0.129   0.891   0.891
  287 11000  4.50  0.00  2.00  0.00  0.00 -19.740 -19.717 -20.330 -20.031 -19.506   1.094   1.094  -0.025   0.155   0.832   0.832
  288 11000  5.00  0.00  2.00  0.00  0.00 -19.756 -19.734 -20.293 -20.030 -19.509   1.076   1.076  -0.021   0.187   0.741   0.742
  289 11250  2.00  0.00  2.00  0.00  0.00 -20.017 -19.995 -20.389 -20.031 -19.535   0.816   0.816   0.004   0.067   0.672   0.673
  290 11250  2.50  0.00  2.00  0.00  0.00 -19.940 -19.918 -20.430 -20.065 -19.550   0.926   0.927  -0.014   0.079   0.796   0.797
  291 11250  3.00  0.00  2.00  0.00  0.00 -19.889 -19.867 -20.439 -20.078 -19.554   0.990   0.991  -0.024   0.091   0.853   0.854
  292 11250  3.50  0.00  2.00  0.00  0.00 -19.857 -19.834 -20.432 -20.082 -19.554   1.027   1.028  -0.028   0.107   0.868   0.869
  293 11250  4.00  0.00  2.00  0.00  0.00 -19.839 -19.817 -20.415 -20.082 -19.553   1.045   1.045  -0.030   0.126   0.850   0.850
  294 11250  4.50  0.00  2.00  0.00  0.00 -19.837 -19.814 -20.389 -20.082 -19.553   1.047   1.047  -0.029   0.151   0.801   0.801
  295 11250  5.00  0.00  2.00  0.00  0.00 -19.848 -19.825 -20.353 -20.081 -19.556   1.035   1.036  -0.025   0.182   0.720   0.721
  296 11500  2.00  0.00  2.00  0.00  0.00 -20.121 -20.098 -20.440 -20.079 -19.580   0.760   0.761   0.002   0.067   0.622   0.623
  297 11500  2.50  0.00  2.00  0.00  0.00 -20.046 -20.023 -20.481 -20.114 -19.597   0.870   0.870  -0.017   0.078   0.745   0.746
  298 11500  3.00  0.00  2.00  0.00  0.00 -19.995 -19.972 -20.492 -20.127 -19.601   0.934   0.934  -0.026   0.090   0.803   0.804
  299 11500  3.50  0.00  2.00  0.00  0.00 -19.960 -19.938 -20.485 -20.131 -19.600   0.973   0.973  -0.031   0.105   0.822   0.822
  300 11500  4.00  0.00  2.00  0.00  0.00 -19.940 -19.917 -20.469 -20.131 -19.599   0.994   0.994  -0.032   0.124   0.809   0.809
  301 11500  4.50  0.00  2.00  0.00  0.00 -19.932 -19.910 -20.444 -20.130 -19.598   1.000   1.001  -0.032   0.147   0.768   0.768
  302 11500  5.00  0.00  2.00  0.00  0.00 -19.937 -19.915 -20.411 -20.129 -19.600   0.994   0.994  -0.029   0.177   0.697   0.697
  303 11750  2.00  0.00  2.00  0.00  0.00 -20.218 -20.195 -20.488 -20.125 -19.624   0.709   0.710   0.000   0.066   0.576   0.577
  304 11750  2.50  0.00  2.00  0.00  0.00 -20.145 -20.122 -20.531 -20.160 -19.642   0.817   0.818  -0.019   0.077   0.699   0.700
  305 11750  3.00  0.00  2.00  0.00  0.00 -20.095 -20.072 -20.542 -20.174 -19.646   0.881   0.882  -0.028   0.089   0.757   0.758
  306 11750  3.50  0.00  2.00  0.00  0.00 -20.060 -20.037 -20.536 -20.178 -19.645   0.921   0.921  -0.033   0.104   0.777   0.778
  307 11750  4.00  0.00  2.00  0.00  0.00 -20.036 -20.014 -20.521 -20.178 -19.644   0.944   0.945  -0.035   0.122   0.768   0.769
  308 11750  4.50  0.00  2.00  0.00  0.00 -20.025 -20.002 -20.497 -20.177 -19.642   0.954   0.955  -0.035   0.144   0.734   0.734
  309 11750  5.00  0.00  2.00  0.00  0.00 -20.025 -20.003 -20.465 -20.176 -19.643   0.953   0.953  -0.033   0.173   0.671   0.671
  310 12000  2.50  0.00  2.00  0.00  0.00 -20.238 -20.215 -20.579 -20.205 -19.685   0.769   0.770  -0.021   0.076   0.657   0.657
  311 12000  3.00  0.00  2.00  0.00  0.00 -20.189 -20.167 -20.590 -20.219 -19.689   0.832   0.833  -0.030   0.088   0.714   0.715
  312 12000  3.50  0.00  2.00  0.00  0.00 -20.154 -20.131 -20.585 -20.223 -19.689   0.872   0.872  -0.035   0.102   0.735   0.736
  313 12000  4.00  0.00  2.00  0.00  0.00 -20.129 -20.107 -20.570 -20.224 -19.686   0.896   0.897  -0.037   0.120   0.729   0.730
  314 12000  4.50  0.00  2.00  0.00  0.00 -20.115 -20.092 -20.547 -20.222 -19.685   0.910   0.910  -0.037   0.142   0.699   0.700
  315 12000  5.00  0.00  2.00  0.00  0.00 -20.111 -20.089 -20.517 -20.221 -19.685   0.911   0.912  -0.036   0.169   0.644   0.644
  316 12250  2.50  0.00  2.00  0.00  0.00 -20.326 -20.303 -20.625 -20.249 -19.726   0.725   0.726  -0.023   0.076   0.618   0.619
  317 12250  3.00  0.00  2.00  0.00  0.00 -20.278 -20.255 -20.637 -20.263 -19.731   0.787   0.787  -0.032   0.087   0.675   0.676
  318 12250  3.50  0.00  2.00  0.00  0.00 -20.243 -20.221 -20.632 -20.267 -19.730   0.826   0.827  -0.037   0.101   0.696   0.697
  319 12250  4.00  0.00  2.00  0.00  0.00 -20.218 -20.195 -20.618 -20.267 -19.728   0.851   0.852  -0.039   0.118   0.692   0.692
  320 12250  4.50  0.00  2.00  0.00  0.00 -20.202 -20.179 -20.596 -20.266 -19.726   0.866   0.867  -0.040   0.139   0.666   0.666
  321 12250  5.00  0.00  2.00  0.00  0.00 -20.195 -20.173 -20.567 -20.264 -19.726   0.871   0.872  -0.039   0.165   0.616   0.616
  322 12500  2.50  0.00  2.00  0.00  0.00 -20.409 -20.386 -20.670 -20.291 -19.766   0.684   0.685  -0.025   0.075   0.582   0.583
  323 12500  3.00  0.00  2.00  0.00  0.00 -20.362 -20.339 -20.682 -20.305 -19.771   0.745   0.746  -0.034   0.086   0.639   0.640
  324 12500  3.50  0.00  2.00  0.00  0.00 -20.328 -20.305 -20.678 -20.309 -19.770   0.783   0.784  -0.039   0.100   0.660   0.661
  325 12500  4.00  0.00  2.00  0.00  0.00 -20.303 -20.280 -20.664 -20.310 -19.768   0.809   0.809  -0.041   0.117   0.657   0.657
  326 12500  4.50  0.00  2.00  0.00  0.00 -20.285 -20.263 -20.642 -20.308 -19.766   0.825   0.825  -0.042   0.137   0.633   0.633
  327 12500  5.00  0.00  2.00  0.00  0.00 -20.276 -20.254 -20.614 -20.306 -19.765   0.832   0.833  -0.041   0.162   0.588   0.588
  328 12750  2.50  0.00  2.00  0.00  0.00 -20.488 -20.465 -20.713 -20.332 -19.805   0.646   0.647  -0.027   0.074   0.549   0.550
  329 12750  3.00  0.00  2.00  0.00  0.00 -20.442 -20.419 -20.725 -20.346 -19.809   0.706   0.707  -0.036   0.086   0.606   0.606
  330 12750  3.50  0.00  2.00  0.00  0.00 -20.409 -20.386 -20.722 -20.350 -19.809   0.744   0.744  -0.041   0.099   0.626   0.627
  331 12750  4.00  0.00  2.00  0.00  0.00 -20.384 -20.361 -20.708 -20.350 -19.807   0.769   0.769  -0.044   0.115   0.623   0.624
  332 12750  4.50  0.00  2.00  0.00  0.00 -20.365 -20.343 -20.687 -20.349 -19.805   0.785   0.786  -0.044   0.135   0.601   0.602
  333 12750  5.00  0.00  2.00  0.00  0.00 -20.355 -20.332 -20.660 -20.347 -19.803   0.794   0.795  -0.044   0.160   0.560   0.561
  334 13000  2.50  0.00  2.00  0.00  0.00 -20.563 -20.541 -20.755 -20.371 -19.842   0.610   0.611  -0.029   0.074   0.518   0.519
  335 13000  3.00  0.00  2.00  0.00  0.00 -20.518 -20.495 -20.768 -20.385 -19.847   0.670   0.670  -0.039   0.085   0.575   0.576
  336 13000  3.50  0.00  2.00  0.00  0.00 -20.485 -20.462 -20.764 -20.390 -19.846   0.707   0.707  -0.043   0.098   0.595   0.596
  337 13000  4.00  0.00  2.00  0.00  0.00 -20.461 -20.438 -20.751 -20.390 -19.844   0.731   0.732  -0.046   0.114   0.592   0.593
  338 13000  4.50  0.00  2.00  0.00  0.00 -20.442 -20.420 -20.730 -20.388 -19.842   0.748   0.749  -0.046   0.133   0.572   0.572
  339 13000  5.00  0.00  2.00  0.00  0.00 -20.430 -20.408 -20.704 -20.386 -19.841   0.758   0.759  -0.046   0.157   0.533   0.534
  340 14000  2.00  0.00  2.00  0.00  0.00 -20.923 -20.900 -20.864 -20.481 -19.966   0.360   0.361  -0.015   0.062   0.265   0.266
  341 14000  2.50  0.00  2.00  0.00  0.00 -20.839 -20.816 -20.914 -20.520 -19.984   0.484   0.485  -0.037   0.072   0.410   0.411
  342 14000  3.00  0.00  2.00  0.00  0.00 -20.790 -20.767 -20.925 -20.532 -19.986   0.544   0.545  -0.046   0.083   0.470   0.471
  343 14000  3.50  0.00  2.00  0.00  0.00 -20.758 -20.736 -20.922 -20.536 -19.985   0.580   0.581  -0.051   0.095   0.491   0.491
  344 14000  4.00  0.00  2.00  0.00  0.00 -20.736 -20.713 -20.909 -20.536 -19.983   0.602   0.603  -0.053   0.110   0.487   0.488
  345 14000  4.50  0.00  2.00  0.00  0.00 -20.719 -20.696 -20.890 -20.535 -19.980   0.618   0.618  -0.054   0.128   0.468   0.469
  346 14000  5.00  0.00  2.00  0.00  0.00 -20.706 -20.683 -20.866 -20.533 -19.979   0.629   0.630  -0.054   0.150   0.435   0.436
  347 15000  2.50  0.00  2.00  0.00  0.00 -21.083 -21.060 -21.060 -20.658 -20.114   0.377   0.378  -0.043   0.071   0.321   0.322
  348 15000  3.00  0.00  2.00  0.00  0.00 -21.027 -21.004 -21.069 -20.667 -20.113   0.442   0.443  -0.054   0.081   0.386   0.387
  349 15000  3.50  0.00  2.00  0.00  0.00 -20.993 -20.970 -21.064 -20.669 -20.110   0.478   0.479  -0.059   0.092   0.409   0.410
  350 15000  4.00  0.00  2.00  0.00  0.00 -20.970 -20.947 -21.051 -20.667 -20.107   0.499   0.500  -0.061   0.106   0.406   0.407
  351 15000  4.50  0.00  2.00  0.00  0.00 -20.954 -20.932 -21.032 -20.665 -20.104   0.513   0.514  -0.061   0.123   0.387   0.388
  352 15000  5.00  0.00  2.00  0.00  0.00 -20.943 -20.920 -21.010 -20.664 -20.102   0.523   0.523  -0.061   0.144   0.356   0.356
  353 16000  2.50  0.00  2.00  0.00  0.00 -21.307 -21.284 -21.196 -20.787 -20.238   0.282   0.283  -0.049   0.069   0.241   0.242
  354 16000  3.00  0.00  2.00  0.00  0.00 -21.239 -21.217 -21.202 -20.792 -20.231   0.354   0.355  -0.060   0.079   0.316   0.317
  355 16000  3.50  0.00  2.00  0.00  0.00 -21.201 -21.178 -21.196 -20.791 -20.226   0.392   0.393  -0.066   0.090   0.342   0.343
  356 16000  4.00  0.00  2.00  0.00  0.00 -21.176 -21.153 -21.182 -20.789 -20.221   0.414   0.415  -0.068   0.103   0.341   0.342
  357 16000  4.50  0.00  2.00  0.00  0.00 -21.160 -21.137 -21.162 -20.785 -20.217   0.427   0.428  -0.068   0.119   0.323   0.323
  358 16000  5.00  0.00  2.00  0.00  0.00 -21.149 -21.126 -21.141 -20.782 -20.215   0.435   0.436  -0.068   0.139   0.292   0.293
  359 17000  2.50  0.00  2.00  0.00  0.00 -21.517 -21.494 -21.325 -20.909 -20.356   0.194   0.195  -0.053   0.067   0.165   0.166
  360 17000  3.00  0.00  2.00  0.00  0.00 -21.436 -21.413 -21.329 -20.910 -20.344   0.276   0.277  -0.066   0.077   0.253   0.254
  361 17000  3.50  0.00  2.00  0.00  0.00 -21.391 -21.368 -21.319 -20.906 -20.334   0.317   0.318  -0.072   0.088   0.284   0.285
  362 17000  4.00  0.00  2.00  0.00  0.00 -21.363 -21.340 -21.305 -20.902 -20.328   0.341   0.342  -0.074   0.101   0.286   0.287
  363 17000  4.50  0.00  2.00  0.00  0.00 -21.344 -21.321 -21.283 -20.896 -20.321   0.354   0.355  -0.074   0.116   0.269   0.270
  364 17000  5.00  0.00  2.00  0.00  0.00 -21.332 -21.309 -21.261 -20.892 -20.318   0.362   0.363  -0.074   0.134   0.239   0.240
  365 18000  2.50  0.00  2.00  0.00  0.00 -21.718 -21.695 -21.447 -21.026 -20.470   0.110   0.111  -0.056   0.064   0.092   0.093
  366 18000  3.00  0.00  2.00  0.00  0.00 -21.621 -21.598 -21.449 -21.024 -20.452   0.204   0.205  -0.071   0.075   0.195   0.196
  367 18000  3.50  0.00  2.00  0.00  0.00 -21.567 -21.544 -21.436 -21.015 -20.438   0.250   0.251  -0.077   0.085   0.232   0.233
  368 18000  4.00  0.00  2.00  0.00  0.00 -21.535 -21.512 -21.420 -21.009 -20.429   0.275   0.276  -0.080   0.098   0.238   0.239
  369 18000  4.50  0.00  2.00  0.00  0.00 -21.513 -21.490 -21.398 -21.001 -20.420   0.290   0.291  -0.080   0.113   0.224   0.225
  370 18000  5.00  0.00  2.00  0.00  0.00 -21.499 -21.476 -21.373 -20.995 -20.415   0.298   0.299  -0.080   0.130   0.195   0.196
  371 19000  2.50  0.00  2.00  0.00  0.00 -21.910 -21.887 -21.562 -21.137 -20.581   0.029   0.030  -0.057   0.061   0.019   0.020
  372 19000  3.00  0.00  2.00  0.00  0.00 -21.798 -21.774 -21.564 -21.133 -20.558   0.137   0.138  -0.075   0.073   0.140   0.141
  373 19000  3.50  0.00  2.00  0.00  0.00 -21.733 -21.710 -21.547 -21.119 -20.537   0.188   0.189  -0.082   0.083   0.184   0.185
  374 19000  4.00  0.00  2.00  0.00  0.00 -21.697 -21.674 -21.530 -21.111 -20.525   0.216   0.217  -0.085   0.095   0.194   0.195
  375 19000  4.50  0.00  2.00  0.00  0.00 -21.671 -21.648 -21.507 -21.101 -20.515   0.232   0.233  -0.086   0.110   0.183   0.184
  376 19000  5.00  0.00  2.00  0.00  0.00 -21.653 -21.630 -21.480 -21.093 -20.507   0.241   0.242  -0.085   0.127   0.156   0.157
  377 20000  3.00  0.00  2.00  0.00  0.00 -21.967 -21.944 -21.675 -21.239 -20.661   0.074   0.075  -0.078   0.071   0.087   0.088
  378 20000  3.50  0.00  2.00  0.00  0.00 -21.891 -21.868 -21.654 -21.220 -20.634   0.131   0.132  -0.086   0.081   0.139   0.141
  379 20000  4.00  0.00  2.00  0.00  0.00 -21.849 -21.826 -21.634 -21.208 -20.619   0.161   0.162  -0.090   0.093   0.154   0.155
  380 20000  4.50  0.00  2.00  0.00  0.00 -21.821 -21.798 -21.611 -21.198 -20.607   0.179   0.180  -0.091   0.106   0.145   0.147
  381 20000  5.00  0.00  2.00  0.00  0.00 -21.799 -21.776 -21.583 -21.187 -20.596   0.189   0.190  -0.090   0.123   0.122   0.123
  382 21000  3.00  0.00  2.00  0.00  0.00 -22.128 -22.105 -21.782 -21.341 -20.761   0.015   0.016  -0.080   0.068   0.037   0.038
  383 21000  3.50  0.00  2.00  0.00  0.00 -22.042 -22.019 -21.757 -21.318 -20.729   0.077   0.079  -0.089   0.079   0.097   0.098
  384 21000  4.00  0.00  2.00  0.00  0.00 -21.994 -21.970 -21.735 -21.302 -20.709   0.111   0.112  -0.093   0.090   0.115   0.117
  385 21000  4.50  0.00  2.00  0.00  0.00 -21.963 -21.940 -21.711 -21.291 -20.696   0.129   0.130  -0.095   0.103   0.111   0.112
  386 21000  5.00  0.00  2.00  0.00  0.00 -21.938 -21.915 -21.682 -21.278 -20.683   0.141   0.142  -0.095   0.119   0.090   0.091
  387 22000  3.00  0.00  2.00  0.00  0.00 -22.279 -22.256 -21.884 -21.438 -20.856  -0.039  -0.038  -0.082   0.065  -0.008  -0.007
  388 22000  3.50  0.00  2.00  0.00  0.00 -22.188 -22.165 -21.857 -21.413 -20.821   0.027   0.028  -0.092   0.076   0.056   0.057
  389 22000  4.00  0.00  2.00  0.00  0.00 -22.132 -22.109 -21.831 -21.393 -20.796   0.063   0.064  -0.097   0.088   0.079   0.080
  390 22000  4.50  0.00  2.00  0.00  0.00 -22.100 -22.076 -21.808 -21.380 -20.782   0.083   0.084  -0.099   0.100   0.077   0.079
  391 22000  5.00  0.00  2.00  0.00  0.00 -22.072 -22.049 -21.778 -21.366 -20.767   0.096   0.098  -0.099   0.116   0.061   0.062
  392 23000  3.00  0.00  2.00  0.00  0.00 -22.419 -22.396 -21.982 -21.531 -20.947  -0.086  -0.085  -0.084   0.062  -0.044  -0.043
  393 23000  3.50  0.00  2.00  0.00  0.00 -22.326 -22.303 -21.954 -21.504 -20.910  -0.020  -0.019  -0.094   0.074   0.019   0.020
  394 23000  4.00  0.00  2.00  0.00  0.00 -22.264 -22.241 -21.924 -21.481 -20.882   0.019   0.020  -0.099   0.085   0.045   0.047
  395 23000  4.50  0.00  2.00  0.00  0.00 -22.228 -22.205 -21.899 -21.466 -20.865   0.040   0.041  -0.101   0.097   0.046   0.048
  396 23000  5.00  0.00  2.00  0.00  0.00 -22.200 -22.177 -21.872 -21.452 -20.850   0.054   0.055  -0.102   0.112   0.032   0.034
  397 24000  3.00  0.00  2.00  0.00  0.00 -22.551 -22.528 -22.078 -21.621 -21.035  -0.128  -0.127  -0.086   0.059  -0.075  -0.074
  398 24000  3.50  0.00  2.00  0.00  0.00 -22.456 -22.432 -22.047 -21.592 -20.996  -0.061  -0.060  -0.097   0.071  -0.012  -0.011
  399 24000  4.00  0.00  2.00  0.00  0.00 -22.391 -22.367 -22.015 -21.566 -20.964  -0.023  -0.021  -0.102   0.082   0.015   0.016
  400 24000  4.50  0.00  2.00  0.00  0.00 -22.351 -22.328 -21.988 -21.549 -20.945   0.000   0.001  -0.104   0.094   0.018   0.019
  401 24000  5.00  0.00  2.00  0.00  0.00 -22.324 -22.301 -21.961 -21.535 -20.930   0.014   0.015  -0.105   0.108   0.005   0.007
  402 25000  3.00  0.00  2.00  0.00  0.00 -22.682 -22.658 -22.173 -21.712 -21.124  -0.168  -0.167  -0.088   0.056  -0.105  -0.104
  403 25000  3.50  0.00  2.00  0.00  0.00 -22.577 -22.554 -22.138 -21.678 -21.078  -0.098  -0.097  -0.100   0.068  -0.037  -0.036
  404 25000  4.00  0.00  2.00  0.00  0.00 -22.511 -22.488 -22.103 -21.649 -21.045  -0.060  -0.059  -0.104   0.079  -0.012  -0.011
  405 25000  4.50  0.00  2.00  0.00  0.00 -22.468 -22.445 -22.074 -21.629 -21.023  -0.037  -0.036  -0.106   0.091  -0.008  -0.007
  406 25000  5.00  0.00  2.00  0.00  0.00 -22.441 -22.418 -22.048 -21.615 -21.008  -0.024  -0.022  -0.108   0.104  -0.019  -0.018
  407 26000  3.00  0.00  2.00  0.00  0.00 -22.809 -22.786 -22.264 -21.800 -21.212  -0.207  -0.206  -0.088   0.052  -0.139  -0.138
  408 26000  3.50  0.00  2.00  0.00  0.00 -22.695 -22.672 -22.228 -21.762 -21.160  -0.131  -0.129  -0.103   0.066  -0.059  -0.057
  409 26000  4.00  0.00  2.00  0.00  0.00 -22.625 -22.602 -22.189 -21.730 -21.123  -0.093  -0.092  -0.107   0.077  -0.035  -0.034
  410 26000  4.50  0.00  2.00  0.00  0.00 -22.580 -22.557 -22.157 -21.707 -21.098  -0.071  -0.069  -0.109   0.088  -0.031  -0.029
  411 26000  5.00  0.00  2.00  0.00  0.00 -22.552 -22.529 -22.131 -21.693 -21.083  -0.057  -0.056  -0.110   0.101  -0.041  -0.040
  412 27000  3.50  0.00  2.00  0.00  0.00 -22.812 -22.788 -22.319 -21.847 -21.242  -0.162  -0.161  -0.105   0.063  -0.079  -0.078
  413 27000  4.00  0.00  2.00  0.00  0.00 -22.735 -22.712 -22.274 -21.809 -21.199  -0.124  -0.122  -0.110   0.074  -0.054  -0.052
  414 27000  4.50  0.00  2.00  0.00  0.00 -22.687 -22.664 -22.240 -21.784 -21.172  -0.101  -0.100  -0.112   0.085  -0.050  -0.049
  415 27000  5.00  0.00  2.00  0.00  0.00 -22.657 -22.634 -22.212 -21.768 -21.155  -0.088  -0.086  -0.113   0.098  -0.060  -0.058
  416 28000  3.50  0.00  2.00  0.00  0.00 -22.928 -22.904 -22.409 -21.932 -21.325  -0.193  -0.192  -0.107   0.059  -0.100  -0.098
  417 28000  4.00  0.00  2.00  0.00  0.00 -22.843 -22.820 -22.360 -21.889 -21.276  -0.152  -0.151  -0.113   0.071  -0.071  -0.069
  418 28000  4.50  0.00  2.00  0.00  0.00 -22.792 -22.768 -22.322 -21.860 -21.246  -0.129  -0.128  -0.115   0.083  -0.067  -0.066
  419 28000  5.00  0.00  2.00  0.00  0.00 -22.760 -22.736 -22.292 -21.842 -21.226  -0.116  -0.114  -0.116   0.095  -0.076  -0.075
  420 29000  3.50  0.00  2.00  0.00  0.00 -23.038 -23.014 -22.495 -22.014 -21.405  -0.222  -0.221  -0.108   0.056  -0.120  -0.119
  421 29000  4.00  0.00  2.00  0.00  0.00 -22.951 -22.928 -22.446 -21.970 -21.354  -0.180  -0.178  -0.116   0.068  -0.087  -0.085
  422 29000  4.50  0.00  2.00  0.00  0.00 -22.895 -22.872 -22.404 -21.937 -21.319  -0.156  -0.155  -0.118   0.080  -0.082  -0.081
  423 29000  5.00  0.00  2.00  0.00  0.00 -22.860 -22.837 -22.372 -21.916 -21.298  -0.142  -0.141  -0.118   0.092  -0.091  -0.090
  424 30000  3.50  0.00  2.00  0.00  0.00 -23.137 -23.114 -22.572 -22.088 -21.479  -0.247  -0.246  -0.108   0.054  -0.140  -0.139
  425 30000  4.00  0.00  2.00  0.00  0.00 -23.057 -23.034 -22.531 -22.049 -21.431  -0.206  -0.205  -0.118   0.065  -0.102  -0.101
  426 30000  4.50  0.00  2.00  0.00  0.00 -22.997 -22.974 -22.487 -22.014 -21.393  -0.181  -0.180  -0.121   0.077  -0.096  -0.095
  427 30000  5.00  0.00  2.00  0.00  0.00 -22.960 -22.936 -22.452 -21.990 -21.369  -0.167  -0.166  -0.121   0.089  -0.104  -0.103
  428 31000  3.50  0.00  2.00  0.00  0.00 -23.222 -23.199 -22.638 -22.152 -21.544  -0.267  -0.266  -0.108   0.052  -0.156  -0.155
  429 31000  4.00  0.00  2.00  0.00  0.00 -23.157 -23.134 -22.611 -22.125 -21.506  -0.230  -0.229  -0.119   0.062  -0.118  -0.116
  430 31000  4.50  0.00  2.00  0.00  0.00 -23.098 -23.074 -22.568 -22.090 -21.467  -0.206  -0.204  -0.123   0.074  -0.109  -0.108
  431 31000  5.00  0.00  2.00  0.00  0.00 -23.058 -23.034 -22.532 -22.064 -21.440  -0.191  -0.190  -0.124   0.086  -0.117  -0.115
  432 32000  4.00  0.00  2.00  0.00  0.00 -23.249 -23.226 -22.685 -22.195 -21.575  -0.251  -0.250  -0.120   0.059  -0.131  -0.130
  433 32000  4.50  0.00  2.00  0.00  0.00 -23.194 -23.170 -22.647 -22.163 -21.538  -0.228  -0.227  -0.125   0.070  -0.122  -0.120
  434 32000  5.00  0.00  2.00  0.00  0.00 -23.153 -23.130 -22.610 -22.137 -21.511  -0.214  -0.213  -0.126   0.082  -0.128  -0.127
  435 33000  4.00  0.00  2.00  0.00  0.00 -23.329 -23.306 -22.751 -22.258 -21.637  -0.269  -0.268  -0.121   0.057  -0.143  -0.142
  436 33000  4.50  0.00  2.00  0.00  0.00 -23.283 -23.260 -22.721 -22.233 -21.606  -0.249  -0.247  -0.126   0.067  -0.133  -0.132
  437 33000  5.00  0.00  2.00  0.00  0.00 -23.245 -23.221 -22.686 -22.208 -21.580  -0.235  -0.234  -0.128   0.079  -0.138  -0.137
  438 34000  4.00  0.00  2.00  0.00  0.00 -23.399 -23.376 -22.809 -22.314 -21.692  -0.284  -0.282  -0.121   0.055  -0.153  -0.152
  439 34000  4.50  0.00  2.00  0.00  0.00 -23.364 -23.340 -22.787 -22.295 -21.668  -0.266  -0.265  -0.127   0.064  -0.143  -0.141
  440 34000  5.00  0.00  2.00  0.00  0.00 -23.330 -23.306 -22.757 -22.274 -21.644  -0.254  -0.253  -0.130   0.075  -0.147  -0.146
  441 35000  4.00  0.00  2.00  0.00  0.00 -23.460 -23.436 -22.860 -22.362 -21.740  -0.295  -0.294  -0.122   0.054  -0.160  -0.159
  442 35000  4.50  0.00  2.00  0.00  0.00 -23.435 -23.412 -22.847 -22.352 -21.725  -0.281  -0.280  -0.128   0.062  -0.151  -0.150
  443 35000  5.00  0.00  2.00  0.00  0.00 -23.407 -23.384 -22.822 -22.335 -21.704  -0.270  -0.269  -0.131   0.072  -0.155  -0.154
  444 36000  4.00  0.00  2.00  0.00  0.00 -23.512 -23.488 -22.904 -22.405 -21.782  -0.305  -0.303  -0.123   0.053  -0.166  -0.165
  445 36000  4.50  0.00  2.00  0.00  0.00 -23.498 -23.475 -22.901 -22.403 -21.775  -0.293  -0.292  -0.128   0.060  -0.158  -0.157
  446 36000  5.00  0.00  2.00  0.00  0.00 -23.476 -23.453 -22.881 -22.390 -21.759  -0.285  -0.283  -0.131   0.069  -0.162  -0.160
  447 37000  4.00  0.00  2.00  0.00  0.00 -23.558 -23.534 -22.944 -22.444 -21.819  -0.312  -0.311  -0.124   0.053  -0.171  -0.170
  448 37000  4.50  0.00  2.00  0.00  0.00 -23.553 -23.530 -22.948 -22.448 -21.819  -0.303  -0.302  -0.129   0.058  -0.163  -0.162
  449 37000  5.00  0.00  2.00  0.00  0.00 -23.538 -23.515 -22.935 -22.440 -21.808  -0.296  -0.295  -0.132   0.067  -0.167  -0.166
  450 38000  4.00  0.00  2.00  0.00  0.00 -23.599 -23.576 -22.981 -22.479 -21.853  -0.318  -0.317  -0.126   0.053  -0.175  -0.173
  451 38000  4.50  0.00  2.00  0.00  0.00 -23.601 -23.578 -22.990 -22.488 -21.858  -0.311  -0.310  -0.130   0.057  -0.167  -0.166
  452 38000  5.00  0.00  2.00  0.00  0.00 -23.593 -23.570 -22.982 -22.485 -21.852  -0.306  -0.305  -0.133   0.064  -0.172  -0.170
  453 39000  4.00  0.00  2.00  0.00  0.00 -23.638 -23.615 -23.015 -22.512 -21.885  -0.324  -0.323  -0.127   0.053  -0.178  -0.177
  454 39000  4.50  0.00  2.00  0.00  0.00 -23.645 -23.621 -23.028 -22.524 -21.893  -0.318  -0.317  -0.131   0.057  -0.171  -0.169
  455 39000  5.00  0.00  2.00  0.00  0.00 -23.641 -23.618 -23.024 -22.525 -21.891  -0.314  -0.313  -0.134   0.063  -0.175  -0.174
  456 40000  4.50  0.00  2.00  0.00  0.00 -23.684 -23.661 -23.063 -22.558 -21.925  -0.324  -0.323  -0.133   0.056  -0.173  -0.172
  457 40000  5.00  0.00  2.00  0.00  0.00 -23.684 -23.660 -23.062 -22.560 -21.926  -0.321  -0.320  -0.135   0.062  -0.178  -0.176
  458 41000  4.50  0.00  2.00  0.00  0.00 -23.721 -23.698 -23.096 -22.590 -21.955  -0.329  -0.328  -0.134   0.056  -0.176  -0.174
  459 41000  5.00  0.00  2.00  0.00  0.00 -23.723 -23.699 -23.097 -22.593 -21.958  -0.327  -0.326  -0.136   0.061  -0.180  -0.179
  460 42000  4.50  0.00  2.00  0.00  0.00 -23.757 -23.733 -23.128 -22.620 -21.985  -0.334  -0.333  -0.135   0.056  -0.178  -0.177
  461 42000  5.00  0.00  2.00  0.00  0.00 -23.759 -23.736 -23.130 -22.624 -21.987  -0.332  -0.331  -0.137   0.061  -0.182  -0.180
  462 43000  4.50  0.00  2.00  0.00  0.00 -23.791 -23.767 -23.159 -22.650 -22.013  -0.339  -0.337  -0.137   0.056  -0.180  -0.179
  463 43000  5.00  0.00  2.00  0.00  0.00 -23.793 -23.770 -23.161 -22.654 -22.016  -0.337  -0.336  -0.138   0.060  -0.184  -0.182
  464 44000  4.50  0.00  2.00  0.00  0.00 -23.824 -23.801 -23.189 -22.679 -22.041  -0.343  -0.342  -0.138   0.057  -0.183  -0.181
  465 44000  5.00  0.00  2.00  0.00  0.00 -23.826 -23.803 -23.191 -22.683 -22.043  -0.341  -0.340  -0.139   0.060  -0.185  -0.184
  466 45000  4.50  0.00  2.00  0.00  0.00 -23.856 -23.833 -23.218 -22.707 -22.069  -0.347  -0.346  -0.139   0.057  -0.185  -0.183
  467 45000  5.00  0.00  2.00  0.00  0.00 -23.858 -23.834 -23.220 -22.710 -22.070  -0.346  -0.344  -0.141   0.060  -0.187  -0.185
  468 46000  4.50  0.00  2.00  0.00  0.00 -23.887 -23.864 -23.247 -22.735 -22.095  -0.351  -0.349  -0.140   0.057  -0.187  -0.185
  469 46000  5.00  0.00  2.00  0.00  0.00 -23.888 -23.865 -23.248 -22.737 -22.096  -0.349  -0.348  -0.142   0.060  -0.188  -0.187
  470 47000  4.50  0.00  2.00  0.00  0.00 -23.917 -23.894 -23.274 -22.761 -22.121  -0.354  -0.353  -0.140   0.057  -0.189  -0.187
  471 47000  5.00  0.00  2.00  0.00  0.00 -23.918 -23.895 -23.275 -22.763 -22.121  -0.353  -0.352  -0.143   0.060  -0.190  -0.189
  472 48000  4.50  0.00  2.00  0.00  0.00 -23.947 -23.923 -23.301 -22.787 -22.146  -0.358  -0.356  -0.141   0.057  -0.190  -0.189
  473 48000  5.00  0.00  2.00  0.00  0.00 -23.947 -23.924 -23.301 -22.789 -22.145  -0.356  -0.355  -0.144   0.060  -0.191  -0.190
  474 49000  4.50  0.00  2.00  0.00  0.00 -23.975 -23.952 -23.327 -22.812 -22.170  -0.361  -0.359  -0.142   0.057  -0.192  -0.191
  475 49000  5.00  0.00  2.00  0.00  0.00 -23.975 -23.952 -23.327 -22.814 -22.169  -0.360  -0.358  -0.144   0.060  -0.193  -0.192
  476 50000  5.00  0.00  2.00  0.00  0.00 -24.003 -23.979 -23.352 -22.838 -22.193  -0.363  -0.361  -0.145   0.060  -0.194  -0.193