        Teff log g  [M]a Vturb  l/H  E(B-V)    U       B       V      BOL     BC      U-B     B-V(J)  B-V(H) 
     1  3500  0.00 -4.00  2.00  1.25  0.00  -8.657 -10.974 -12.616 -22.077  -2.489   1.979   2.245   2.229
     2  3500  0.50 -4.00  2.00  1.25  0.00  -9.227 -11.434 -12.963 -22.077  -2.142   1.866   2.132   2.116
     3  3500  1.00 -4.00  2.00  1.25  0.00  -9.874 -11.888 -13.262 -22.077  -1.843   1.669   1.977   1.961
     4  3500  1.50 -4.00  2.00  1.25  0.00 -10.394 -12.228 -13.465 -22.077  -1.640   1.484   1.840   1.824
     5  3500  2.00 -4.00  2.00  1.25  0.00 -10.765 -12.468 -13.602 -22.077  -1.502   1.349   1.738   1.722
     6  3500  2.50 -4.00  2.00  1.25  0.00 -11.045 -12.651 -13.710 -22.077  -1.395   1.250   1.663   1.647
     7  3500  3.00 -4.00  2.00  1.25  0.00 -11.247 -12.789 -13.798 -22.077  -1.306   1.186   1.613   1.597
     8  3500  3.50 -4.00  2.00  1.25  0.00 -11.381 -12.896 -13.879 -22.077  -1.226   1.159   1.586   1.570
     9  3500  4.00 -4.00  2.00  1.25  0.00 -11.468 -12.996 -13.967 -22.077  -1.138   1.174   1.574   1.558
    10  3500  4.50 -4.00  2.00  1.25  0.00 -11.526 -13.108 -14.070 -22.077  -1.034   1.229   1.566   1.550
    11  3500  5.00 -4.00  2.00  1.25  0.00 -11.572 -13.237 -14.183 -22.077  -0.921   1.314   1.550   1.534
    12  3750  0.00 -4.00  2.00  1.25  0.00  -9.870 -11.973 -13.400 -22.376  -2.004   1.758   2.031   2.015
    13  3750  0.50 -4.00  2.00  1.25  0.00 -10.235 -12.257 -13.594 -22.376  -1.810   1.676   1.941   1.925
    14  3750  1.00 -4.00  2.00  1.25  0.00 -10.723 -12.601 -13.812 -22.376  -1.593   1.528   1.814   1.798
    15  3750  1.50 -4.00  2.00  1.25  0.00 -11.248 -12.923 -13.994 -22.376  -1.410   1.319   1.675   1.659
    16  3750  2.00 -4.00  2.00  1.25  0.00 -11.668 -13.170 -14.129 -22.376  -1.275   1.142   1.562   1.546
    17  3750  2.50 -4.00  2.00  1.25  0.00 -11.952 -13.334 -14.213 -22.376  -1.191   1.019   1.483   1.467
    18  3750  3.00 -4.00  2.00  1.25  0.00 -12.159 -13.455 -14.278 -22.376  -1.126   0.932   1.426   1.410
    19  3750  3.50 -4.00  2.00  1.25  0.00 -12.236 -13.493 -14.288 -22.376  -1.116   0.892   1.399   1.383
    20  3750  4.00 -4.00  2.00  1.25  0.00 -12.264 -13.528 -14.316 -22.376  -1.089   0.899   1.391   1.375
    21  3750  4.50 -4.00  2.00  1.25  0.00 -12.253 -13.572 -14.367 -22.376  -1.038   0.957   1.398   1.382
    22  3750  5.00 -4.00  2.00  1.25  0.00 -12.345 -13.705 -14.485 -22.376  -0.919   1.000   1.384   1.368
    23  4000  0.00 -4.00  2.00  1.25  0.00 -11.354 -13.099 -14.224 -22.656  -1.460   1.391   1.729   1.713
    24  4000  0.50 -4.00  2.00  1.25  0.00 -11.646 -13.296 -14.337 -22.656  -1.348   1.293   1.644   1.628
    25  4000  1.00 -4.00  2.00  1.25  0.00 -11.959 -13.493 -14.444 -22.656  -1.240   1.175   1.554   1.538
    26  4000  1.50 -4.00  2.00  1.25  0.00 -12.296 -13.691 -14.547 -22.656  -1.138   1.032   1.459   1.443
    27  4000  2.00 -4.00  2.00  1.25  0.00 -12.628 -13.874 -14.637 -22.656  -1.048   0.879   1.366   1.350
    28  4000  2.50 -4.00  2.00  1.25  0.00 -12.868 -14.001 -14.699 -22.656  -0.986   0.763   1.301   1.285
    29  4000  3.00 -4.00  2.00  1.25  0.00 -13.032 -14.088 -14.741 -22.656  -0.944   0.683   1.256   1.240
    30  4000  3.50 -4.00  2.00  1.25  0.00 -13.134 -14.145 -14.773 -22.656  -0.912   0.639   1.231   1.215
    31  4000  4.00 -4.00  2.00  1.25  0.00 -13.203 -14.196 -14.809 -22.656  -0.875   0.621   1.216   1.200
    32  4000  4.50 -4.00  2.00  1.25  0.00 -13.248 -14.250 -14.856 -22.656  -0.829   0.631   1.209   1.193
    33  4000  5.00 -4.00  2.00  1.25  0.00 -13.274 -14.311 -14.914 -22.656  -0.771   0.666   1.206   1.190
    34  4250  0.00 -4.00  2.00  1.25  0.00 -12.688 -14.076 -14.903 -22.920  -1.045   1.022   1.430   1.414
    35  4250  0.50 -4.00  2.00  1.25  0.00 -12.953 -14.223 -14.968 -22.920  -0.980   0.901   1.349   1.333
    36  4250  1.00 -4.00  2.00  1.25  0.00 -13.203 -14.357 -15.027 -22.920  -0.921   0.782   1.274   1.258
    37  4250  1.50 -4.00  2.00  1.25  0.00 -13.422 -14.472 -15.078 -22.920  -0.870   0.676   1.210   1.194
    38  4250  2.00 -4.00  2.00  1.25  0.00 -13.611 -14.567 -15.120 -22.920  -0.828   0.580   1.157   1.141
    39  4250  2.50 -4.00  2.00  1.25  0.00 -13.775 -14.644 -15.152 -22.920  -0.796   0.491   1.112   1.096
    40  4250  3.00 -4.00  2.00  1.25  0.00 -13.880 -14.692 -15.175 -22.920  -0.773   0.433   1.086   1.070
    41  4250  3.50 -4.00  2.00  1.25  0.00 -13.944 -14.724 -15.193 -22.920  -0.755   0.400   1.073   1.057
    42  4250  4.00 -4.00  2.00  1.25  0.00 -13.977 -14.742 -15.205 -22.920  -0.742   0.385   1.067   1.051
    43  4250  4.50 -4.00  2.00  1.25  0.00 -13.990 -14.757 -15.221 -22.920  -0.727   0.388   1.067   1.051
    44  4250  5.00 -4.00  2.00  1.25  0.00 -13.988 -14.781 -15.248 -22.920  -0.700   0.414   1.071   1.055
    45  4500  0.00 -4.00  2.00  1.25  0.00 -13.760 -14.868 -15.442 -23.168  -0.754   0.733   1.177   1.161
    46  4500  0.50 -4.00  2.00  1.25  0.00 -13.985 -14.974 -15.475 -23.168  -0.721   0.610   1.105   1.089
    47  4500  1.00 -4.00  2.00  1.25  0.00 -14.191 -15.064 -15.502 -23.168  -0.694   0.492   1.042   1.026
    48  4500  1.50 -4.00  2.00  1.25  0.00 -14.363 -15.136 -15.523 -23.168  -0.673   0.390   0.991   0.975
    49  4500  2.00 -4.00  2.00  1.25  0.00 -14.490 -15.188 -15.541 -23.168  -0.655   0.313   0.957   0.941
    50  4500  2.50 -4.00  2.00  1.25  0.00 -14.575 -15.220 -15.556 -23.168  -0.641   0.259   0.939   0.923
    51  4500  3.00 -4.00  2.00  1.25  0.00 -14.631 -15.238 -15.564 -23.168  -0.632   0.221   0.930   0.914
    52  4500  3.50 -4.00  2.00  1.25  0.00 -14.657 -15.245 -15.571 -23.168  -0.626   0.202   0.929   0.913
    53  4500  4.00 -4.00  2.00  1.25  0.00 -14.663 -15.248 -15.578 -23.168  -0.618   0.199   0.933   0.917
    54  4500  4.50 -4.00  2.00  1.25  0.00 -14.661 -15.249 -15.585 -23.168  -0.611   0.202   0.939   0.923
    55  4500  5.00 -4.00  2.00  1.25  0.00 -14.651 -15.250 -15.591 -23.168  -0.605   0.213   0.945   0.929
    56  4750  0.00 -4.00  2.00  1.25  0.00 -14.597 -15.508 -15.876 -23.403  -0.555   0.527   0.972   0.956
    57  4750  0.50 -4.00  2.00  1.25  0.00 -14.780 -15.576 -15.887 -23.403  -0.544   0.410   0.914   0.898
    58  4750  1.00 -4.00  2.00  1.25  0.00 -14.944 -15.631 -15.893 -23.403  -0.538   0.299   0.865   0.849
    59  4750  1.50 -4.00  2.00  1.25  0.00 -15.082 -15.672 -15.895 -23.403  -0.536   0.200   0.827   0.811
    60  4750  2.00 -4.00  2.00  1.25  0.00 -15.184 -15.699 -15.897 -23.403  -0.534   0.124   0.801   0.785
    61  4750  2.50 -4.00  2.00  1.25  0.00 -15.245 -15.713 -15.900 -23.403  -0.531   0.076   0.791   0.775
    62  4750  3.00 -4.00  2.00  1.25  0.00 -15.272 -15.716 -15.904 -23.403  -0.527   0.052   0.792   0.776
    63  4750  3.50 -4.00  2.00  1.25  0.00 -15.274 -15.709 -15.906 -23.403  -0.524   0.044   0.801   0.785
    64  4750  4.00 -4.00  2.00  1.25  0.00 -15.262 -15.700 -15.909 -23.403  -0.522   0.046   0.813   0.797
    65  4750  4.50 -4.00  2.00  1.25  0.00 -15.246 -15.692 -15.913 -23.403  -0.518   0.056   0.825   0.809
    66  4750  4.50 -4.00  2.00  1.25  0.00 -15.244 -15.691 -15.914 -23.403  -0.517   0.057   0.826   0.810
    67  5000  0.00 -4.00  2.00  1.25  0.00 -15.258 -16.036 -16.237 -23.626  -0.417   0.388   0.805   0.789
    68  5000  0.50 -4.00  2.00  1.25  0.00 -15.400 -16.074 -16.233 -23.626  -0.420   0.282   0.763   0.747
    69  5000  1.00 -4.00  2.00  1.25  0.00 -15.526 -16.100 -16.226 -23.626  -0.427   0.180   0.729   0.713
    70  5000  1.50 -4.00  2.00  1.25  0.00 -15.632 -16.116 -16.217 -23.626  -0.437   0.089   0.704   0.688
    71  5000  2.00 -4.00  2.00  1.25  0.00 -15.715 -16.123 -16.207 -23.626  -0.447   0.013   0.687   0.671
    72  5000  2.50 -4.00  2.00  1.25  0.00 -15.770 -16.124 -16.201 -23.626  -0.453  -0.042   0.680   0.664
    73  5000  3.00 -4.00  2.00  1.25  0.00 -15.795 -16.120 -16.199 -23.626  -0.455  -0.071   0.683   0.667
    74  5000  3.50 -4.00  2.00  1.25  0.00 -15.793 -16.111 -16.201 -23.626  -0.452  -0.078   0.694   0.678
    75  5000  4.00 -4.00  2.00  1.25  0.00 -15.775 -16.097 -16.204 -23.626  -0.450  -0.073   0.710   0.694
    76  5000  4.50 -4.00  2.00  1.25  0.00 -15.751 -16.084 -16.207 -23.626  -0.447  -0.062   0.726   0.710
    77  5000  5.00 -4.00  2.00  1.25  0.00 -15.728 -16.074 -16.211 -23.626  -0.443  -0.048   0.741   0.725
    78  5250  0.00 -4.00  2.00  1.25  0.00 -15.790 -16.487 -16.549 -23.837  -0.317   0.301   0.666   0.650
    79  5250  0.50 -4.00  2.00  1.25  0.00 -15.895 -16.499 -16.536 -23.837  -0.330   0.207   0.640   0.624
    80  5250  1.00 -4.00  2.00  1.25  0.00 -15.990 -16.504 -16.521 -23.837  -0.345   0.117   0.620   0.604
    81  5250  1.50 -4.00  2.00  1.25  0.00 -16.070 -16.501 -16.504 -23.837  -0.362   0.033   0.606   0.590
    82  5250  2.00 -4.00  2.00  1.25  0.00 -16.135 -16.492 -16.487 -23.837  -0.379  -0.042   0.598   0.582
    83  5250  2.50 -4.00  2.00  1.25  0.00 -16.183 -16.481 -16.473 -23.837  -0.393  -0.102   0.596   0.580
    84  5250  3.00 -4.00  2.00  1.25  0.00 -16.213 -16.469 -16.464 -23.837  -0.402  -0.144   0.599   0.583
    85  5250  3.50 -4.00  2.00  1.25  0.00 -16.221 -16.457 -16.462 -23.837  -0.403  -0.163   0.608   0.592
    86  5250  4.00 -4.00  2.00  1.25  0.00 -16.210 -16.445 -16.465 -23.837  -0.400  -0.164   0.624   0.608
    87  5250  4.50 -4.00  2.00  1.25  0.00 -16.189 -16.431 -16.469 -23.837  -0.396  -0.155   0.641   0.625
    88  5250  5.00 -4.00  2.00  1.25  0.00 -16.165 -16.420 -16.474 -23.837  -0.392  -0.143   0.658   0.642
    89  5500  0.00 -4.00  2.00  1.25  0.00 -16.230 -16.882 -16.826 -24.039  -0.241   0.251   0.548   0.532
    90  5500  0.50 -4.00  2.00  1.25  0.00 -16.303 -16.875 -16.808 -24.039  -0.260   0.172   0.536   0.520
    91  5500  1.00 -4.00  2.00  1.25  0.00 -16.371 -16.863 -16.787 -24.039  -0.280   0.091   0.528   0.512
    92  5500  1.50 -4.00  2.00  1.25  0.00 -16.431 -16.846 -16.766 -24.039  -0.302   0.013   0.524   0.508
    93  5500  2.00 -4.00  2.00  1.25  0.00 -16.481 -16.825 -16.744 -24.039  -0.323  -0.059   0.523   0.507
    94  5500  2.50 -4.00  2.00  1.25  0.00 -16.523 -16.802 -16.724 -24.039  -0.343  -0.123   0.526   0.510
    95  5500  3.00 -4.00  2.00  1.25  0.00 -16.554 -16.781 -16.709 -24.039  -0.359  -0.175   0.531   0.515
    96  5500  3.50 -4.00  2.00  1.25  0.00 -16.573 -16.764 -16.700 -24.039  -0.367  -0.210   0.540   0.524
    97  5500  4.00 -4.00  2.00  1.25  0.00 -16.575 -16.751 -16.700 -24.039  -0.368  -0.226   0.553   0.537
    98  5500  4.50 -4.00  2.00  1.25  0.00 -16.564 -16.739 -16.705 -24.039  -0.363  -0.225   0.569   0.553
    99  5500  5.00 -4.00  2.00  1.25  0.00 -16.546 -16.728 -16.710 -24.039  -0.357  -0.218   0.586   0.570
   100  5750  0.00 -4.00  2.00  1.25  0.00 -16.608 -17.236 -17.078 -24.233  -0.183   0.225   0.445   0.429
   101  5750  0.50 -4.00  2.00  1.25  0.00 -16.652 -17.216 -17.057 -24.233  -0.204   0.160   0.445   0.429
   102  5750  1.00 -4.00  2.00  1.25  0.00 -16.698 -17.191 -17.034 -24.233  -0.227   0.089   0.446   0.430
   103  5750  1.50 -4.00  2.00  1.25  0.00 -16.741 -17.163 -17.010 -24.233  -0.251   0.018   0.451   0.435
   104  5750  2.00 -4.00  2.00  1.25  0.00 -16.779 -17.131 -16.985 -24.233  -0.276  -0.052   0.457   0.441
   105  5750  2.50 -4.00  2.00  1.25  0.00 -16.813 -17.099 -16.960 -24.233  -0.301  -0.118   0.464   0.448
   106  5750  3.00 -4.00  2.00  1.25  0.00 -16.843 -17.069 -16.939 -24.233  -0.322  -0.177   0.473   0.457
   107  5750  3.50 -4.00  2.00  1.25  0.00 -16.868 -17.045 -16.924 -24.233  -0.337  -0.226   0.482   0.466
   108  5750  4.00 -4.00  2.00  1.25  0.00 -16.883 -17.027 -16.917 -24.233  -0.344  -0.259   0.494   0.478
   109  5750  4.50 -4.00  2.00  1.25  0.00 -16.885 -17.014 -16.919 -24.233  -0.342  -0.273   0.508   0.492
   110  5750  5.00 -4.00  2.00  1.25  0.00 -16.876 -17.004 -16.924 -24.233  -0.336  -0.275   0.524   0.508
   111  6000  0.00 -4.00  2.00  1.25  0.00 -16.943 -17.561 -17.308 -24.417  -0.137   0.211   0.351   0.335
   112  6000  0.50 -4.00  2.00  1.25  0.00 -16.959 -17.529 -17.288 -24.417  -0.158   0.163   0.363   0.347
   113  6000  1.00 -4.00  2.00  1.25  0.00 -16.984 -17.495 -17.265 -24.417  -0.181   0.104   0.373   0.357
   114  6000  1.50 -4.00  2.00  1.25  0.00 -17.012 -17.458 -17.239 -24.417  -0.207   0.039   0.384   0.368
   115  6000  2.00 -4.00  2.00  1.25  0.00 -17.040 -17.419 -17.212 -24.417  -0.234  -0.028   0.396   0.380
   116  6000  2.50 -4.00  2.00  1.25  0.00 -17.067 -17.379 -17.184 -24.417  -0.262  -0.095   0.409   0.393
   117  6000  3.00 -4.00  2.00  1.25  0.00 -17.094 -17.341 -17.158 -24.417  -0.288  -0.159   0.421   0.405
   118  6000  3.50 -4.00  2.00  1.25  0.00 -17.120 -17.308 -17.136 -24.417  -0.309  -0.218   0.432   0.416
   119  6000  4.00 -4.00  2.00  1.25  0.00 -17.143 -17.282 -17.122 -24.417  -0.323  -0.266   0.444   0.428
   120  6000  4.50 -4.00  2.00  1.25  0.00 -17.159 -17.265 -17.118 -24.417  -0.327  -0.298   0.456   0.440
   121  6000  5.00 -4.00  2.00  1.25  0.00 -17.163 -17.254 -17.121 -24.417  -0.324  -0.312   0.471   0.455
   122  6250  0.50 -4.00  2.00  1.25  0.00 -17.240 -17.821 -17.502 -24.595  -0.121   0.171   0.285   0.269
   123  6250  1.00 -4.00  2.00  1.25  0.00 -17.245 -17.779 -17.481 -24.595  -0.142   0.125   0.305   0.289
   124  6250  1.50 -4.00  2.00  1.25  0.00 -17.258 -17.736 -17.455 -24.595  -0.168   0.070   0.323   0.307
   125  6250  2.00 -4.00  2.00  1.25  0.00 -17.275 -17.690 -17.427 -24.595  -0.196   0.007   0.340   0.324
   126  6250  2.50 -4.00  2.00  1.25  0.00 -17.296 -17.643 -17.397 -24.595  -0.226  -0.060   0.357   0.341
   127  6250  3.00 -4.00  2.00  1.25  0.00 -17.319 -17.598 -17.367 -24.595  -0.256  -0.127   0.372   0.356
   128  6250  3.50 -4.00  2.00  1.25  0.00 -17.344 -17.557 -17.340 -24.595  -0.282  -0.193   0.387   0.371
   129  6250  4.00 -4.00  2.00  1.25  0.00 -17.370 -17.524 -17.320 -24.595  -0.303  -0.252   0.399   0.383
   130  6250  4.50 -4.00  2.00  1.25  0.00 -17.394 -17.500 -17.308 -24.595  -0.315  -0.300   0.412   0.396
   131  6250  5.00 -4.00  2.00  1.25  0.00 -17.410 -17.485 -17.306 -24.595  -0.317  -0.331   0.425   0.409
   132  6500  0.50 -4.00  2.00  1.25  0.00 -17.511 -18.099 -17.697 -24.765  -0.096   0.176   0.201   0.185
   133  6500  1.00 -4.00  2.00  1.25  0.00 -17.489 -18.047 -17.682 -24.765  -0.111   0.147   0.238   0.222
   134  6500  1.50 -4.00  2.00  1.25  0.00 -17.485 -17.998 -17.659 -24.765  -0.134   0.102   0.265   0.249
   135  6500  2.00 -4.00  2.00  1.25  0.00 -17.492 -17.947 -17.631 -24.765  -0.162   0.046   0.287   0.271
   136  6500  2.50 -4.00  2.00  1.25  0.00 -17.504 -17.895 -17.600 -24.765  -0.193  -0.018   0.308   0.292
   137  6500  3.00 -4.00  2.00  1.25  0.00 -17.522 -17.844 -17.568 -24.765  -0.225  -0.086   0.327   0.311
   138  6500  3.50 -4.00  2.00  1.25  0.00 -17.545 -17.797 -17.537 -24.765  -0.256  -0.156   0.344   0.328
   139  6500  4.00 -4.00  2.00  1.25  0.00 -17.572 -17.755 -17.511 -24.765  -0.282  -0.225   0.359   0.343
   140  6500  4.50 -4.00  2.00  1.25  0.00 -17.601 -17.723 -17.492 -24.765  -0.302  -0.285   0.372   0.356
   141  6500  5.00 -4.00  2.00  1.25  0.00 -17.626 -17.701 -17.482 -24.765  -0.311  -0.332   0.385   0.369
   142  6750  0.50 -4.00  2.00  1.25  0.00 -17.761 -18.347 -17.881 -24.929  -0.076   0.171   0.138   0.122
   143  6750  1.00 -4.00  2.00  1.25  0.00 -17.728 -18.305 -17.866 -24.929  -0.091   0.163   0.165   0.149
   144  6750  1.50 -4.00  2.00  1.25  0.00 -17.704 -18.247 -17.849 -24.929  -0.108   0.131   0.206   0.190
   145  6750  2.00 -4.00  2.00  1.25  0.00 -17.696 -18.191 -17.824 -24.929  -0.133   0.084   0.236   0.220
   146  6750  2.50 -4.00  2.00  1.25  0.00 -17.699 -18.135 -17.793 -24.929  -0.164   0.026   0.262   0.246
   147  6750  3.00 -4.00  2.00  1.25  0.00 -17.711 -18.079 -17.760 -24.929  -0.197  -0.041   0.284   0.268
   148  6750  3.50 -4.00  2.00  1.25  0.00 -17.730 -18.026 -17.726 -24.929  -0.231  -0.113   0.304   0.288
   149  6750  4.00 -4.00  2.00  1.25  0.00 -17.755 -17.977 -17.695 -24.929  -0.262  -0.186   0.322   0.306
   150  6750  4.50 -4.00  2.00  1.25  0.00 -17.785 -17.937 -17.670 -24.929  -0.287  -0.257   0.337   0.321
   151  6750  5.00 -4.00  2.00  1.25  0.00 -17.817 -17.906 -17.653 -24.929  -0.304  -0.318   0.350   0.334
   152  7000  0.50 -4.00  2.00  1.25  0.00 -17.990 -18.561 -18.052 -25.087  -0.063   0.155   0.095   0.079
   153  7000  1.00 -4.00  2.00  1.25  0.00 -17.954 -18.533 -18.038 -25.087  -0.077   0.165   0.108   0.092
   154  7000  1.50 -4.00  2.00  1.25  0.00 -17.919 -18.486 -18.023 -25.087  -0.092   0.153   0.140   0.124
   155  7000  2.00 -4.00  2.00  1.25  0.00 -17.893 -18.423 -18.004 -25.087  -0.111   0.118   0.184   0.168
   156  7000  2.50 -4.00  2.00  1.25  0.00 -17.885 -18.363 -17.976 -25.087  -0.139   0.067   0.217   0.201
   157  7000  3.00 -4.00  2.00  1.25  0.00 -17.889 -18.304 -17.943 -25.087  -0.172   0.005   0.243   0.227
   158  7000  3.50 -4.00  2.00  1.25  0.00 -17.902 -18.245 -17.908 -25.087  -0.207  -0.066   0.266   0.250
   159  7000  4.00 -4.00  2.00  1.25  0.00 -17.924 -18.191 -17.874 -25.087  -0.241  -0.143   0.287   0.271
   160  7000  4.50 -4.00  2.00  1.25  0.00 -17.954 -18.143 -17.843 -25.087  -0.272  -0.220   0.304   0.288
   161  7000  5.00 -4.00  2.00  1.25  0.00 -17.988 -18.104 -17.819 -25.087  -0.296  -0.292   0.318   0.302
   162  7250  0.50 -4.00  2.00  1.25  0.00 -18.198 -18.742 -18.209 -25.239  -0.058   0.127   0.070   0.054
   163  7250  1.00 -4.00  2.00  1.25  0.00 -18.164 -18.732 -18.198 -25.239  -0.069   0.152   0.069   0.053
   164  7250  1.50 -4.00  2.00  1.25  0.00 -18.123 -18.699 -18.184 -25.239  -0.083   0.160   0.089   0.073
   165  7250  2.00 -4.00  2.00  1.25  0.00 -18.088 -18.646 -18.168 -25.239  -0.099   0.145   0.125   0.109
   166  7250  2.50 -4.00  2.00  1.25  0.00 -18.065 -18.580 -18.147 -25.239  -0.120   0.103   0.170   0.154
   167  7250  3.00 -4.00  2.00  1.25  0.00 -18.059 -18.517 -18.117 -25.239  -0.150   0.047   0.203   0.187
   168  7250  3.50 -4.00  2.00  1.25  0.00 -18.065 -18.456 -18.082 -25.239  -0.185  -0.020   0.230   0.214
   169  7250  4.00 -4.00  2.00  1.25  0.00 -18.082 -18.396 -18.046 -25.239  -0.222  -0.096   0.253   0.237
   170  7250  4.50 -4.00  2.00  1.25  0.00 -18.109 -18.341 -18.011 -25.239  -0.256  -0.177   0.273   0.257
   171  7250  5.00 -4.00  2.00  1.25  0.00 -18.143 -18.295 -17.981 -25.239  -0.286  -0.257   0.290   0.274
   172  7500  0.50 -4.00  2.00  1.25  0.00 -18.376 -18.874 -18.349 -25.386  -0.065   0.081   0.078   0.062
   173  7500  1.00 -4.00  2.00  1.25  0.00 -18.360 -18.903 -18.342 -25.386  -0.072   0.126   0.043   0.027
   174  7500  1.50 -4.00  2.00  1.25  0.00 -18.317 -18.882 -18.333 -25.386  -0.082   0.149   0.054   0.038
   175  7500  2.00 -4.00  2.00  1.25  0.00 -18.276 -18.844 -18.319 -25.386  -0.096   0.153   0.079   0.063
   176  7500  2.50 -4.00  2.00  1.25  0.00 -18.243 -18.788 -18.302 -25.386  -0.113   0.132   0.117   0.101
   177  7500  3.00 -4.00  2.00  1.25  0.00 -18.224 -18.721 -18.279 -25.386  -0.135   0.084   0.162   0.146
   178  7500  3.50 -4.00  2.00  1.25  0.00 -18.222 -18.656 -18.247 -25.386  -0.167   0.023   0.195   0.179
   179  7500  4.00 -4.00  2.00  1.25  0.00 -18.233 -18.592 -18.211 -25.386  -0.204  -0.050   0.222   0.206
   180  7500  4.50 -4.00  2.00  1.25  0.00 -18.255 -18.533 -18.173 -25.386  -0.241  -0.132   0.244   0.228
   181  7500  5.00 -4.00  2.00  1.25  0.00 -18.287 -18.479 -18.139 -25.386  -0.275  -0.217   0.263   0.247
   182  7750  1.00 -4.00  2.00  1.25  0.00 -18.540 -19.043 -18.470 -25.529  -0.087   0.084   0.031   0.015
   183  7750  1.50 -4.00  2.00  1.25  0.00 -18.501 -19.041 -18.466 -25.529  -0.091   0.123   0.028   0.012
   184  7750  2.00 -4.00  2.00  1.25  0.00 -18.454 -19.013 -18.457 -25.529  -0.100   0.143   0.047   0.031
   185  7750  2.50 -4.00  2.00  1.25  0.00 -18.413 -18.971 -18.442 -25.529  -0.115   0.142   0.075   0.059
   186  7750  3.00 -4.00  2.00  1.25  0.00 -18.385 -18.912 -18.425 -25.529  -0.132   0.114   0.116   0.100
   187  7750  3.50 -4.00  2.00  1.25  0.00 -18.374 -18.845 -18.401 -25.529  -0.156   0.060   0.159   0.143
   188  7750  4.00 -4.00  2.00  1.25  0.00 -18.377 -18.780 -18.367 -25.529  -0.190  -0.008   0.191   0.175
   189  7750  4.50 -4.00  2.00  1.25  0.00 -18.393 -18.716 -18.329 -25.529  -0.228  -0.087   0.217   0.201
   190  7750  5.00 -4.00  2.00  1.25  0.00 -18.422 -18.657 -18.292 -25.529  -0.265  -0.174   0.238   0.222
   191  8000  1.00 -4.00  2.00  1.25  0.00 -18.700 -19.145 -18.578 -25.667  -0.116   0.028   0.037   0.021
   192  8000  1.50 -4.00  2.00  1.25  0.00 -18.671 -19.176 -18.583 -25.667  -0.112   0.086   0.010  -0.006
   193  8000  2.00 -4.00  2.00  1.25  0.00 -18.623 -19.161 -18.579 -25.667  -0.116   0.120   0.021   0.005
   194  8000  2.50 -4.00  2.00  1.25  0.00 -18.578 -19.127 -18.569 -25.667  -0.126   0.134   0.045   0.029
   195  8000  3.00 -4.00  2.00  1.25  0.00 -18.541 -19.082 -18.555 -25.667  -0.140   0.126   0.076   0.060
   196  8000  3.50 -4.00  2.00  1.25  0.00 -18.520 -19.022 -18.538 -25.667  -0.157   0.089   0.119   0.103
   197  8000  4.00 -4.00  2.00  1.25  0.00 -18.517 -18.956 -18.513 -25.667  -0.182   0.028   0.160   0.144
   198  8000  4.50 -4.00  2.00  1.25  0.00 -18.527 -18.891 -18.478 -25.667  -0.217  -0.046   0.190   0.174
   199  8000  5.00 -4.00  2.00  1.25  0.00 -18.551 -18.828 -18.439 -25.667  -0.256  -0.133   0.215   0.199
   200  8250  1.00 -4.00  2.00  1.25  0.00 -18.841 -19.210 -18.661 -25.800  -0.167  -0.049   0.055   0.039
   201  8250  1.50 -4.00  2.00  1.25  0.00 -18.830 -19.286 -18.684 -25.800  -0.145   0.037   0.001  -0.015
   202  8250  2.00 -4.00  2.00  1.25  0.00 -18.785 -19.288 -18.685 -25.800  -0.143   0.084   0.001  -0.015
   203  8250  2.50 -4.00  2.00  1.25  0.00 -18.735 -19.264 -18.681 -25.800  -0.147   0.113   0.020   0.004
   204  8250  3.00 -4.00  2.00  1.25  0.00 -18.691 -19.227 -18.672 -25.800  -0.157   0.120   0.049   0.033
   205  8250  3.50 -4.00  2.00  1.25  0.00 -18.661 -19.179 -18.658 -25.800  -0.171   0.104   0.082   0.066
   206  8250  4.00 -4.00  2.00  1.25  0.00 -18.651 -19.119 -18.642 -25.800  -0.186   0.057   0.127   0.111
   207  8250  4.50 -4.00  2.00  1.25  0.00 -18.656 -19.055 -18.615 -25.800  -0.213  -0.011   0.164   0.148
   208  8250  5.00 -4.00  2.00  1.25  0.00 -18.674 -18.991 -18.580 -25.800  -0.249  -0.094   0.192   0.176
   209  8500  1.50 -4.00  2.00  1.25  0.00 -18.972 -19.373 -18.770 -25.930  -0.188  -0.018   0.001  -0.015
   210  8500  2.00 -4.00  2.00  1.25  0.00 -18.934 -19.394 -18.779 -25.930  -0.180   0.041  -0.012  -0.028
   211  8500  2.50 -4.00  2.00  1.25  0.00 -18.882 -19.382 -18.779 -25.930  -0.179   0.081   0.001  -0.015
   212  8500  3.00 -4.00  2.00  1.25  0.00 -18.835 -19.353 -18.775 -25.930  -0.183   0.102   0.026   0.010
   213  8500  3.50 -4.00  2.00  1.25  0.00 -18.798 -19.313 -18.766 -25.930  -0.193   0.100   0.056   0.040
   214  8500  4.00 -4.00  2.00  1.25  0.00 -18.778 -19.263 -18.752 -25.930  -0.206   0.073   0.093   0.077
   215  8500  4.50 -4.00  2.00  1.25  0.00 -18.779 -19.206 -18.738 -25.930  -0.220   0.016   0.136   0.120
   216  8500  5.00 -4.00  2.00  1.25  0.00 -18.793 -19.143 -18.710 -25.930  -0.248  -0.060   0.170   0.154
   217  8750  1.50 -4.00  2.00  1.25  0.00 -19.102 -19.446 -18.843 -26.056  -0.241  -0.076   0.001  -0.015
   218  8750  2.00 -4.00  2.00  1.25  0.00 -19.071 -19.485 -18.860 -26.056  -0.224  -0.006  -0.021  -0.037
   219  8750  2.50 -4.00  2.00  1.25  0.00 -19.023 -19.484 -18.865 -26.056  -0.219   0.043  -0.015  -0.031
   220  8750  3.00 -4.00  2.00  1.25  0.00 -18.973 -19.463 -18.865 -26.056  -0.219   0.073   0.005  -0.011
   221  8750  3.50 -4.00  2.00  1.25  0.00 -18.931 -19.430 -18.861 -26.056  -0.223   0.085   0.034   0.018
   222  8750  4.00 -4.00  2.00  1.25  0.00 -18.902 -19.388 -18.852 -26.056  -0.232   0.073   0.067   0.051
   223  8750  4.50 -4.00  2.00  1.25  0.00 -18.893 -19.338 -18.842 -26.056  -0.243   0.033   0.108   0.092
   224  8750  5.00 -4.00  2.00  1.25  0.00 -18.907 -19.283 -18.827 -26.056  -0.257  -0.034   0.148   0.132
   225  9000  1.50 -4.00  2.00  0.00  0.00 -19.222 -19.510 -18.908 -26.178  -0.298  -0.131   0.002  -0.014
   226  9000  2.00 -4.00  2.00  0.00  0.00 -19.197 -19.563 -18.933 -26.178  -0.273  -0.053  -0.027  -0.043
   227  9000  2.50 -4.00  2.00  0.00  0.00 -19.152 -19.572 -18.942 -26.178  -0.265   0.001  -0.027  -0.043
   228  9000  3.00 -4.00  2.00  0.00  0.00 -19.102 -19.560 -18.945 -26.178  -0.261   0.040  -0.011  -0.027
   229  9000  3.50 -4.00  2.00  0.00  0.00 -19.056 -19.534 -18.945 -26.178  -0.261   0.062   0.015  -0.001
   230  9000  4.00 -4.00  2.00  0.00  0.00 -19.022 -19.498 -18.941 -26.178  -0.265   0.062   0.047   0.031
   231  9000  4.50 -4.00  2.00  0.00  0.00 -19.004 -19.453 -18.933 -26.178  -0.274   0.037   0.083   0.067
   232  9000  5.00 -4.00  2.00  0.00  0.00 -19.013 -19.406 -18.926 -26.178  -0.280  -0.017   0.124   0.108
   233  9250  2.00 -4.00  2.00  0.00  0.00 -19.312 -19.634 -18.999 -26.297  -0.326  -0.099  -0.031  -0.047
   234  9250  2.50 -4.00  2.00  0.00  0.00 -19.272 -19.651 -19.011 -26.297  -0.314  -0.041  -0.036  -0.052
   235  9250  3.00 -4.00  2.00  0.00  0.00 -19.223 -19.645 -19.017 -26.297  -0.309   0.004  -0.024  -0.040
   236  9250  3.50 -4.00  2.00  0.00  0.00 -19.176 -19.625 -19.020 -26.297  -0.306   0.033  -0.002  -0.018
   237  9250  4.00 -4.00  2.00  0.00  0.00 -19.138 -19.595 -19.020 -26.297  -0.306   0.043   0.028   0.012
   238  9250  4.50 -4.00  2.00  0.00  0.00 -19.115 -19.557 -19.016 -26.297  -0.310   0.029   0.062   0.046
   239  9250  5.00 -4.00  2.00  0.00  0.00 -19.112 -19.512 -19.009 -26.297  -0.316  -0.011   0.101   0.085
   240  9500  2.00 -4.00  2.00  0.00  0.00 -19.420 -19.699 -19.060 -26.413  -0.381  -0.142  -0.035  -0.051
   241  9500  2.50 -4.00  2.00  0.00  0.00 -19.384 -19.722 -19.074 -26.413  -0.367  -0.082  -0.044  -0.060
   242  9500  3.00 -4.00  2.00  0.00  0.00 -19.337 -19.721 -19.082 -26.413  -0.359  -0.034  -0.036  -0.052
   243  9500  3.50 -4.00  2.00  0.00  0.00 -19.290 -19.707 -19.087 -26.413  -0.354   0.000  -0.016  -0.032
   244  9500  4.00 -4.00  2.00  0.00  0.00 -19.250 -19.683 -19.090 -26.413  -0.351   0.017   0.011  -0.005
   245  9500  4.50 -4.00  2.00  0.00  0.00 -19.222 -19.650 -19.090 -26.413  -0.351   0.015   0.044   0.028
   246  9500  5.00 -4.00  2.00  0.00  0.00 -19.210 -19.608 -19.087 -26.413  -0.354  -0.013   0.082   0.066
   247  9750  2.00 -4.00  2.00  0.00  0.00 -19.522 -19.761 -19.118 -26.526  -0.436  -0.181  -0.040  -0.056
   248  9750  2.50 -4.00  2.00  0.00  0.00 -19.487 -19.787 -19.133 -26.526  -0.421  -0.121  -0.050  -0.066
   249  9750  3.00 -4.00  2.00  0.00  0.00 -19.444 -19.791 -19.142 -26.526  -0.412  -0.072  -0.045  -0.061
   250  9750  3.50 -4.00  2.00  0.00  0.00 -19.397 -19.781 -19.148 -26.526  -0.406  -0.034  -0.029  -0.045
   251  9750  4.00 -4.00  2.00  0.00  0.00 -19.355 -19.761 -19.154 -26.526  -0.400  -0.010  -0.004  -0.020
   252  9750  4.50 -4.00  2.00  0.00  0.00 -19.324 -19.733 -19.157 -26.526  -0.397  -0.005   0.028   0.012
   253  9750  5.00 -4.00  2.00  0.00  0.00 -19.307 -19.696 -19.158 -26.526  -0.396  -0.023   0.065   0.049
   254 10000  2.00 -4.00  2.00  0.00  0.00 -19.617 -19.820 -19.173 -26.636  -0.491  -0.218  -0.044  -0.060
   255 10000  2.50 -4.00  2.00  0.00  0.00 -19.585 -19.848 -19.189 -26.636  -0.475  -0.157  -0.056  -0.072
   256 10000  3.00 -4.00  2.00  0.00  0.00 -19.544 -19.855 -19.198 -26.636  -0.466  -0.108  -0.053  -0.069
   257 10000  3.50 -4.00  2.00  0.00  0.00 -19.499 -19.849 -19.206 -26.636  -0.458  -0.068  -0.040  -0.056
   258 10000  4.00 -4.00  2.00  0.00  0.00 -19.456 -19.833 -19.212 -26.636  -0.452  -0.040  -0.017  -0.033
   259 10000  4.50 -4.00  2.00  0.00  0.00 -19.422 -19.808 -19.218 -26.636  -0.446  -0.029   0.013  -0.003
   260 10000  5.00 -4.00  2.00  0.00  0.00 -19.403 -19.776 -19.222 -26.636  -0.442  -0.039   0.049   0.033
   261 10250  2.00 -4.00  2.00  0.00  0.00 -19.709 -19.878 -19.226 -26.743  -0.545  -0.252  -0.048  -0.064
   262 10250  2.50 -4.00  2.00  0.00  0.00 -19.677 -19.907 -19.242 -26.743  -0.529  -0.191  -0.061  -0.077
   263 10250  3.00 -4.00  2.00  0.00  0.00 -19.638 -19.915 -19.252 -26.743  -0.520  -0.142  -0.060  -0.076
   264 10250  3.50 -4.00  2.00  0.00  0.00 -19.594 -19.912 -19.259 -26.743  -0.512  -0.102  -0.049  -0.065
   265 10250  4.00 -4.00  2.00  0.00  0.00 -19.552 -19.899 -19.267 -26.743  -0.505  -0.071  -0.028  -0.044
   266 10250  4.50 -4.00  2.00  0.00  0.00 -19.517 -19.878 -19.274 -26.743  -0.498  -0.055  -0.001  -0.017
   267 10250  5.00 -4.00  2.00  0.00  0.00 -19.495 -19.850 -19.280 -26.743  -0.491  -0.059   0.033   0.017
   268 10500  2.00 -4.00  2.00  0.00  0.00 -19.796 -19.933 -19.277 -26.848  -0.599  -0.285  -0.052  -0.068
   269 10500  2.50 -4.00  2.00  0.00  0.00 -19.764 -19.963 -19.293 -26.848  -0.583  -0.222  -0.066  -0.082
   270 10500  3.00 -4.00  2.00  0.00  0.00 -19.726 -19.972 -19.302 -26.848  -0.573  -0.174  -0.066  -0.082
   271 10500  3.50 -4.00  2.00  0.00  0.00 -19.685 -19.971 -19.310 -26.848  -0.566  -0.134  -0.057  -0.073
   272 10500  4.00 -4.00  2.00  0.00  0.00 -19.644 -19.960 -19.318 -26.848  -0.558  -0.102  -0.039  -0.055
   273 10500  4.50 -4.00  2.00  0.00  0.00 -19.609 -19.942 -19.325 -26.848  -0.550  -0.083  -0.013  -0.029
   274 10500  5.00 -4.00  2.00  0.00  0.00 -19.584 -19.917 -19.333 -26.848  -0.542  -0.080   0.020   0.004
   275 10750  2.00 -4.00  2.00  0.00  0.00 -19.880 -19.987 -19.327 -26.950  -0.651  -0.315  -0.057  -0.073
   276 10750  2.50 -4.00  2.00  0.00  0.00 -19.847 -20.017 -19.342 -26.950  -0.636  -0.252  -0.071  -0.087
   277 10750  3.00 -4.00  2.00  0.00  0.00 -19.810 -20.027 -19.351 -26.950  -0.627  -0.204  -0.072  -0.088
   278 10750  3.50 -4.00  2.00  0.00  0.00 -19.771 -20.026 -19.359 -26.950  -0.619  -0.165  -0.064  -0.080
   279 10750  4.00 -4.00  2.00  0.00  0.00 -19.732 -20.018 -19.366 -26.950  -0.612  -0.133  -0.048  -0.064
   280 10750  4.50 -4.00  2.00  0.00  0.00 -19.696 -20.002 -19.374 -26.950  -0.604  -0.111  -0.024  -0.040
   281 10750  5.00 -4.00  2.00  0.00  0.00 -19.669 -19.980 -19.383 -26.950  -0.595  -0.104   0.007  -0.009
   282 11000  2.00 -4.00  2.00  0.00  0.00 -19.961 -20.039 -19.374 -27.050  -0.703  -0.344  -0.061  -0.077
   283 11000  2.50 -4.00  2.00  0.00  0.00 -19.927 -20.069 -19.390 -27.050  -0.688  -0.280  -0.076  -0.092
   284 11000  3.00 -4.00  2.00  0.00  0.00 -19.891 -20.079 -19.398 -27.050  -0.680  -0.233  -0.078  -0.094
   285 11000  3.50 -4.00  2.00  0.00  0.00 -19.853 -20.079 -19.405 -27.050  -0.673  -0.194  -0.070  -0.086
   286 11000  4.00 -4.00  2.00  0.00  0.00 -19.815 -20.072 -19.413 -27.050  -0.665  -0.162  -0.056  -0.072
   287 11000  4.50 -4.00  2.00  0.00  0.00 -19.780 -20.058 -19.421 -27.050  -0.657  -0.138  -0.034  -0.050
   288 11000  5.00 -4.00  2.00  0.00  0.00 -19.752 -20.039 -19.431 -27.050  -0.647  -0.128  -0.005  -0.021
   289 11250  2.00 -4.00  2.00  0.00  0.00 -20.039 -20.089 -19.421 -27.147  -0.755  -0.372  -0.065  -0.081
   290 11250  2.50 -4.00  2.00  0.00  0.00 -20.004 -20.119 -19.436 -27.147  -0.740  -0.307  -0.080  -0.096
   291 11250  3.00 -4.00  2.00  0.00  0.00 -19.968 -20.129 -19.443 -27.147  -0.732  -0.260  -0.083  -0.099
   292 11250  3.50 -4.00  2.00  0.00  0.00 -19.931 -20.130 -19.450 -27.147  -0.726  -0.222  -0.076  -0.092
   293 11250  4.00 -4.00  2.00  0.00  0.00 -19.895 -20.124 -19.457 -27.147  -0.718  -0.190  -0.063  -0.079
   294 11250  4.50 -4.00  2.00  0.00  0.00 -19.860 -20.112 -19.465 -27.147  -0.710  -0.166  -0.043  -0.059
   295 11250  5.00 -4.00  2.00  0.00  0.00 -19.832 -20.094 -19.475 -27.147  -0.700  -0.153  -0.015  -0.031
   296 11500  2.00 -4.00  2.00  0.00  0.00 -20.114 -20.138 -19.465 -27.243  -0.806  -0.398  -0.069  -0.085
   297 11500  2.50 -4.00  2.00  0.00  0.00 -20.078 -20.168 -19.480 -27.243  -0.791  -0.332  -0.085  -0.101
   298 11500  3.00 -4.00  2.00  0.00  0.00 -20.042 -20.178 -19.487 -27.243  -0.784  -0.285  -0.087  -0.103
   299 11500  3.50 -4.00  2.00  0.00  0.00 -20.006 -20.179 -19.493 -27.243  -0.778  -0.248  -0.082  -0.098
   300 11500  4.00 -4.00  2.00  0.00  0.00 -19.971 -20.173 -19.500 -27.243  -0.771  -0.217  -0.070  -0.086
   301 11500  4.50 -4.00  2.00  0.00  0.00 -19.937 -20.162 -19.508 -27.243  -0.763  -0.193  -0.051  -0.067
   302 11500  5.00 -4.00  2.00  0.00  0.00 -19.909 -20.146 -19.518 -27.243  -0.753  -0.179  -0.025  -0.041
   303 11750  2.00 -4.00  2.00  0.00  0.00 -20.186 -20.185 -19.509 -27.336  -0.855  -0.423  -0.073  -0.089
   304 11750  2.50 -4.00  2.00  0.00  0.00 -20.150 -20.215 -19.523 -27.336  -0.841  -0.356  -0.089  -0.105
   305 11750  3.00 -4.00  2.00  0.00  0.00 -20.113 -20.225 -19.530 -27.336  -0.835  -0.309  -0.092  -0.108
   306 11750  3.50 -4.00  2.00  0.00  0.00 -20.077 -20.226 -19.535 -27.336  -0.829  -0.272  -0.087  -0.103
   307 11750  4.00 -4.00  2.00  0.00  0.00 -20.043 -20.221 -19.542 -27.336  -0.823  -0.242  -0.076  -0.092
   308 11750  4.50 -4.00  2.00  0.00  0.00 -20.011 -20.211 -19.549 -27.336  -0.815  -0.219  -0.058  -0.074
   309 11750  5.00 -4.00  2.00  0.00  0.00 -19.984 -20.196 -19.559 -27.336  -0.806  -0.204  -0.034  -0.050
   310 12000  2.50 -4.00  2.00  0.00  0.00 -20.219 -20.261 -19.565 -27.428  -0.891  -0.380  -0.093  -0.109
   311 12000  3.00 -4.00  2.00  0.00  0.00 -20.181 -20.271 -19.571 -27.428  -0.885  -0.332  -0.097  -0.113
   312 12000  3.50 -4.00  2.00  0.00  0.00 -20.146 -20.271 -19.576 -27.428  -0.880  -0.296  -0.092  -0.108
   313 12000  4.00 -4.00  2.00  0.00  0.00 -20.113 -20.267 -19.582 -27.428  -0.874  -0.266  -0.081  -0.097
   314 12000  4.50 -4.00  2.00  0.00  0.00 -20.082 -20.257 -19.589 -27.428  -0.867  -0.243  -0.065  -0.081
   315 12000  5.00 -4.00  2.00  0.00  0.00 -20.055 -20.244 -19.599 -27.428  -0.857  -0.228  -0.042  -0.058
   316 12250  2.50 -4.00  2.00  0.00  0.00 -20.285 -20.306 -19.605 -27.517  -0.940  -0.402  -0.097  -0.113
   317 12250  3.00 -4.00  2.00  0.00  0.00 -20.247 -20.315 -19.611 -27.517  -0.935  -0.354  -0.101  -0.117
   318 12250  3.50 -4.00  2.00  0.00  0.00 -20.212 -20.315 -19.615 -27.517  -0.930  -0.318  -0.097  -0.113
   319 12250  4.00 -4.00  2.00  0.00  0.00 -20.180 -20.311 -19.621 -27.517  -0.924  -0.290  -0.086  -0.102
   320 12250  4.50 -4.00  2.00  0.00  0.00 -20.150 -20.302 -19.628 -27.517  -0.918  -0.267  -0.071  -0.087
   321 12250  5.00 -4.00  2.00  0.00  0.00 -20.124 -20.290 -19.637 -27.517  -0.908  -0.252  -0.050  -0.066
   322 12500  2.50 -4.00  2.00  0.00  0.00 -20.350 -20.350 -19.645 -27.605  -0.988  -0.423  -0.101  -0.117
   323 12500  3.00 -4.00  2.00  0.00  0.00 -20.311 -20.358 -19.649 -27.605  -0.984  -0.376  -0.105  -0.121
   324 12500  3.50 -4.00  2.00  0.00  0.00 -20.276 -20.358 -19.654 -27.605  -0.980  -0.340  -0.101  -0.117
   325 12500  4.00 -4.00  2.00  0.00  0.00 -20.245 -20.354 -19.659 -27.605  -0.974  -0.312  -0.091  -0.107
   326 12500  4.50 -4.00  2.00  0.00  0.00 -20.216 -20.346 -19.666 -27.605  -0.967  -0.289  -0.076  -0.092
   327 12500  5.00 -4.00  2.00  0.00  0.00 -20.191 -20.334 -19.674 -27.605  -0.959  -0.275  -0.056  -0.072
   328 12750  2.50 -4.00  2.00  0.00  0.00 -20.413 -20.392 -19.683 -27.691  -1.036  -0.443  -0.105  -0.121
   329 12750  3.00 -4.00  2.00  0.00  0.00 -20.374 -20.400 -19.687 -27.691  -1.032  -0.396  -0.109  -0.125
   330 12750  3.50 -4.00  2.00  0.00  0.00 -20.338 -20.400 -19.691 -27.691  -1.028  -0.360  -0.105  -0.121
   331 12750  4.00 -4.00  2.00  0.00  0.00 -20.307 -20.395 -19.696 -27.691  -1.023  -0.333  -0.096  -0.112
   332 12750  4.50 -4.00  2.00  0.00  0.00 -20.279 -20.387 -19.702 -27.691  -1.017  -0.311  -0.082  -0.098
   333 12750  5.00 -4.00  2.00  0.00  0.00 -20.255 -20.376 -19.710 -27.691  -1.009  -0.297  -0.062  -0.078
   334 13000  2.50 -4.00  2.00  0.00  0.00 -20.474 -20.434 -19.721 -27.775  -1.082  -0.463  -0.109  -0.125
   335 13000  3.00 -4.00  2.00  0.00  0.00 -20.434 -20.441 -19.724 -27.775  -1.079  -0.415  -0.113  -0.129
   336 13000  3.50 -4.00  2.00  0.00  0.00 -20.398 -20.440 -19.727 -27.775  -1.076  -0.380  -0.110  -0.126
   337 13000  4.00 -4.00  2.00  0.00  0.00 -20.368 -20.436 -19.732 -27.775  -1.072  -0.353  -0.101  -0.117
   338 13000  4.50 -4.00  2.00  0.00  0.00 -20.340 -20.428 -19.738 -27.775  -1.066  -0.332  -0.087  -0.103
   339 13000  5.00 -4.00  2.00  0.00  0.00 -20.317 -20.417 -19.746 -27.775  -1.058  -0.318  -0.068  -0.084
   340 14000  2.00 -4.00  2.00  0.00  0.00 -20.749 -20.557 -19.851 -28.097  -1.275  -0.616  -0.103  -0.119
   341 14000  2.50 -4.00  2.00  0.00  0.00 -20.703 -20.590 -19.863 -28.097  -1.262  -0.536  -0.124  -0.140
   342 14000  3.00 -4.00  2.00  0.00  0.00 -20.659 -20.596 -19.864 -28.097  -1.262  -0.487  -0.129  -0.145
   343 14000  3.50 -4.00  2.00  0.00  0.00 -20.623 -20.594 -19.864 -28.097  -1.261  -0.452  -0.126  -0.142
   344 14000  4.00 -4.00  2.00  0.00  0.00 -20.593 -20.588 -19.867 -28.097  -1.258  -0.426  -0.117  -0.133
   345 14000  4.50 -4.00  2.00  0.00  0.00 -20.567 -20.580 -19.872 -28.097  -1.253  -0.407  -0.105  -0.121
   346 14000  5.00 -4.00  2.00  0.00  0.00 -20.546 -20.571 -19.879 -28.097  -1.246  -0.395  -0.088  -0.104
   347 15000  2.50 -4.00  2.00  0.00  0.00 -20.911 -20.734 -19.994 -28.397  -1.431  -0.601  -0.137  -0.153
   348 15000  3.00 -4.00  2.00  0.00  0.00 -20.864 -20.738 -19.992 -28.397  -1.433  -0.550  -0.143  -0.159
   349 15000  3.50 -4.00  2.00  0.00  0.00 -20.826 -20.734 -19.990 -28.397  -1.434  -0.515  -0.140  -0.156
   350 15000  4.00 -4.00  2.00  0.00  0.00 -20.795 -20.728 -19.992 -28.397  -1.433  -0.490  -0.133  -0.149
   351 15000  4.50 -4.00  2.00  0.00  0.00 -20.770 -20.719 -19.995 -28.397  -1.430  -0.472  -0.121  -0.137
   352 15000  5.00 -4.00  2.00  0.00  0.00 -20.751 -20.710 -20.001 -28.397  -1.424  -0.461  -0.105  -0.121
   353 16000  2.50 -4.00  2.00  0.00  0.00 -21.103 -20.867 -20.116 -28.677  -1.589  -0.660  -0.148  -0.164
   354 16000  3.00 -4.00  2.00  0.00  0.00 -21.052 -20.870 -20.112 -28.677  -1.593  -0.606  -0.155  -0.171
   355 16000  3.50 -4.00  2.00  0.00  0.00 -21.012 -20.864 -20.108 -28.677  -1.597  -0.571  -0.153  -0.169
   356 16000  4.00 -4.00  2.00  0.00  0.00 -20.980 -20.857 -20.107 -28.677  -1.598  -0.546  -0.146  -0.162
   357 16000  4.50 -4.00  2.00  0.00  0.00 -20.955 -20.848 -20.109 -28.677  -1.596  -0.529  -0.135  -0.151
   358 16000  5.00 -4.00  2.00  0.00  0.00 -20.937 -20.838 -20.114 -28.677  -1.591  -0.519  -0.120  -0.136
   359 17000  2.50 -4.00  2.00  0.00  0.00 -21.281 -20.991 -20.229 -28.940  -1.739  -0.715  -0.159  -0.175
   360 17000  3.00 -4.00  2.00  0.00  0.00 -21.227 -20.994 -20.224 -28.940  -1.745  -0.658  -0.167  -0.183
   361 17000  3.50 -4.00  2.00  0.00  0.00 -21.184 -20.987 -20.218 -28.940  -1.751  -0.622  -0.165  -0.181
   362 17000  4.00 -4.00  2.00  0.00  0.00 -21.151 -20.978 -20.215 -28.940  -1.753  -0.597  -0.159  -0.175
   363 17000  4.50 -4.00  2.00  0.00  0.00 -21.125 -20.968 -20.216 -28.940  -1.753  -0.580  -0.148  -0.164
   364 17000  5.00 -4.00  2.00  0.00  0.00 -21.108 -20.958 -20.220 -28.940  -1.749  -0.572  -0.134  -0.150
   365 18000  2.50 -4.00  2.00  0.00  0.00 -21.447 -21.108 -20.336 -29.189  -1.881  -0.765  -0.168  -0.184
   366 18000  3.00 -4.00  2.00  0.00  0.00 -21.390 -21.110 -20.329 -29.189  -1.887  -0.705  -0.177  -0.193
   367 18000  3.50 -4.00  2.00  0.00  0.00 -21.345 -21.101 -20.321 -29.189  -1.895  -0.668  -0.176  -0.192
   368 18000  4.00 -4.00  2.00  0.00  0.00 -21.310 -21.091 -20.317 -29.189  -1.900  -0.643  -0.171  -0.187
   369 18000  4.50 -4.00  2.00  0.00  0.00 -21.284 -21.081 -20.316 -29.189  -1.900  -0.627  -0.161  -0.177
   370 18000  5.00 -4.00  2.00  0.00  0.00 -21.266 -21.070 -20.319 -29.189  -1.897  -0.619  -0.147  -0.163
   371 19000  2.50 -4.00  2.00  0.00  0.00 -21.602 -21.218 -20.437 -29.423  -2.014  -0.810  -0.177  -0.193
   372 19000  3.00 -4.00  2.00  0.00  0.00 -21.543 -21.220 -20.430 -29.423  -2.022  -0.748  -0.187  -0.203
   373 19000  3.50 -4.00  2.00  0.00  0.00 -21.496 -21.210 -20.420 -29.423  -2.032  -0.711  -0.187  -0.203
   374 19000  4.00 -4.00  2.00  0.00  0.00 -21.460 -21.199 -20.414 -29.423  -2.038  -0.686  -0.181  -0.197
   375 19000  4.50 -4.00  2.00  0.00  0.00 -21.433 -21.187 -20.412 -29.423  -2.040  -0.669  -0.172  -0.188
   376 19000  5.00 -4.00  2.00  0.00  0.00 -21.415 -21.176 -20.414 -29.423  -2.038  -0.661  -0.159  -0.175
   377 20000  3.00 -4.00  2.00  0.00  0.00 -21.686 -21.325 -20.525 -29.646  -2.149  -0.787  -0.197  -0.213
   378 20000  3.50 -4.00  2.00  0.00  0.00 -21.637 -21.313 -20.513 -29.646  -2.161  -0.750  -0.197  -0.213
   379 20000  4.00 -4.00  2.00  0.00  0.00 -21.601 -21.301 -20.506 -29.646  -2.168  -0.725  -0.191  -0.207
   380 20000  4.50 -4.00  2.00  0.00  0.00 -21.573 -21.289 -20.503 -29.646  -2.172  -0.709  -0.182  -0.198
   381 20000  5.00 -4.00  2.00  0.00  0.00 -21.554 -21.277 -20.504 -29.646  -2.171  -0.700  -0.170  -0.186
   382 21000  3.00 -4.00  2.00  0.00  0.00 -21.821 -21.426 -20.617 -29.858  -2.270  -0.822  -0.206  -0.222
   383 21000  3.50 -4.00  2.00  0.00  0.00 -21.771 -21.412 -20.603 -29.858  -2.284  -0.785  -0.206  -0.222
   384 21000  4.00 -4.00  2.00  0.00  0.00 -21.733 -21.398 -20.594 -29.858  -2.293  -0.761  -0.201  -0.217
   385 21000  4.50 -4.00  2.00  0.00  0.00 -21.706 -21.385 -20.590 -29.858  -2.297  -0.745  -0.192  -0.208
   386 21000  5.00 -4.00  2.00  0.00  0.00 -21.686 -21.374 -20.590 -29.858  -2.297  -0.737  -0.181  -0.197
   387 22000  3.00 -4.00  2.00  0.00  0.00 -21.951 -21.524 -20.706 -30.060  -2.382  -0.854  -0.215  -0.231
   388 22000  3.50 -4.00  2.00  0.00  0.00 -21.897 -21.507 -20.689 -30.060  -2.400  -0.816  -0.215  -0.231
   389 22000  4.00 -4.00  2.00  0.00  0.00 -21.858 -21.492 -20.678 -30.060  -2.410  -0.793  -0.210  -0.226
   390 22000  4.50 -4.00  2.00  0.00  0.00 -21.831 -21.478 -20.673 -30.060  -2.416  -0.778  -0.202  -0.218
   391 22000  5.00 -4.00  2.00  0.00  0.00 -21.811 -21.466 -20.672 -30.060  -2.416  -0.770  -0.191  -0.207
   392 23000  3.00 -4.00  2.00  0.00  0.00 -22.078 -21.621 -20.795 -30.253  -2.487  -0.884  -0.223  -0.239
   393 23000  3.50 -4.00  2.00  0.00  0.00 -22.017 -21.600 -20.772 -30.253  -2.509  -0.844  -0.224  -0.240
   394 23000  4.00 -4.00  2.00  0.00  0.00 -21.977 -21.582 -20.759 -30.253  -2.522  -0.821  -0.219  -0.235
   395 23000  4.50 -4.00  2.00  0.00  0.00 -21.949 -21.567 -20.753 -30.253  -2.528  -0.807  -0.211  -0.227
   396 23000  5.00 -4.00  2.00  0.00  0.00 -21.930 -21.555 -20.751 -30.253  -2.530  -0.800  -0.200  -0.216
   397 24000  3.00 -4.00  2.00  0.00  0.00 -22.206 -21.720 -20.885 -30.438  -2.581  -0.914  -0.231  -0.247
   398 24000  3.50 -4.00  2.00  0.00  0.00 -22.134 -21.691 -20.855 -30.438  -2.611  -0.871  -0.232  -0.248
   399 24000  4.00 -4.00  2.00  0.00  0.00 -22.090 -21.670 -20.838 -30.438  -2.628  -0.848  -0.228  -0.244
   400 24000  4.50 -4.00  2.00  0.00  0.00 -22.061 -21.654 -20.830 -30.438  -2.636  -0.834  -0.220  -0.236
   401 24000  5.00 -4.00  2.00  0.00  0.00 -22.043 -21.641 -20.828 -30.438  -2.638  -0.827  -0.209  -0.225
   402 25000  3.00 -4.00  2.00  0.00  0.00 -22.342 -21.824 -20.983 -30.615  -2.661  -0.945  -0.238  -0.254
   403 25000  3.50 -4.00  2.00  0.00  0.00 -22.250 -21.781 -20.937 -30.615  -2.706  -0.896  -0.241  -0.257
   404 25000  4.00 -4.00  2.00  0.00  0.00 -22.201 -21.756 -20.916 -30.615  -2.727  -0.872  -0.236  -0.252
   405 25000  4.50 -4.00  2.00  0.00  0.00 -22.170 -21.738 -20.906 -30.615  -2.737  -0.859  -0.228  -0.244
   406 25000  5.00 -4.00  2.00  0.00  0.00 -22.150 -21.724 -20.903 -30.615  -2.741  -0.852  -0.218  -0.234
   407 26000  3.00 -4.00  2.00  0.00  0.00 -22.491 -21.936 -21.092 -30.786  -2.722  -0.983  -0.241  -0.257
   408 26000  3.50 -4.00  2.00  0.00  0.00 -22.366 -21.873 -21.021 -30.786  -2.793  -0.921  -0.248  -0.264
   409 26000  4.00 -4.00  2.00  0.00  0.00 -22.310 -21.842 -20.994 -30.786  -2.820  -0.896  -0.244  -0.260
   410 26000  4.50 -4.00  2.00  0.00  0.00 -22.274 -21.819 -20.980 -30.786  -2.834  -0.882  -0.236  -0.252
   411 26000  5.00 -4.00  2.00  0.00  0.00 -22.255 -21.806 -20.976 -30.786  -2.838  -0.875  -0.226  -0.242
   412 27000  3.50 -4.00  2.00  0.00  0.00 -22.488 -21.969 -21.110 -30.949  -2.868  -0.947  -0.256  -0.272
   413 27000  4.00 -4.00  2.00  0.00  0.00 -22.418 -21.928 -21.073 -30.949  -2.905  -0.918  -0.252  -0.268
   414 27000  4.50 -4.00  2.00  0.00  0.00 -22.378 -21.902 -21.055 -30.949  -2.923  -0.904  -0.244  -0.260
   415 27000  5.00 -4.00  2.00  0.00  0.00 -22.358 -21.887 -21.049 -30.949  -2.929  -0.897  -0.234  -0.250
   416 28000  3.50 -4.00  2.00  0.00  0.00 -22.615 -22.069 -21.204 -31.107  -2.931  -0.975  -0.261  -0.277
   417 28000  4.00 -4.00  2.00  0.00  0.00 -22.529 -22.016 -21.154 -31.107  -2.982  -0.941  -0.259  -0.275
   418 28000  4.50 -4.00  2.00  0.00  0.00 -22.483 -21.985 -21.130 -31.107  -3.005  -0.925  -0.251  -0.267
   419 28000  5.00 -4.00  2.00  0.00  0.00 -22.459 -21.968 -21.122 -31.107  -3.013  -0.918  -0.242  -0.258
   420 29000  3.50 -4.00  2.00  0.00  0.00 -22.744 -22.170 -21.301 -31.260  -2.987  -1.003  -0.265  -0.281
   421 29000  4.00 -4.00  2.00  0.00  0.00 -22.644 -22.108 -21.239 -31.260  -3.049  -0.965  -0.266  -0.282
   422 29000  4.50 -4.00  2.00  0.00  0.00 -22.591 -22.072 -21.210 -31.260  -3.078  -0.947  -0.259  -0.275
   423 29000  5.00 -4.00  2.00  0.00  0.00 -22.562 -22.050 -21.196 -31.260  -3.092  -0.939  -0.250  -0.266
   424 30000  3.50 -4.00  2.00  0.00  0.00 -22.863 -22.264 -21.393 -31.407  -3.042  -1.029  -0.267  -0.283
   425 30000  4.00 -4.00  2.00  0.00  0.00 -22.760 -22.201 -21.326 -31.407  -3.109  -0.988  -0.272  -0.288
   426 30000  4.50 -4.00  2.00  0.00  0.00 -22.700 -22.159 -21.290 -31.407  -3.145  -0.969  -0.266  -0.282
   427 30000  5.00 -4.00  2.00  0.00  0.00 -22.665 -22.133 -21.272 -31.407  -3.163  -0.960  -0.257  -0.273
   428 31000  3.50 -4.00  2.00  0.00  0.00 -22.967 -22.347 -21.475 -31.549  -3.102  -1.049  -0.268  -0.284
   429 31000  4.00 -4.00  2.00  0.00  0.00 -22.874 -22.292 -21.412 -31.549  -3.165  -1.011  -0.276  -0.292
   430 31000  4.50 -4.00  2.00  0.00  0.00 -22.808 -22.247 -21.371 -31.549  -3.206  -0.990  -0.272  -0.288
   431 31000  5.00 -4.00  2.00  0.00  0.00 -22.770 -22.218 -21.350 -31.549  -3.228  -0.980  -0.264  -0.280
   432 32000  4.00 -4.00  2.00  0.00  0.00 -22.980 -22.379 -21.496 -31.687  -3.220  -1.030  -0.280  -0.296
   433 32000  4.50 -4.00  2.00  0.00  0.00 -22.914 -22.334 -21.452 -31.687  -3.263  -1.010  -0.278  -0.294
   434 32000  5.00 -4.00  2.00  0.00  0.00 -22.873 -22.302 -21.428 -31.687  -3.288  -0.999  -0.271  -0.287
   435 33000  4.00 -4.00  2.00  0.00  0.00 -23.073 -22.456 -21.570 -31.821  -3.279  -1.046  -0.283  -0.299
   436 33000  4.50 -4.00  2.00  0.00  0.00 -23.016 -22.417 -21.531 -31.821  -3.318  -1.027  -0.283  -0.299
   437 33000  5.00 -4.00  2.00  0.00  0.00 -22.974 -22.385 -21.504 -31.821  -3.345  -1.018  -0.277  -0.293
   438 34000  4.00 -4.00  2.00  0.00  0.00 -23.153 -22.523 -21.635 -31.951  -3.344  -1.060  -0.285  -0.301
   439 34000  4.50 -4.00  2.00  0.00  0.00 -23.107 -22.494 -21.603 -31.951  -3.376  -1.043  -0.287  -0.303
   440 34000  5.00 -4.00  2.00  0.00  0.00 -23.069 -22.464 -21.579 -31.951  -3.400  -1.034  -0.282  -0.298
   441 35000  4.00 -4.00  2.00  0.00  0.00 -23.220 -22.580 -21.691 -32.077  -3.414  -1.070  -0.285  -0.301
   442 35000  4.50 -4.00  2.00  0.00  0.00 -23.187 -22.561 -21.668 -32.077  -3.437  -1.055  -0.290  -0.306
   443 35000  5.00 -4.00  2.00  0.00  0.00 -23.155 -22.537 -21.646 -32.077  -3.458  -1.047  -0.287  -0.303
   444 36000  4.00 -4.00  2.00  0.00  0.00 -23.276 -22.627 -21.738 -32.199  -3.489  -1.079  -0.286  -0.302
   445 36000  4.50 -4.00  2.00  0.00  0.00 -23.256 -22.620 -21.725 -32.199  -3.502  -1.066  -0.292  -0.308
   446 36000  5.00 -4.00  2.00  0.00  0.00 -23.231 -22.601 -21.708 -32.199  -3.519  -1.059  -0.290  -0.306
   447 37000  4.00 -4.00  2.00  0.00  0.00 -23.323 -22.667 -21.777 -32.318  -3.569  -1.085  -0.287  -0.303
   448 37000  4.50 -4.00  2.00  0.00  0.00 -23.315 -22.671 -21.774 -32.318  -3.572  -1.074  -0.293  -0.309
   449 37000  5.00 -4.00  2.00  0.00  0.00 -23.297 -22.659 -21.763 -32.318  -3.583  -1.068  -0.293  -0.309
   450 38000  4.00 -4.00  2.00  0.00  0.00 -23.362 -22.701 -21.810 -32.434  -3.652  -1.091  -0.288  -0.304
   451 38000  4.50 -4.00  2.00  0.00  0.00 -23.365 -22.714 -21.816 -32.434  -3.646  -1.081  -0.295  -0.311
   452 38000  5.00 -4.00  2.00  0.00  0.00 -23.355 -22.709 -21.811 -32.434  -3.651  -1.075  -0.295  -0.311
   453 39000  4.00 -4.00  2.00  0.00  0.00 -23.397 -22.732 -21.840 -32.546  -3.735  -1.095  -0.289  -0.305
   454 39000  4.50 -4.00  2.00  0.00  0.00 -23.407 -22.751 -21.851 -32.546  -3.723  -1.086  -0.296  -0.312
   455 39000  5.00 -4.00  2.00  0.00  0.00 -23.404 -22.752 -21.852 -32.546  -3.723  -1.082  -0.297  -0.313
   456 40000  4.50 -4.00  2.00  0.00  0.00 -23.443 -22.782 -21.882 -32.656  -3.803  -1.090  -0.297  -0.313
   457 40000  5.00 -4.00  2.00  0.00  0.00 -23.446 -22.790 -21.887 -32.656  -3.797  -1.086  -0.299  -0.315
   458 41000  4.50 -4.00  2.00  0.00  0.00 -23.475 -22.812 -21.909 -32.764  -3.883  -1.094  -0.299  -0.315
   459 41000  5.00 -4.00  2.00  0.00  0.00 -23.483 -22.822 -21.918 -32.764  -3.874  -1.091  -0.300  -0.316
   460 42000  4.50 -4.00  2.00  0.00  0.00 -23.505 -22.838 -21.935 -32.868  -3.962  -1.097  -0.300  -0.316
   461 42000  5.00 -4.00  2.00  0.00  0.00 -23.515 -22.851 -21.945 -32.868  -3.951  -1.094  -0.302  -0.318
   462 43000  4.50 -4.00  2.00  0.00  0.00 -23.533 -22.864 -21.958 -32.971  -4.040  -1.100  -0.302  -0.318
   463 43000  5.00 -4.00  2.00  0.00  0.00 -23.544 -22.877 -21.970 -32.971  -4.028  -1.097  -0.303  -0.319
   464 44000  4.50 -4.00  2.00  0.00  0.00 -23.560 -22.888 -21.981 -33.070  -4.117  -1.102  -0.303  -0.319
   465 44000  5.00 -4.00  2.00  0.00  0.00 -23.571 -22.902 -21.993 -33.070  -4.105  -1.099  -0.305  -0.321
   466 45000  4.50 -4.00  2.00  0.00  0.00 -23.586 -22.912 -22.003 -33.168  -4.193  -1.105  -0.305  -0.321
   467 45000  5.00 -4.00  2.00  0.00  0.00 -23.597 -22.925 -22.015 -33.168  -4.181  -1.102  -0.306  -0.322
   468 46000  4.50 -4.00  2.00  0.00  0.00 -23.612 -22.935 -22.025 -33.263  -4.266  -1.107  -0.306  -0.322
   469 46000  5.00 -4.00  2.00  0.00  0.00 -23.621 -22.947 -22.036 -33.263  -4.256  -1.104  -0.308  -0.324
   470 47000  4.50 -4.00  2.00  0.00  0.00 -23.636 -22.957 -22.046 -33.357  -4.338  -1.110  -0.307  -0.323
   471 47000  5.00 -4.00  2.00  0.00  0.00 -23.645 -22.969 -22.056 -33.357  -4.329  -1.106  -0.309  -0.325
   472 48000  4.50 -4.00  2.00  0.00  0.00 -23.661 -22.980 -22.068 -33.448  -4.409  -1.112  -0.309  -0.325
   473 48000  5.00 -4.00  2.00  0.00  0.00 -23.668 -22.990 -22.076 -33.448  -4.400  -1.108  -0.311  -0.327
   474 49000  4.50 -4.00  2.00  0.00  0.00 -23.685 -23.002 -22.088 -33.538  -4.478  -1.114  -0.310  -0.326
   475 49000  5.00 -4.00  2.00  0.00  0.00 -23.691 -23.011 -22.096 -33.538  -4.470  -1.110  -0.312  -0.328
   476 50000  5.00 -4.00  2.00  0.00  0.00 -23.713 -23.032 -22.115 -33.626  -4.539  -1.112  -0.313  -0.329
