
       Teff log g  [M]  Vturb  l/H  E(B-V)    V       R       I       J       K       L      V-R     V-I     V-J     V-K     V-L
    1  3500  0.00 -1.00  2.00  1.25  0.00 -13.107 -13.691 -13.944 -13.922 -13.025 -11.053   1.300   2.325   3.466   4.768   4.908
    2  3500  0.50 -1.00  2.00  1.25  0.00 -13.161 -13.683 -13.933 -13.913 -13.025 -11.049   1.239   2.261   3.403   4.715   4.850
    3  3500  1.00 -1.00  2.00  1.25  0.00 -13.188 -13.666 -13.923 -13.910 -13.025 -11.046   1.195   2.223   3.373   4.687   4.820
    4  3500  1.50 -1.00  2.00  1.25  0.00 -13.200 -13.650 -13.917 -13.910 -13.024 -11.044   1.167   2.205   3.361   4.675   4.806
    5  3500  2.00 -1.00  2.00  1.25  0.00 -13.232 -13.682 -13.941 -13.909 -13.008 -11.031   1.167   2.197   3.329   4.626   4.761
    6  3500  2.50 -1.00  2.00  1.25  0.00 -13.347 -13.814 -14.031 -13.922 -12.936 -10.996   1.185   2.173   3.227   4.440   4.612
    7  3500  3.00 -1.00  2.00  1.25  0.00 -13.469 -13.943 -14.121 -13.945 -12.846 -10.967   1.192   2.140   3.128   4.228   4.460
    8  3500  3.50 -1.00  2.00  1.25  0.00 -13.511 -13.996 -14.158 -13.953 -12.806 -10.952   1.202   2.135   3.093   4.145   4.403
    9  3500  4.00 -1.00  2.00  1.25  0.00 -13.515 -14.017 -14.172 -13.955 -12.793 -10.946   1.219   2.145   3.091   4.127   4.392
   10  3500  4.50 -1.00  2.00  1.25  0.00 -13.503 -14.025 -14.178 -13.956 -12.790 -10.943   1.240   2.164   3.104   4.137   4.403
   11  3500  5.00 -1.00  2.00  1.25  0.00 -13.481 -14.028 -14.180 -13.956 -12.792 -10.942   1.264   2.187   3.125   4.160   4.423
   12  3750  0.00 -1.00  2.00  1.25  0.00 -13.907 -14.335 -14.410 -14.225 -13.136 -11.147   1.145   1.991   2.968   4.079   4.202
   13  3750  0.50 -1.00  2.00  1.25  0.00 -13.955 -14.342 -14.400 -14.207 -13.136 -11.141   1.104   1.933   2.903   4.031   4.148
   14  3750  1.00 -1.00  2.00  1.25  0.00 -13.981 -14.344 -14.392 -14.196 -13.136 -11.137   1.081   1.899   2.866   4.005   4.118
   15  3750  1.50 -1.00  2.00  1.25  0.00 -13.991 -14.343 -14.387 -14.189 -13.135 -11.134   1.068   1.883   2.849   3.994   4.105
   16  3750  2.00 -1.00  2.00  1.25  0.00 -13.992 -14.339 -14.384 -14.186 -13.135 -11.133   1.064   1.880   2.845   3.993   4.102
   17  3750  2.50 -1.00  2.00  1.25  0.00 -13.993 -14.345 -14.392 -14.186 -13.129 -11.127   1.069   1.887   2.844   3.985   4.096
   18  3750  3.00 -1.00  2.00  1.25  0.00 -14.026 -14.395 -14.439 -14.191 -13.086 -11.105   1.086   1.901   2.817   3.911   4.042
   19  3750  3.50 -1.00  2.00  1.25  0.00 -14.089 -14.467 -14.501 -14.204 -13.014 -11.080   1.095   1.900   2.766   3.775   3.953
   20  3750  4.00 -1.00  2.00  1.25  0.00 -14.128 -14.511 -14.540 -14.213 -12.965 -11.065   1.100   1.900   2.736   3.687   3.899
   21  3750  4.50 -1.00  2.00  1.25  0.00 -14.137 -14.529 -14.556 -14.217 -12.945 -11.058   1.109   1.907   2.731   3.658   3.883
   22  3750  5.00 -1.00  2.00  1.25  0.00 -14.131 -14.534 -14.563 -14.219 -12.940 -11.056   1.120   1.920   2.739   3.659   3.887
   23  4000  0.00 -1.00  2.00  1.25  0.00 -14.546 -14.824 -14.793 -14.490 -13.236 -11.233   0.995   1.735   2.595   3.540   3.650
   24  4000  0.50 -1.00  2.00  1.25  0.00 -14.590 -14.827 -14.779 -14.470 -13.235 -11.226   0.955   1.677   2.532   3.496   3.599
   25  4000  1.00 -1.00  2.00  1.25  0.00 -14.612 -14.828 -14.769 -14.455 -13.235 -11.221   0.933   1.645   2.494   3.473   3.571
   26  4000  1.50 -1.00  2.00  1.25  0.00 -14.620 -14.827 -14.762 -14.445 -13.235 -11.218   0.924   1.629   2.476   3.464   3.559
   27  4000  2.00 -1.00  2.00  1.25  0.00 -14.620 -14.827 -14.758 -14.439 -13.235 -11.215   0.924   1.626   2.470   3.465   3.558
   28  4000  2.50 -1.00  2.00  1.25  0.00 -14.613 -14.828 -14.756 -14.436 -13.235 -11.214   0.931   1.631   2.473   3.472   3.563
   29  4000  3.00 -1.00  2.00  1.25  0.00 -14.605 -14.832 -14.760 -14.435 -13.234 -11.213   0.944   1.644   2.482   3.479   3.571
   30  4000  3.50 -1.00  2.00  1.25  0.00 -14.607 -14.854 -14.786 -14.438 -13.210 -11.202   0.964   1.668   2.482   3.453   3.557
   31  4000  4.00 -1.00  2.00  1.25  0.00 -14.631 -14.894 -14.829 -14.443 -13.161 -11.183   0.980   1.686   2.463   3.380   3.515
   32  4000  4.50 -1.00  2.00  1.25  0.00 -14.658 -14.929 -14.864 -14.448 -13.113 -11.170   0.988   1.694   2.442   3.306   3.474
   33  4000  5.00 -1.00  2.00  1.25  0.00 -14.669 -14.947 -14.882 -14.451 -13.087 -11.163   0.995   1.702   2.433   3.268   3.456
   34  4250  0.00 -1.00  2.00  1.25  0.00 -15.071 -15.238 -15.124 -14.716 -13.326 -11.312   0.884   1.540   2.296   3.105   3.202
   35  4250  0.50 -1.00  2.00  1.25  0.00 -15.110 -15.235 -15.105 -14.696 -13.325 -11.304   0.843   1.484   2.237   3.065   3.156
   36  4250  1.00 -1.00  2.00  1.25  0.00 -15.131 -15.231 -15.091 -14.680 -13.325 -11.299   0.817   1.449   2.201   3.044   3.130
   37  4250  1.50 -1.00  2.00  1.25  0.00 -15.139 -15.226 -15.081 -14.669 -13.324 -11.294   0.804   1.430   2.181   3.035   3.117
   38  4250  2.00 -1.00  2.00  1.25  0.00 -15.139 -15.223 -15.075 -14.660 -13.325 -11.292   0.800   1.423   2.172   3.035   3.114
   39  4250  2.50 -1.00  2.00  1.25  0.00 -15.135 -15.222 -15.071 -14.655 -13.325 -11.290   0.804   1.425   2.172   3.041   3.118
   40  4250  3.00 -1.00  2.00  1.25  0.00 -15.127 -15.223 -15.071 -14.653 -13.326 -11.290   0.813   1.433   2.177   3.049   3.125
   41  4250  3.50 -1.00  2.00  1.25  0.00 -15.117 -15.228 -15.075 -14.653 -13.326 -11.290   0.828   1.446   2.188   3.059   3.136
   42  4250  4.00 -1.00  2.00  1.25  0.00 -15.110 -15.241 -15.091 -14.656 -13.313 -11.286   0.849   1.469   2.197   3.053   3.138
   43  4250  4.50 -1.00  2.00  1.25  0.00 -15.114 -15.265 -15.120 -14.658 -13.280 -11.274   0.868   1.495   2.195   3.017   3.123
   44  4250  5.00 -1.00  2.00  1.25  0.00 -15.126 -15.289 -15.148 -14.659 -13.242 -11.264   0.880   1.510   2.184   2.966   3.100
   45  4500  0.00 -1.00  2.00  1.25  0.00 -15.520 -15.596 -15.411 -14.908 -13.410 -11.383   0.793   1.379   2.040   2.740   2.825
   46  4500  0.50 -1.00  2.00  1.25  0.00 -15.549 -15.588 -15.390 -14.889 -13.408 -11.376   0.756   1.329   1.991   2.709   2.789
   47  4500  1.00 -1.00  2.00  1.25  0.00 -15.565 -15.579 -15.373 -14.874 -13.407 -11.370   0.731   1.296   1.960   2.692   2.766
   48  4500  1.50 -1.00  2.00  1.25  0.00 -15.572 -15.571 -15.361 -14.862 -13.406 -11.365   0.716   1.276   1.941   2.684   2.755
   49  4500  2.00 -1.00  2.00  1.25  0.00 -15.573 -15.565 -15.352 -14.853 -13.406 -11.362   0.708   1.266   1.931   2.683   2.751
   50  4500  2.50 -1.00  2.00  1.25  0.00 -15.571 -15.561 -15.346 -14.847 -13.407 -11.360   0.707   1.263   1.927   2.686   2.751
   51  4500  3.00 -1.00  2.00  1.25  0.00 -15.566 -15.560 -15.344 -14.844 -13.407 -11.360   0.710   1.266   1.929   2.691   2.756
   52  4500  3.50 -1.00  2.00  1.25  0.00 -15.560 -15.562 -15.345 -14.843 -13.408 -11.360   0.719   1.273   1.934   2.699   2.763
   53  4500  4.00 -1.00  2.00  1.25  0.00 -15.552 -15.567 -15.349 -14.844 -13.408 -11.361   0.732   1.286   1.943   2.707   2.772
   54  4500  4.50 -1.00  2.00  1.25  0.00 -15.544 -15.577 -15.361 -14.846 -13.401 -11.361   0.751   1.305   1.953   2.707   2.779
   55  4500  5.00 -1.00  2.00  1.25  0.00 -15.541 -15.593 -15.382 -14.847 -13.379 -11.354   0.769   1.328   1.957   2.688   2.775
   56  4750  0.00 -1.00  2.00  1.25  0.00 -15.914 -15.903 -15.657 -15.072 -13.488 -11.447   0.707   1.231   1.809   2.424   2.495
   57  4750  0.50 -1.00  2.00  1.25  0.00 -15.930 -15.892 -15.636 -15.055 -13.487 -11.440   0.679   1.193   1.776   2.407   2.472
   58  4750  1.00 -1.00  2.00  1.25  0.00 -15.939 -15.881 -15.618 -15.041 -13.485 -11.435   0.659   1.167   1.752   2.396   2.458
   59  4750  1.50 -1.00  2.00  1.25  0.00 -15.943 -15.871 -15.605 -15.030 -13.484 -11.431   0.645   1.150   1.738   2.391   2.450
   60  4750  2.00 -1.00  2.00  1.25  0.00 -15.943 -15.863 -15.595 -15.021 -13.483 -11.428   0.637   1.140   1.730   2.390   2.447
   61  4750  2.50 -1.00  2.00  1.25  0.00 -15.941 -15.857 -15.588 -15.016 -13.482 -11.426   0.634   1.136   1.726   2.392   2.447
   62  4750  3.00 -1.00  2.00  1.25  0.00 -15.938 -15.855 -15.585 -15.012 -13.483 -11.425   0.634   1.135   1.725   2.395   2.449
   63  4750  3.50 -1.00  2.00  1.25  0.00 -15.935 -15.855 -15.584 -15.010 -13.483 -11.425   0.637   1.137   1.726   2.398   2.452
   64  4750  4.00 -1.00  2.00  1.25  0.00 -15.932 -15.859 -15.587 -15.010 -13.484 -11.427   0.644   1.143   1.730   2.402   2.457
   65  4750  4.50 -1.00  2.00  1.25  0.00 -15.927 -15.865 -15.592 -15.012 -13.483 -11.428   0.655   1.154   1.736   2.407   2.464
   66  4750  5.00 -1.00  2.00  1.25  0.00 -15.920 -15.872 -15.601 -15.014 -13.478 -11.429   0.669   1.169   1.744   2.408   2.471
   67  5000  0.00 -1.00  2.00  1.25  0.00 -16.264 -16.168 -15.865 -15.211 -13.557 -11.503   0.621   1.089   1.598   2.143   2.201
   68  5000  0.50 -1.00  2.00  1.25  0.00 -16.268 -16.155 -15.846 -15.198 -13.558 -11.499   0.604   1.066   1.581   2.141   2.193
   69  5000  1.00 -1.00  2.00  1.25  0.00 -16.269 -16.143 -15.830 -15.186 -13.557 -11.495   0.591   1.050   1.569   2.139   2.188
   70  5000  1.50 -1.00  2.00  1.25  0.00 -16.267 -16.132 -15.817 -15.176 -13.556 -11.491   0.582   1.038   1.560   2.139   2.186
   71  5000  2.00 -1.00  2.00  1.25  0.00 -16.264 -16.124 -15.808 -15.169 -13.555 -11.488   0.577   1.032   1.556   2.141   2.186
   72  5000  2.50 -1.00  2.00  1.25  0.00 -16.261 -16.117 -15.801 -15.163 -13.554 -11.486   0.574   1.028   1.553   2.143   2.188
   73  5000  3.00 -1.00  2.00  1.25  0.00 -16.258 -16.114 -15.797 -15.160 -13.553 -11.485   0.573   1.027   1.553   2.145   2.189
   74  5000  3.50 -1.00  2.00  1.25  0.00 -16.257 -16.114 -15.796 -15.158 -13.553 -11.486   0.574   1.028   1.553   2.147   2.191
   75  5000  4.00 -1.00  2.00  1.25  0.00 -16.256 -16.117 -15.798 -15.159 -13.553 -11.487   0.578   1.030   1.553   2.147   2.193
   76  5000  4.50 -1.00  2.00  1.25  0.00 -16.255 -16.122 -15.803 -15.160 -13.553 -11.490   0.584   1.036   1.556   2.148   2.196
   77  5000  5.00 -1.00  2.00  1.25  0.00 -16.253 -16.128 -15.809 -15.162 -13.552 -11.492   0.592   1.044   1.560   2.149   2.200
   78  5250  0.00 -1.00  2.00  1.25  0.00 -16.576 -16.399 -16.046 -15.332 -13.611 -11.553   0.541   0.958   1.408   1.885   1.940
   79  5250  0.50 -1.00  2.00  1.25  0.00 -16.569 -16.386 -16.029 -15.323 -13.617 -11.552   0.533   0.948   1.405   1.898   1.945
   80  5250  1.00 -1.00  2.00  1.25  0.00 -16.563 -16.373 -16.015 -15.314 -13.620 -11.549   0.528   0.940   1.402   1.907   1.949
   81  5250  1.50 -1.00  2.00  1.25  0.00 -16.556 -16.362 -16.003 -15.306 -13.620 -11.547   0.524   0.936   1.401   1.914   1.953
   82  5250  2.00 -1.00  2.00  1.25  0.00 -16.549 -16.353 -15.994 -15.299 -13.619 -11.544   0.522   0.934   1.401   1.921   1.958
   83  5250  2.50 -1.00  2.00  1.25  0.00 -16.543 -16.346 -15.987 -15.294 -13.619 -11.542   0.521   0.933   1.402   1.926   1.962
   84  5250  3.00 -1.00  2.00  1.25  0.00 -16.538 -16.342 -15.984 -15.291 -13.618 -11.542   0.521   0.933   1.403   1.930   1.965
   85  5250  3.50 -1.00  2.00  1.25  0.00 -16.537 -16.341 -15.983 -15.289 -13.618 -11.542   0.522   0.934   1.404   1.932   1.968
   86  5250  4.00 -1.00  2.00  1.25  0.00 -16.537 -16.344 -15.985 -15.290 -13.618 -11.544   0.524   0.936   1.404   1.931   1.969
   87  5250  4.50 -1.00  2.00  1.25  0.00 -16.539 -16.350 -15.991 -15.292 -13.618 -11.547   0.528   0.939   1.404   1.929   1.970
   88  5250  5.00 -1.00  2.00  1.25  0.00 -16.541 -16.357 -15.997 -15.294 -13.618 -11.550   0.533   0.944   1.405   1.927   1.971
   89  5500  0.00 -1.00  2.00  1.25  0.00 -16.855 -16.605 -16.208 -15.440 -13.654 -11.598   0.468   0.841   1.236   1.650   1.705
   90  5500  0.50 -1.00  2.00  1.25  0.00 -16.842 -16.592 -16.193 -15.435 -13.666 -11.600   0.467   0.839   1.244   1.674   1.720
   91  5500  1.00 -1.00  2.00  1.25  0.00 -16.830 -16.580 -16.180 -15.428 -13.672 -11.599   0.467   0.839   1.250   1.693   1.732
   92  5500  1.50 -1.00  2.00  1.25  0.00 -16.818 -16.569 -16.169 -15.422 -13.675 -11.598   0.468   0.840   1.255   1.708   1.743
   93  5500  2.00 -1.00  2.00  1.25  0.00 -16.806 -16.559 -16.160 -15.416 -13.676 -11.596   0.470   0.842   1.261   1.720   1.752
   94  5500  2.50 -1.00  2.00  1.25  0.00 -16.796 -16.551 -16.154 -15.411 -13.677 -11.595   0.471   0.845   1.266   1.730   1.761
   95  5500  3.00 -1.00  2.00  1.25  0.00 -16.789 -16.545 -16.149 -15.408 -13.677 -11.594   0.473   0.848   1.270   1.738   1.767
   96  5500  3.50 -1.00  2.00  1.25  0.00 -16.785 -16.543 -16.148 -15.406 -13.677 -11.595   0.475   0.851   1.272   1.742   1.772
   97  5500  4.00 -1.00  2.00  1.25  0.00 -16.785 -16.546 -16.150 -15.407 -13.678 -11.597   0.478   0.854   1.273   1.743   1.774
   98  5500  4.50 -1.00  2.00  1.25  0.00 -16.787 -16.551 -16.156 -15.409 -13.678 -11.600   0.481   0.857   1.273   1.741   1.774
   99  5500  5.00 -1.00  2.00  1.25  0.00 -16.791 -16.559 -16.164 -15.413 -13.678 -11.604   0.485   0.860   1.273   1.737   1.775
  100  5750  0.00 -1.00  2.00  1.25  0.00 -17.107 -16.791 -16.355 -15.535 -13.692 -11.638   0.401   0.736   1.079   1.434   1.492
  101  5750  0.50 -1.00  2.00  1.25  0.00 -17.092 -16.780 -16.343 -15.536 -13.709 -11.644   0.406   0.739   1.095   1.468   1.514
  102  5750  1.00 -1.00  2.00  1.25  0.00 -17.076 -16.770 -16.332 -15.533 -13.719 -11.646   0.411   0.744   1.108   1.493   1.532
  103  5750  1.50 -1.00  2.00  1.25  0.00 -17.060 -16.759 -16.322 -15.529 -13.725 -11.646   0.415   0.749   1.119   1.515   1.548
  104  5750  2.00 -1.00  2.00  1.25  0.00 -17.045 -16.748 -16.313 -15.524 -13.728 -11.646   0.420   0.756   1.130   1.534   1.563
  105  5750  2.50 -1.00  2.00  1.25  0.00 -17.030 -16.738 -16.305 -15.519 -13.730 -11.645   0.425   0.762   1.140   1.549   1.576
  106  5750  3.00 -1.00  2.00  1.25  0.00 -17.019 -16.730 -16.299 -15.515 -13.731 -11.644   0.429   0.769   1.148   1.562   1.587
  107  5750  3.50 -1.00  2.00  1.25  0.00 -17.010 -16.726 -16.297 -15.513 -13.731 -11.644   0.432   0.774   1.153   1.571   1.595
  108  5750  4.00 -1.00  2.00  1.25  0.00 -17.007 -16.726 -16.298 -15.513 -13.733 -11.645   0.436   0.779   1.157   1.576   1.600
  109  5750  4.50 -1.00  2.00  1.25  0.00 -17.008 -16.731 -16.303 -15.515 -13.734 -11.649   0.439   0.783   1.158   1.576   1.602
  110  5750  5.00 -1.00  2.00  1.25  0.00 -17.012 -16.738 -16.311 -15.519 -13.735 -11.653   0.443   0.787   1.157   1.573   1.603
  111  6000  0.00 -1.00  2.00  1.25  0.00 -17.337 -16.958 -16.489 -15.620 -13.723 -11.672   0.338   0.640   0.934   1.237   1.298
  112  6000  0.50 -1.00  2.00  1.25  0.00 -17.322 -16.952 -16.481 -15.627 -13.747 -11.683   0.348   0.647   0.957   1.275   1.323
  113  6000  1.00 -1.00  2.00  1.25  0.00 -17.305 -16.944 -16.472 -15.629 -13.762 -11.689   0.356   0.655   0.974   1.307   1.345
  114  6000  1.50 -1.00  2.00  1.25  0.00 -17.287 -16.935 -16.463 -15.627 -13.771 -11.691   0.364   0.664   0.991   1.333   1.366
  115  6000  2.00 -1.00  2.00  1.25  0.00 -17.269 -16.924 -16.454 -15.623 -13.776 -11.692   0.372   0.673   1.006   1.357   1.385
  116  6000  2.50 -1.00  2.00  1.25  0.00 -17.251 -16.913 -16.446 -15.619 -13.779 -11.692   0.380   0.683   1.020   1.379   1.403
  117  6000  3.00 -1.00  2.00  1.25  0.00 -17.234 -16.903 -16.439 -15.615 -13.781 -11.691   0.386   0.693   1.032   1.397   1.419
  118  6000  3.50 -1.00  2.00  1.25  0.00 -17.220 -16.895 -16.434 -15.611 -13.782 -11.691   0.392   0.702   1.042   1.412   1.432
  119  6000  4.00 -1.00  2.00  1.25  0.00 -17.212 -16.892 -16.433 -15.610 -13.783 -11.691   0.397   0.709   1.049   1.422   1.442
  120  6000  4.50 -1.00  2.00  1.25  0.00 -17.209 -16.893 -16.435 -15.611 -13.786 -11.694   0.401   0.715   1.053   1.427   1.447
  121  6000  5.00 -1.00  2.00  1.25  0.00 -17.211 -16.899 -16.443 -15.614 -13.788 -11.699   0.405   0.720   1.054   1.426   1.449
  122  6250  0.50 -1.00  2.00  1.25  0.00 -17.533 -17.108 -16.607 -15.709 -13.781 -11.719   0.292   0.562   0.827   1.098   1.148
  123  6250  1.00 -1.00  2.00  1.25  0.00 -17.519 -17.105 -16.601 -15.716 -13.800 -11.728   0.304   0.571   0.848   1.132   1.171
  124  6250  1.50 -1.00  2.00  1.25  0.00 -17.501 -17.098 -16.594 -15.717 -13.812 -11.733   0.315   0.582   0.868   1.162   1.194
  125  6250  2.00 -1.00  2.00  1.25  0.00 -17.481 -17.089 -16.586 -15.716 -13.821 -11.735   0.326   0.594   0.887   1.190   1.217
  126  6250  2.50 -1.00  2.00  1.25  0.00 -17.459 -17.078 -16.578 -15.713 -13.826 -11.736   0.336   0.606   0.904   1.216   1.239
  127  6250  3.00 -1.00  2.00  1.25  0.00 -17.439 -17.066 -16.570 -15.709 -13.829 -11.736   0.345   0.619   0.921   1.240   1.260
  128  6250  3.50 -1.00  2.00  1.25  0.00 -17.420 -17.056 -16.563 -15.704 -13.830 -11.736   0.353   0.631   0.936   1.260   1.278
  129  6250  4.00 -1.00  2.00  1.25  0.00 -17.405 -17.048 -16.559 -15.701 -13.832 -11.736   0.359   0.641   0.947   1.276   1.293
  130  6250  4.50 -1.00  2.00  1.25  0.00 -17.397 -17.045 -16.559 -15.701 -13.834 -11.737   0.365   0.650   0.955   1.287   1.303
  131  6250  5.00 -1.00  2.00  1.25  0.00 -17.395 -17.047 -16.563 -15.703 -13.836 -11.741   0.370   0.657   0.959   1.292   1.309
  132  6500  0.50 -1.00  2.00  1.25  0.00 -17.726 -17.248 -16.720 -15.782 -13.812 -11.751   0.240   0.483   0.707   0.936   0.987
  133  6500  1.00 -1.00  2.00  1.25  0.00 -17.716 -17.252 -16.720 -15.795 -13.835 -11.764   0.253   0.492   0.730   0.969   1.010
  134  6500  1.50 -1.00  2.00  1.25  0.00 -17.701 -17.250 -16.716 -15.801 -13.851 -11.771   0.267   0.504   0.751   1.000   1.033
  135  6500  2.00 -1.00  2.00  1.25  0.00 -17.680 -17.243 -16.710 -15.802 -13.861 -11.776   0.280   0.517   0.773   1.031   1.058
  136  6500  2.50 -1.00  2.00  1.25  0.00 -17.658 -17.233 -16.702 -15.800 -13.869 -11.778   0.292   0.532   0.794   1.061   1.083
  137  6500  3.00 -1.00  2.00  1.25  0.00 -17.634 -17.221 -16.693 -15.797 -13.873 -11.779   0.304   0.547   0.814   1.089   1.107
  138  6500  3.50 -1.00  2.00  1.25  0.00 -17.611 -17.208 -16.685 -15.793 -13.876 -11.779   0.314   0.562   0.832   1.115   1.130
  139  6500  4.00 -1.00  2.00  1.25  0.00 -17.591 -17.197 -16.679 -15.788 -13.878 -11.779   0.323   0.576   0.848   1.137   1.150
  140  6500  4.50 -1.00  2.00  1.25  0.00 -17.576 -17.190 -16.676 -15.786 -13.879 -11.780   0.331   0.588   0.861   1.154   1.166
  141  6500  5.00 -1.00  2.00  1.25  0.00 -17.568 -17.187 -16.677 -15.786 -13.882 -11.782   0.337   0.597   0.869   1.164   1.176
  142  6750  0.50 -1.00  2.00  1.25  0.00 -17.907 -17.382 -16.829 -15.851 -13.843 -11.782   0.191   0.409   0.594   0.785   0.837
  143  6750  1.00 -1.00  2.00  1.25  0.00 -17.897 -17.385 -16.828 -15.865 -13.867 -11.796   0.205   0.419   0.619   0.820   0.862
  144  6750  1.50 -1.00  2.00  1.25  0.00 -17.886 -17.389 -16.828 -15.876 -13.886 -11.807   0.220   0.430   0.641   0.849   0.883
  145  6750  2.00 -1.00  2.00  1.25  0.00 -17.869 -17.387 -16.825 -15.881 -13.899 -11.814   0.235   0.444   0.663   0.881   0.907
  146  6750  2.50 -1.00  2.00  1.25  0.00 -17.846 -17.379 -16.818 -15.882 -13.909 -11.818   0.250   0.460   0.687   0.913   0.934
  147  6750  3.00 -1.00  2.00  1.25  0.00 -17.821 -17.367 -16.810 -15.880 -13.915 -11.820   0.263   0.477   0.710   0.944   0.961
  148  6750  3.50 -1.00  2.00  1.25  0.00 -17.795 -17.354 -16.801 -15.876 -13.919 -11.821   0.276   0.494   0.732   0.975   0.988
  149  6750  4.00 -1.00  2.00  1.25  0.00 -17.770 -17.340 -16.793 -15.871 -13.922 -11.821   0.287   0.511   0.752   1.002   1.013
  150  6750  4.50 -1.00  2.00  1.25  0.00 -17.748 -17.328 -16.787 -15.867 -13.923 -11.821   0.297   0.526   0.769   1.025   1.035
  151  6750  5.00 -1.00  2.00  1.25  0.00 -17.733 -17.321 -16.784 -15.864 -13.926 -11.822   0.305   0.539   0.782   1.042   1.051
  152  7000  0.50 -1.00  2.00  1.25  0.00 -18.077 -17.510 -16.933 -15.917 -13.875 -11.814   0.150   0.345   0.492   0.649   0.699
  153  7000  1.00 -1.00  2.00  1.25  0.00 -18.067 -17.512 -16.931 -15.932 -13.899 -11.828   0.162   0.352   0.517   0.682   0.724
  154  7000  1.50 -1.00  2.00  1.25  0.00 -18.056 -17.515 -16.930 -15.944 -13.918 -11.840   0.176   0.362   0.539   0.712   0.746
  155  7000  2.00 -1.00  2.00  1.25  0.00 -18.044 -17.519 -16.930 -15.953 -13.934 -11.849   0.192   0.374   0.560   0.740   0.768
  156  7000  2.50 -1.00  2.00  1.25  0.00 -18.024 -17.515 -16.926 -15.957 -13.946 -11.856   0.208   0.390   0.584   0.772   0.794
  157  7000  3.00 -1.00  2.00  1.25  0.00 -17.999 -17.505 -16.919 -15.957 -13.955 -11.859   0.224   0.409   0.610   0.806   0.823
  158  7000  3.50 -1.00  2.00  1.25  0.00 -17.971 -17.492 -16.911 -15.954 -13.960 -11.861   0.238   0.428   0.634   0.839   0.852
  159  7000  4.00 -1.00  2.00  1.25  0.00 -17.942 -17.477 -16.902 -15.950 -13.964 -11.861   0.252   0.447   0.658   0.871   0.881
  160  7000  4.50 -1.00  2.00  1.25  0.00 -17.916 -17.463 -16.894 -15.945 -13.966 -11.861   0.264   0.466   0.679   0.900   0.907
  161  7000  5.00 -1.00  2.00  1.25  0.00 -17.895 -17.451 -16.889 -15.941 -13.968 -11.862   0.273   0.482   0.697   0.923   0.929
  162  7250  0.50 -1.00  2.00  1.25  0.00 -18.233 -17.633 -17.034 -15.983 -13.911 -11.848   0.117   0.289   0.401   0.529   0.577
  163  7250  1.00 -1.00  2.00  1.25  0.00 -18.225 -17.633 -17.030 -15.997 -13.933 -11.861   0.125   0.293   0.424   0.558   0.598
  164  7250  1.50 -1.00  2.00  1.25  0.00 -18.216 -17.635 -17.028 -16.009 -13.951 -11.873   0.136   0.300   0.444   0.585   0.619
  165  7250  2.00 -1.00  2.00  1.25  0.00 -18.204 -17.638 -17.026 -16.018 -13.967 -11.883   0.151   0.310   0.465   0.613   0.641
  166  7250  2.50 -1.00  2.00  1.25  0.00 -18.189 -17.640 -17.026 -16.026 -13.981 -11.891   0.168   0.325   0.488   0.642   0.664
  167  7250  3.00 -1.00  2.00  1.25  0.00 -18.166 -17.634 -17.021 -16.029 -13.991 -11.896   0.185   0.343   0.513   0.675   0.692
  168  7250  3.50 -1.00  2.00  1.25  0.00 -18.138 -17.623 -17.013 -16.028 -13.999 -11.899   0.201   0.363   0.540   0.710   0.723
  169  7250  4.00 -1.00  2.00  1.25  0.00 -18.108 -17.608 -17.005 -16.024 -14.003 -11.900   0.217   0.384   0.567   0.745   0.754
  170  7250  4.50 -1.00  2.00  1.25  0.00 -18.078 -17.592 -16.996 -16.019 -14.006 -11.900   0.231   0.406   0.591   0.778   0.784
  171  7250  5.00 -1.00  2.00  1.25  0.00 -18.052 -17.577 -16.989 -16.014 -14.008 -11.900   0.242   0.425   0.613   0.806   0.811
  172  7500  0.50 -1.00  2.00  1.25  0.00 -18.373 -17.757 -17.134 -16.050 -13.954 -11.887   0.101   0.250   0.328   0.431   0.476
  173  7500  1.00 -1.00  2.00  1.25  0.00 -18.368 -17.746 -17.124 -16.060 -13.968 -11.895   0.095   0.243   0.342   0.450   0.488
  174  7500  1.50 -1.00  2.00  1.25  0.00 -18.363 -17.749 -17.121 -16.071 -13.985 -11.906   0.103   0.246   0.360   0.473   0.505
  175  7500  2.00 -1.00  2.00  1.25  0.00 -18.353 -17.751 -17.118 -16.080 -14.000 -11.915   0.115   0.253   0.379   0.498   0.525
  176  7500  2.50 -1.00  2.00  1.25  0.00 -18.339 -17.752 -17.116 -16.088 -14.014 -11.924   0.130   0.265   0.400   0.525   0.547
  177  7500  3.00 -1.00  2.00  1.25  0.00 -18.322 -17.753 -17.115 -16.094 -14.026 -11.931   0.147   0.280   0.423   0.554   0.570
  178  7500  3.50 -1.00  2.00  1.25  0.00 -18.297 -17.745 -17.109 -16.096 -14.035 -11.935   0.165   0.301   0.450   0.588   0.600
  179  7500  4.00 -1.00  2.00  1.25  0.00 -18.266 -17.732 -17.102 -16.094 -14.041 -11.937   0.182   0.323   0.478   0.625   0.633
  180  7500  4.50 -1.00  2.00  1.25  0.00 -18.235 -17.715 -17.093 -16.089 -14.045 -11.938   0.198   0.346   0.506   0.661   0.666
  181  7500  5.00 -1.00  2.00  1.25  0.00 -18.204 -17.699 -17.085 -16.084 -14.048 -11.938   0.212   0.368   0.531   0.693   0.696
  182  7750  1.00 -1.00  2.00  1.25  0.00 -18.496 -17.854 -17.212 -16.120 -14.007 -11.931   0.075   0.205   0.275   0.361   0.397
  183  7750  1.50 -1.00  2.00  1.25  0.00 -18.495 -17.854 -17.208 -16.130 -14.020 -11.939   0.077   0.201   0.287   0.376   0.406
  184  7750  2.00 -1.00  2.00  1.25  0.00 -18.489 -17.857 -17.205 -16.140 -14.034 -11.948   0.085   0.204   0.302   0.395   0.421
  185  7750  2.50 -1.00  2.00  1.25  0.00 -18.478 -17.858 -17.201 -16.147 -14.047 -11.957   0.097   0.211   0.320   0.419   0.441
  186  7750  3.00 -1.00  2.00  1.25  0.00 -18.463 -17.858 -17.199 -16.153 -14.059 -11.964   0.113   0.224   0.341   0.446   0.463
  187  7750  3.50 -1.00  2.00  1.25  0.00 -18.444 -17.857 -17.197 -16.158 -14.069 -11.969   0.130   0.242   0.365   0.475   0.488
  188  7750  4.00 -1.00  2.00  1.25  0.00 -18.416 -17.847 -17.192 -16.158 -14.077 -11.973   0.149   0.264   0.394   0.511   0.519
  189  7750  4.50 -1.00  2.00  1.25  0.00 -18.384 -17.833 -17.184 -16.156 -14.082 -11.975   0.166   0.288   0.423   0.548   0.553
  190  7750  5.00 -1.00  2.00  1.25  0.00 -18.351 -17.815 -17.176 -16.151 -14.085 -11.975   0.182   0.313   0.451   0.584   0.586
  191  8000  1.00 -1.00  2.00  1.25  0.00 -18.603 -17.955 -17.296 -16.179 -14.049 -11.970   0.069   0.181   0.227   0.296   0.328
  192  8000  1.50 -1.00  2.00  1.25  0.00 -18.611 -17.951 -17.288 -16.186 -14.057 -11.973   0.058   0.166   0.227   0.297   0.325
  193  8000  2.00 -1.00  2.00  1.25  0.00 -18.610 -17.954 -17.285 -16.195 -14.068 -11.981   0.062   0.163   0.236   0.309   0.333
  194  8000  2.50 -1.00  2.00  1.25  0.00 -18.603 -17.957 -17.282 -16.202 -14.080 -11.989   0.071   0.167   0.250   0.327   0.348
  195  8000  3.00 -1.00  2.00  1.25  0.00 -18.591 -17.957 -17.278 -16.208 -14.091 -11.996   0.083   0.175   0.268   0.350   0.367
  196  8000  3.50 -1.00  2.00  1.25  0.00 -18.575 -17.957 -17.276 -16.214 -14.101 -12.002   0.099   0.189   0.290   0.376   0.389
  197  8000  4.00 -1.00  2.00  1.25  0.00 -18.554 -17.954 -17.274 -16.218 -14.110 -12.007   0.116   0.208   0.314   0.406   0.414
  198  8000  4.50 -1.00  2.00  1.25  0.00 -18.525 -17.942 -17.269 -16.217 -14.117 -12.009   0.135   0.232   0.344   0.442   0.447
  199  8000  5.00 -1.00  2.00  1.25  0.00 -18.491 -17.926 -17.262 -16.213 -14.121 -12.010   0.152   0.258   0.373   0.480   0.481
  200  8250  1.00 -1.00  2.00  1.25  0.00 -18.687 -18.046 -17.371 -16.235 -14.094 -12.011   0.077   0.172   0.199   0.258   0.287
  201  8250  1.50 -1.00  2.00  1.25  0.00 -18.711 -18.041 -17.364 -16.240 -14.095 -12.008   0.047   0.141   0.179   0.234   0.259
  202  8250  2.00 -1.00  2.00  1.25  0.00 -18.715 -18.043 -17.359 -16.247 -14.104 -12.013   0.045   0.132   0.183   0.238   0.260
  203  8250  2.50 -1.00  2.00  1.25  0.00 -18.713 -18.046 -17.355 -16.254 -14.113 -12.020   0.050   0.130   0.192   0.250   0.269
  204  8250  3.00 -1.00  2.00  1.25  0.00 -18.706 -18.048 -17.352 -16.260 -14.123 -12.027   0.059   0.134   0.205   0.267   0.283
  205  8250  3.50 -1.00  2.00  1.25  0.00 -18.693 -18.047 -17.348 -16.265 -14.133 -12.033   0.071   0.144   0.223   0.290   0.303
  206  8250  4.00 -1.00  2.00  1.25  0.00 -18.678 -18.048 -17.348 -16.270 -14.142 -12.039   0.087   0.159   0.244   0.314   0.323
  207  8250  4.50 -1.00  2.00  1.25  0.00 -18.655 -18.043 -17.347 -16.274 -14.150 -12.042   0.105   0.180   0.269   0.345   0.349
  208  8250  5.00 -1.00  2.00  1.25  0.00 -18.624 -18.030 -17.342 -16.272 -14.155 -12.044   0.123   0.206   0.299   0.381   0.382
  209  8500  1.50 -1.00  2.00  1.25  0.00 -18.799 -18.124 -17.433 -16.291 -14.134 -12.044   0.042   0.123   0.143   0.186   0.207
  210  8500  2.00 -1.00  2.00  1.25  0.00 -18.809 -18.125 -17.428 -16.297 -14.139 -12.046   0.033   0.107   0.139   0.180   0.199
  211  8500  2.50 -1.00  2.00  1.25  0.00 -18.811 -18.128 -17.423 -16.303 -14.147 -12.051   0.034   0.101   0.143   0.186   0.203
  212  8500  3.00 -1.00  2.00  1.25  0.00 -18.807 -18.131 -17.420 -16.309 -14.155 -12.057   0.040   0.101   0.152   0.198   0.212
  213  8500  3.50 -1.00  2.00  1.25  0.00 -18.799 -18.132 -17.417 -16.314 -14.164 -12.063   0.050   0.106   0.166   0.215   0.226
  214  8500  4.00 -1.00  2.00  1.25  0.00 -18.785 -18.130 -17.414 -16.318 -14.172 -12.069   0.062   0.117   0.184   0.237   0.246
  215  8500  4.50 -1.00  2.00  1.25  0.00 -18.771 -18.132 -17.416 -16.324 -14.181 -12.074   0.078   0.133   0.203   0.260   0.264
  216  8500  5.00 -1.00  2.00  1.25  0.00 -18.747 -18.126 -17.415 -16.326 -14.188 -12.076   0.096   0.156   0.230   0.290   0.291
  217  8750  1.50 -1.00  2.00  1.25  0.00 -18.874 -18.200 -17.497 -16.339 -14.174 -12.080   0.043   0.111   0.116   0.149   0.168
  218  8750  2.00 -1.00  2.00  1.25  0.00 -18.891 -18.200 -17.492 -16.344 -14.175 -12.079   0.026   0.089   0.103   0.134   0.150
  219  8750  2.50 -1.00  2.00  1.25  0.00 -18.897 -18.203 -17.487 -16.349 -14.180 -12.082   0.023   0.078   0.103   0.133   0.147
  220  8750  3.00 -1.00  2.00  1.25  0.00 -18.897 -18.206 -17.483 -16.354 -14.187 -12.087   0.026   0.074   0.108   0.140   0.152
  221  8750  3.50 -1.00  2.00  1.25  0.00 -18.893 -18.208 -17.479 -16.359 -14.194 -12.092   0.033   0.074   0.117   0.151   0.161
  222  8750  4.00 -1.00  2.00  1.25  0.00 -18.883 -18.208 -17.476 -16.363 -14.202 -12.098   0.042   0.081   0.131   0.168   0.176
  223  8750  4.50 -1.00  2.00  1.25  0.00 -18.871 -18.209 -17.476 -16.367 -14.210 -12.103   0.055   0.093   0.148   0.189   0.194
  224  8750  5.00 -1.00  2.00  1.25  0.00 -18.858 -18.211 -17.481 -16.374 -14.218 -12.107   0.070   0.111   0.167   0.210   0.211
  225  9000  1.50 -1.00  2.00  0.00  0.00 -18.942 -18.268 -17.555 -16.383 -14.212 -12.116   0.043   0.101   0.092   0.120   0.136
  226  9000  2.00 -1.00  2.00  0.00  0.00 -18.966 -18.271 -17.552 -16.389 -14.211 -12.112   0.022   0.074   0.074   0.095   0.108
  227  9000  2.50 -1.00  2.00  0.00  0.00 -18.974 -18.273 -17.547 -16.393 -14.214 -12.113   0.016   0.060   0.070   0.090   0.101
  228  9000  3.00 -1.00  2.00  0.00  0.00 -18.977 -18.276 -17.542 -16.398 -14.219 -12.116   0.016   0.052   0.071   0.092   0.101
  229  9000  3.50 -1.00  2.00  0.00  0.00 -18.976 -18.278 -17.537 -16.402 -14.225 -12.120   0.019   0.049   0.077   0.099   0.106
  230  9000  4.00 -1.00  2.00  0.00  0.00 -18.971 -18.280 -17.534 -16.405 -14.231 -12.125   0.026   0.051   0.085   0.110   0.116
  231  9000  4.50 -1.00  2.00  0.00  0.00 -18.960 -18.279 -17.532 -16.408 -14.238 -12.130   0.036   0.060   0.099   0.127   0.132
  232  9000  5.00 -1.00  2.00  0.00  0.00 -18.944 -18.275 -17.530 -16.410 -14.244 -12.134   0.048   0.075   0.117   0.150   0.152
  233  9250  2.00 -1.00  2.00  0.00  0.00 -19.034 -18.337 -17.608 -16.432 -14.246 -12.144   0.019   0.062   0.049   0.062   0.072
  234  9250  2.50 -1.00  2.00  0.00  0.00 -19.045 -18.338 -17.603 -16.435 -14.247 -12.144   0.010   0.045   0.041   0.052   0.060
  235  9250  3.00 -1.00  2.00  0.00  0.00 -19.050 -18.341 -17.597 -16.439 -14.250 -12.145   0.007   0.035   0.040   0.050   0.057
  236  9250  3.50 -1.00  2.00  0.00  0.00 -19.052 -18.344 -17.592 -16.442 -14.255 -12.148   0.009   0.029   0.042   0.053   0.059
  237  9250  4.00 -1.00  2.00  0.00  0.00 -19.049 -18.346 -17.589 -16.446 -14.260 -12.152   0.014   0.028   0.048   0.061   0.065
  238  9250  4.50 -1.00  2.00  0.00  0.00 -19.043 -18.347 -17.587 -16.449 -14.266 -12.157   0.021   0.032   0.057   0.073   0.076
  239  9250  5.00 -1.00  2.00  0.00  0.00 -19.031 -18.345 -17.586 -16.452 -14.272 -12.161   0.031   0.043   0.071   0.091   0.092
  240  9500  2.00 -1.00  2.00  0.00  0.00 -19.098 -18.398 -17.660 -16.473 -14.280 -12.176   0.017   0.050   0.026   0.032   0.040
  241  9500  2.50 -1.00  2.00  0.00  0.00 -19.111 -18.399 -17.655 -16.475 -14.280 -12.174   0.006   0.033   0.016   0.019   0.025
  242  9500  3.00 -1.00  2.00  0.00  0.00 -19.117 -18.401 -17.649 -16.478 -14.281 -12.174   0.001   0.021   0.012   0.015   0.019
  243  9500  3.50 -1.00  2.00  0.00  0.00 -19.120 -18.404 -17.644 -16.481 -14.284 -12.176   0.001   0.013   0.012   0.015   0.018
  244  9500  4.00 -1.00  2.00  0.00  0.00 -19.120 -18.407 -17.640 -16.484 -14.289 -12.179   0.004   0.008   0.015   0.018   0.020
  245  9500  4.50 -1.00  2.00  0.00  0.00 -19.117 -18.409 -17.638 -16.487 -14.293 -12.182   0.009   0.009   0.021   0.026   0.027
  246  9500  5.00 -1.00  2.00  0.00  0.00 -19.110 -18.409 -17.637 -16.490 -14.299 -12.187   0.016   0.015   0.031   0.039   0.038
  247  9750  2.00 -1.00  2.00  0.00  0.00 -19.158 -18.456 -17.709 -16.511 -14.313 -12.206   0.015   0.039   0.004   0.004   0.009
  248  9750  2.50 -1.00  2.00  0.00  0.00 -19.172 -18.457 -17.705 -16.514 -14.311 -12.203   0.002   0.021  -0.007  -0.010  -0.007
  249  9750  3.00 -1.00  2.00  0.00  0.00 -19.179 -18.458 -17.699 -16.516 -14.312 -12.202  -0.003   0.008  -0.012  -0.017  -0.014
  250  9750  3.50 -1.00  2.00  0.00  0.00 -19.183 -18.460 -17.693 -16.518 -14.314 -12.203  -0.005  -0.001  -0.014  -0.019  -0.018
  251  9750  4.00 -1.00  2.00  0.00  0.00 -19.185 -18.464 -17.689 -16.521 -14.317 -12.205  -0.004  -0.008  -0.013  -0.018  -0.018
  252  9750  4.50 -1.00  2.00  0.00  0.00 -19.185 -18.467 -17.686 -16.524 -14.321 -12.208  -0.001  -0.011  -0.010  -0.014  -0.015
  253  9750  5.00 -1.00  2.00  0.00  0.00 -19.181 -18.468 -17.685 -16.526 -14.325 -12.211   0.004  -0.008  -0.004  -0.006  -0.008
  254 10000  2.00 -1.00  2.00  0.00  0.00 -19.216 -18.511 -17.756 -16.549 -14.344 -12.235   0.012   0.028  -0.016  -0.022  -0.019
  255 10000  2.50 -1.00  2.00  0.00  0.00 -19.230 -18.512 -17.752 -16.551 -14.342 -12.231  -0.001   0.010  -0.028  -0.038  -0.037
  256 10000  3.00 -1.00  2.00  0.00  0.00 -19.237 -18.512 -17.745 -16.552 -14.341 -12.229  -0.007  -0.003  -0.034  -0.045  -0.045
  257 10000  3.50 -1.00  2.00  0.00  0.00 -19.241 -18.514 -17.739 -16.553 -14.342 -12.229  -0.010  -0.014  -0.037  -0.049  -0.050
  258 10000  4.00 -1.00  2.00  0.00  0.00 -19.245 -18.517 -17.735 -16.555 -14.344 -12.230  -0.011  -0.022  -0.038  -0.050  -0.052
  259 10000  4.50 -1.00  2.00  0.00  0.00 -19.247 -18.520 -17.732 -16.558 -14.347 -12.232  -0.009  -0.027  -0.037  -0.049  -0.052
  260 10000  5.00 -1.00  2.00  0.00  0.00 -19.246 -18.523 -17.731 -16.561 -14.351 -12.235  -0.006  -0.027  -0.034  -0.045  -0.048
  261 10500  2.00 -1.00  2.00  0.00  0.00 -19.324 -18.614 -17.843 -16.620 -14.404 -12.291   0.007   0.007  -0.053  -0.070  -0.071
  262 10500  2.50 -1.00  2.00  0.00  0.00 -19.338 -18.614 -17.839 -16.621 -14.400 -12.284  -0.007  -0.011  -0.066  -0.088  -0.092
  263 10500  3.00 -1.00  2.00  0.00  0.00 -19.344 -18.613 -17.832 -16.620 -14.397 -12.281  -0.014  -0.024  -0.073  -0.097  -0.102
  264 10500  3.50 -1.00  2.00  0.00  0.00 -19.348 -18.613 -17.826 -16.620 -14.397 -12.279  -0.018  -0.035  -0.077  -0.102  -0.107
  265 10500  4.00 -1.00  2.00  0.00  0.00 -19.352 -18.614 -17.820 -16.621 -14.397 -12.279  -0.020  -0.044  -0.080  -0.105  -0.111
  266 10500  4.50 -1.00  2.00  0.00  0.00 -19.356 -18.618 -17.817 -16.623 -14.399 -12.280  -0.021  -0.051  -0.082  -0.107  -0.114
  267 10500  5.00 -1.00  2.00  0.00  0.00 -19.359 -18.622 -17.815 -16.625 -14.401 -12.282  -0.020  -0.056  -0.083  -0.108  -0.115
  268 11000  2.50 -1.00  2.00  0.00  0.00 -19.438 -18.708 -17.919 -16.686 -14.455 -12.335  -0.013  -0.031  -0.101  -0.133  -0.141
  269 11000  3.00 -1.00  2.00  0.00  0.00 -19.443 -18.705 -17.912 -16.684 -14.451 -12.330  -0.021  -0.043  -0.108  -0.142  -0.151
  270 11000  3.50 -1.00  2.00  0.00  0.00 -19.446 -18.704 -17.904 -16.682 -14.448 -12.326  -0.025  -0.054  -0.113  -0.148  -0.158
  271 11000  4.00 -1.00  2.00  0.00  0.00 -19.449 -18.704 -17.898 -16.682 -14.447 -12.325  -0.028  -0.063  -0.116  -0.152  -0.162
  272 11000  4.50 -1.00  2.00  0.00  0.00 -19.453 -18.706 -17.894 -16.682 -14.447 -12.325  -0.030  -0.071  -0.119  -0.155  -0.166
  273 11000  5.00 -1.00  2.00  0.00  0.00 -19.457 -18.710 -17.892 -16.684 -14.449 -12.326  -0.030  -0.078  -0.122  -0.158  -0.169
  274 11500  2.50 -1.00  2.00  0.00  0.00 -19.530 -18.794 -17.993 -16.747 -14.507 -12.383  -0.018  -0.048  -0.132  -0.173  -0.185
  275 11500  3.00 -1.00  2.00  0.00  0.00 -19.534 -18.791 -17.985 -16.744 -14.501 -12.376  -0.026  -0.061  -0.139  -0.183  -0.196
  276 11500  3.50 -1.00  2.00  0.00  0.00 -19.536 -18.788 -17.977 -16.741 -14.497 -12.372  -0.031  -0.071  -0.144  -0.189  -0.203
  277 11500  4.00 -1.00  2.00  0.00  0.00 -19.538 -18.787 -17.971 -16.739 -14.495 -12.369  -0.035  -0.080  -0.148  -0.194  -0.208
  278 11500  4.50 -1.00  2.00  0.00  0.00 -19.541 -18.788 -17.965 -16.739 -14.494 -12.367  -0.037  -0.088  -0.152  -0.198  -0.212
  279 11500  5.00 -1.00  2.00  0.00  0.00 -19.546 -18.791 -17.962 -16.740 -14.494 -12.368  -0.038  -0.096  -0.155  -0.202  -0.216
  280 12000  2.50 -1.00  2.00  0.00  0.00 -19.615 -18.874 -18.062 -16.804 -14.555 -12.428  -0.024  -0.065  -0.160  -0.210  -0.225
  281 12000  3.00 -1.00  2.00  0.00  0.00 -19.619 -18.871 -18.054 -16.801 -14.549 -12.421  -0.032  -0.077  -0.168  -0.220  -0.237
  282 12000  3.50 -1.00  2.00  0.00  0.00 -19.621 -18.867 -18.046 -16.797 -14.544 -12.415  -0.037  -0.087  -0.173  -0.227  -0.244
  283 12000  4.00 -1.00  2.00  0.00  0.00 -19.622 -18.865 -18.039 -16.794 -14.540 -12.411  -0.040  -0.096  -0.177  -0.232  -0.249
  284 12000  4.50 -1.00  2.00  0.00  0.00 -19.624 -18.864 -18.033 -16.792 -14.538 -12.408  -0.043  -0.104  -0.181  -0.236  -0.254
  285 12000  5.00 -1.00  2.00  0.00  0.00 -19.628 -18.866 -18.029 -16.792 -14.538 -12.407  -0.045  -0.111  -0.185  -0.240  -0.259
  286 12500  2.50 -1.00  2.00  0.00  0.00 -19.695 -18.949 -18.127 -16.857 -14.601 -12.471  -0.029  -0.080  -0.187  -0.244  -0.263
  287 12500  3.00 -1.00  2.00  0.00  0.00 -19.699 -18.945 -18.119 -16.854 -14.594 -12.463  -0.037  -0.092  -0.194  -0.255  -0.274
  288 12500  3.50 -1.00  2.00  0.00  0.00 -19.700 -18.941 -18.110 -16.850 -14.589 -12.456  -0.042  -0.102  -0.199  -0.261  -0.282
  289 12500  4.00 -1.00  2.00  0.00  0.00 -19.701 -18.938 -18.103 -16.846 -14.585 -12.452  -0.046  -0.110  -0.203  -0.266  -0.287
  290 12500  4.50 -1.00  2.00  0.00  0.00 -19.702 -18.937 -18.096 -16.844 -14.581 -12.448  -0.048  -0.118  -0.207  -0.271  -0.292
  291 12500  5.00 -1.00  2.00  0.00  0.00 -19.705 -18.937 -18.092 -16.843 -14.580 -12.446  -0.051  -0.125  -0.211  -0.275  -0.297
  292 13000  2.50 -1.00  2.00  0.00  0.00 -19.771 -19.019 -18.188 -16.908 -14.644 -12.511  -0.035  -0.095  -0.212  -0.277  -0.298
  293 13000  3.00 -1.00  2.00  0.00  0.00 -19.774 -19.014 -18.180 -16.904 -14.637 -12.503  -0.042  -0.106  -0.219  -0.287  -0.309
  294 13000  3.50 -1.00  2.00  0.00  0.00 -19.774 -19.010 -18.171 -16.900 -14.631 -12.496  -0.047  -0.115  -0.223  -0.293  -0.316
  295 13000  4.00 -1.00  2.00  0.00  0.00 -19.775 -19.007 -18.163 -16.896 -14.627 -12.491  -0.051  -0.123  -0.227  -0.298  -0.322
  296 13000  4.50 -1.00  2.00  0.00  0.00 -19.776 -19.005 -18.157 -16.893 -14.623 -12.487  -0.053  -0.131  -0.232  -0.303  -0.327
  297 13000  5.00 -1.00  2.00  0.00  0.00 -19.778 -19.005 -18.152 -16.891 -14.620 -12.484  -0.056  -0.138  -0.236  -0.308  -0.332
  298 14000  2.00 -1.00  2.00  0.00  0.00 -19.899 -19.153 -18.309 -17.007 -14.736 -12.599  -0.029  -0.102  -0.241  -0.313  -0.338
  299 14000  2.50 -1.00  2.00  0.00  0.00 -19.912 -19.150 -18.302 -17.003 -14.725 -12.586  -0.045  -0.122  -0.258  -0.336  -0.364
  300 14000  3.00 -1.00  2.00  0.00  0.00 -19.912 -19.143 -18.292 -16.997 -14.717 -12.577  -0.052  -0.133  -0.264  -0.345  -0.374
  301 14000  3.50 -1.00  2.00  0.00  0.00 -19.911 -19.137 -18.282 -16.992 -14.711 -12.570  -0.057  -0.141  -0.268  -0.350  -0.380
  302 14000  4.00 -1.00  2.00  0.00  0.00 -19.911 -19.134 -18.275 -16.988 -14.706 -12.564  -0.060  -0.148  -0.271  -0.355  -0.385
  303 14000  4.50 -1.00  2.00  0.00  0.00 -19.911 -19.132 -18.268 -16.985 -14.702 -12.560  -0.062  -0.155  -0.275  -0.360  -0.390
  304 14000  5.00 -1.00  2.00  0.00  0.00 -19.913 -19.131 -18.263 -16.983 -14.698 -12.556  -0.065  -0.162  -0.279  -0.365  -0.395
  305 15000  2.50 -1.00  2.00  0.00  0.00 -20.042 -19.270 -18.408 -17.092 -14.801 -12.657  -0.054  -0.146  -0.299  -0.390  -0.423
  306 15000  3.00 -1.00  2.00  0.00  0.00 -20.039 -19.261 -18.395 -17.084 -14.791 -12.645  -0.062  -0.157  -0.305  -0.398  -0.432
  307 15000  3.50 -1.00  2.00  0.00  0.00 -20.036 -19.253 -18.384 -17.077 -14.784 -12.637  -0.066  -0.164  -0.308  -0.402  -0.437
  308 15000  4.00 -1.00  2.00  0.00  0.00 -20.034 -19.249 -18.376 -17.073 -14.778 -12.632  -0.069  -0.170  -0.310  -0.406  -0.441
  309 15000  4.50 -1.00  2.00  0.00  0.00 -20.034 -19.246 -18.370 -17.070 -14.774 -12.627  -0.071  -0.177  -0.314  -0.410  -0.445
  310 15000  5.00 -1.00  2.00  0.00  0.00 -20.036 -19.246 -18.365 -17.067 -14.771 -12.623  -0.073  -0.183  -0.318  -0.415  -0.450
  311 16000  2.50 -1.00  2.00  0.00  0.00 -20.164 -19.384 -18.508 -17.178 -14.875 -12.725  -0.063  -0.168  -0.335  -0.439  -0.477
  312 16000  3.00 -1.00  2.00  0.00  0.00 -20.158 -19.370 -18.492 -17.166 -14.861 -12.711  -0.071  -0.178  -0.341  -0.447  -0.485
  313 16000  3.50 -1.00  2.00  0.00  0.00 -20.152 -19.360 -18.479 -17.157 -14.852 -12.701  -0.074  -0.185  -0.344  -0.450  -0.489
  314 16000  4.00 -1.00  2.00  0.00  0.00 -20.148 -19.354 -18.470 -17.152 -14.846 -12.695  -0.077  -0.191  -0.346  -0.452  -0.492
  315 16000  4.50 -1.00  2.00  0.00  0.00 -20.147 -19.351 -18.463 -17.148 -14.842 -12.690  -0.079  -0.196  -0.348  -0.456  -0.495
  316 16000  5.00 -1.00  2.00  0.00  0.00 -20.148 -19.351 -18.459 -17.145 -14.839 -12.686  -0.081  -0.202  -0.352  -0.460  -0.500
  317 17000  2.50 -1.00  2.00  0.00  0.00 -20.280 -19.493 -18.605 -17.260 -14.946 -12.791  -0.070  -0.187  -0.369  -0.483  -0.526
  318 17000  3.00 -1.00  2.00  0.00  0.00 -20.270 -19.475 -18.584 -17.244 -14.929 -12.774  -0.078  -0.198  -0.375  -0.491  -0.535
  319 17000  3.50 -1.00  2.00  0.00  0.00 -20.261 -19.462 -18.569 -17.233 -14.918 -12.762  -0.082  -0.204  -0.377  -0.493  -0.537
  320 17000  4.00 -1.00  2.00  0.00  0.00 -20.255 -19.454 -18.558 -17.226 -14.910 -12.755  -0.085  -0.209  -0.378  -0.495  -0.539
  321 17000  4.50 -1.00  2.00  0.00  0.00 -20.253 -19.449 -18.551 -17.221 -14.905 -12.749  -0.086  -0.214  -0.380  -0.497  -0.541
  322 17000  5.00 -1.00  2.00  0.00  0.00 -20.253 -19.448 -18.546 -17.219 -14.902 -12.746  -0.088  -0.219  -0.383  -0.501  -0.546
  323 18000  2.50 -1.00  2.00  0.00  0.00 -20.390 -19.597 -18.698 -17.341 -15.017 -12.858  -0.076  -0.204  -0.398  -0.523  -0.571
  324 18000  3.00 -1.00  2.00  0.00  0.00 -20.377 -19.575 -18.673 -17.321 -14.995 -12.836  -0.086  -0.216  -0.405  -0.532  -0.579
  325 18000  3.50 -1.00  2.00  0.00  0.00 -20.365 -19.558 -18.655 -17.307 -14.981 -12.821  -0.089  -0.222  -0.407  -0.533  -0.581
  326 18000  4.00 -1.00  2.00  0.00  0.00 -20.356 -19.548 -18.642 -17.297 -14.972 -12.812  -0.092  -0.227  -0.408  -0.534  -0.582
  327 18000  4.50 -1.00  2.00  0.00  0.00 -20.352 -19.542 -18.633 -17.292 -14.966 -12.806  -0.094  -0.231  -0.410  -0.536  -0.584
  328 18000  5.00 -1.00  2.00  0.00  0.00 -20.352 -19.539 -18.628 -17.288 -14.962 -12.802  -0.095  -0.235  -0.412  -0.539  -0.588
  329 19000  2.50 -1.00  2.00  0.00  0.00 -20.497 -19.698 -18.790 -17.421 -15.087 -12.923  -0.081  -0.218  -0.425  -0.559  -0.612
  330 19000  3.00 -1.00  2.00  0.00  0.00 -20.480 -19.671 -18.760 -17.395 -15.061 -12.897  -0.092  -0.232  -0.434  -0.569  -0.621
  331 19000  3.50 -1.00  2.00  0.00  0.00 -20.464 -19.651 -18.738 -17.378 -15.044 -12.880  -0.096  -0.238  -0.435  -0.570  -0.622
  332 19000  4.00 -1.00  2.00  0.00  0.00 -20.453 -19.638 -18.723 -17.366 -15.032 -12.868  -0.098  -0.242  -0.435  -0.571  -0.622
  333 19000  4.50 -1.00  2.00  0.00  0.00 -20.447 -19.630 -18.713 -17.359 -15.025 -12.861  -0.100  -0.246  -0.437  -0.572  -0.624
  334 19000  5.00 -1.00  2.00  0.00  0.00 -20.445 -19.626 -18.707 -17.355 -15.020 -12.856  -0.102  -0.250  -0.439  -0.575  -0.627
  335 20000  3.00 -1.00  2.00  0.00  0.00 -20.579 -19.764 -18.844 -17.468 -15.125 -12.956  -0.098  -0.247  -0.460  -0.604  -0.661
  336 20000  3.50 -1.00  2.00  0.00  0.00 -20.559 -19.740 -18.818 -17.448 -15.104 -12.936  -0.102  -0.253  -0.461  -0.605  -0.661
  337 20000  4.00 -1.00  2.00  0.00  0.00 -20.545 -19.724 -18.801 -17.434 -15.091 -12.923  -0.104  -0.257  -0.461  -0.605  -0.660
  338 20000  4.50 -1.00  2.00  0.00  0.00 -20.538 -19.715 -18.789 -17.425 -15.082 -12.914  -0.106  -0.260  -0.462  -0.606  -0.662
  339 20000  5.00 -1.00  2.00  0.00  0.00 -20.534 -19.710 -18.782 -17.419 -15.076 -12.908  -0.108  -0.264  -0.464  -0.608  -0.664
  340 21000  3.00 -1.00  2.00  0.00  0.00 -20.675 -19.855 -18.927 -17.541 -15.188 -13.015  -0.103  -0.261  -0.483  -0.637  -0.698
  341 21000  3.50 -1.00  2.00  0.00  0.00 -20.651 -19.826 -18.897 -17.516 -15.164 -12.992  -0.108  -0.267  -0.485  -0.637  -0.698
  342 21000  4.00 -1.00  2.00  0.00  0.00 -20.635 -19.808 -18.877 -17.499 -15.149 -12.977  -0.110  -0.270  -0.484  -0.636  -0.696
  343 21000  4.50 -1.00  2.00  0.00  0.00 -20.625 -19.796 -18.863 -17.489 -15.138 -12.966  -0.112  -0.273  -0.485  -0.637  -0.697
  344 21000  5.00 -1.00  2.00  0.00  0.00 -20.620 -19.790 -18.855 -17.482 -15.131 -12.959  -0.113  -0.277  -0.487  -0.639  -0.699
  345 22000  3.00 -1.00  2.00  0.00  0.00 -20.769 -19.944 -19.008 -17.613 -15.252 -13.073  -0.108  -0.273  -0.505  -0.667  -0.733
  346 22000  3.50 -1.00  2.00  0.00  0.00 -20.741 -19.910 -18.973 -17.582 -15.223 -13.046  -0.113  -0.280  -0.507  -0.668  -0.733
  347 22000  4.00 -1.00  2.00  0.00  0.00 -20.721 -19.889 -18.950 -17.563 -15.205 -13.028  -0.115  -0.283  -0.507  -0.667  -0.731
  348 22000  4.50 -1.00  2.00  0.00  0.00 -20.709 -19.875 -18.935 -17.551 -15.193 -13.017  -0.117  -0.286  -0.507  -0.666  -0.730
  349 22000  5.00 -1.00  2.00  0.00  0.00 -20.703 -19.868 -18.926 -17.543 -15.185 -13.009  -0.118  -0.289  -0.509  -0.668  -0.733
  350 23000  3.00 -1.00  2.00  0.00  0.00 -20.860 -20.031 -19.089 -17.684 -15.316 -13.133  -0.112  -0.283  -0.525  -0.694  -0.765
  351 23000  3.50 -1.00  2.00  0.00  0.00 -20.828 -19.993 -19.048 -17.649 -15.281 -13.099  -0.118  -0.292  -0.528  -0.697  -0.767
  352 23000  4.00 -1.00  2.00  0.00  0.00 -20.805 -19.968 -19.022 -17.626 -15.260 -13.079  -0.121  -0.295  -0.528  -0.696  -0.765
  353 23000  4.50 -1.00  2.00  0.00  0.00 -20.791 -19.952 -19.005 -17.612 -15.246 -13.065  -0.122  -0.298  -0.528  -0.695  -0.764
  354 23000  5.00 -1.00  2.00  0.00  0.00 -20.783 -19.943 -18.995 -17.603 -15.237 -13.057  -0.123  -0.301  -0.529  -0.696  -0.765
  355 24000  3.00 -1.00  2.00  0.00  0.00 -20.950 -20.117 -19.168 -17.755 -15.380 -13.192  -0.117  -0.294  -0.544  -0.720  -0.796
  356 24000  3.50 -1.00  2.00  0.00  0.00 -20.913 -20.073 -19.122 -17.714 -15.339 -13.152  -0.123  -0.303  -0.548  -0.724  -0.799
  357 24000  4.00 -1.00  2.00  0.00  0.00 -20.887 -20.045 -19.093 -17.688 -15.314 -13.128  -0.125  -0.306  -0.548  -0.723  -0.797
  358 24000  4.50 -1.00  2.00  0.00  0.00 -20.871 -20.027 -19.074 -17.672 -15.298 -13.113  -0.127  -0.309  -0.548  -0.722  -0.796
  359 24000  5.00 -1.00  2.00  0.00  0.00 -20.862 -20.016 -19.062 -17.662 -15.288 -13.103  -0.128  -0.312  -0.549  -0.723  -0.796
  360 25000  3.00 -1.00  2.00  0.00  0.00 -21.043 -20.205 -19.250 -17.828 -15.445 -13.253  -0.121  -0.305  -0.563  -0.748  -0.828
  361 25000  3.50 -1.00  2.00  0.00  0.00 -20.996 -20.152 -19.195 -17.779 -15.396 -13.205  -0.127  -0.313  -0.566  -0.750  -0.829
  362 25000  4.00 -1.00  2.00  0.00  0.00 -20.967 -20.120 -19.162 -17.750 -15.368 -13.178  -0.130  -0.317  -0.566  -0.749  -0.828
  363 25000  4.50 -1.00  2.00  0.00  0.00 -20.949 -20.100 -19.141 -17.731 -15.350 -13.160  -0.131  -0.320  -0.567  -0.749  -0.826
  364 25000  5.00 -1.00  2.00  0.00  0.00 -20.938 -20.088 -19.128 -17.719 -15.338 -13.149  -0.133  -0.322  -0.568  -0.750  -0.827
  365 26000  3.00 -1.00  2.00  0.00  0.00 -21.140 -20.300 -19.339 -17.910 -15.518 -13.323  -0.123  -0.313  -0.580  -0.772  -0.856
  366 26000  3.50 -1.00  2.00  0.00  0.00 -21.079 -20.230 -19.267 -17.843 -15.453 -13.258  -0.132  -0.324  -0.585  -0.776  -0.859
  367 26000  4.00 -1.00  2.00  0.00  0.00 -21.046 -20.195 -19.231 -17.810 -15.421 -13.227  -0.134  -0.327  -0.584  -0.774  -0.857
  368 26000  4.50 -1.00  2.00  0.00  0.00 -21.025 -20.173 -19.207 -17.790 -15.401 -13.207  -0.136  -0.330  -0.585  -0.774  -0.856
  369 26000  5.00 -1.00  2.00  0.00  0.00 -21.013 -20.159 -19.193 -17.777 -15.388 -13.195  -0.137  -0.332  -0.586  -0.775  -0.857
  370 27000  3.50 -1.00  2.00  0.00  0.00 -21.163 -20.309 -19.340 -17.908 -15.511 -13.312  -0.136  -0.335  -0.604  -0.802  -0.889
  371 27000  4.00 -1.00  2.00  0.00  0.00 -21.124 -20.268 -19.298 -17.871 -15.475 -13.277  -0.139  -0.337  -0.602  -0.799  -0.885
  372 27000  4.50 -1.00  2.00  0.00  0.00 -21.101 -20.244 -19.273 -17.848 -15.453 -13.255  -0.140  -0.340  -0.602  -0.798  -0.884
  373 27000  5.00 -1.00  2.00  0.00  0.00 -21.087 -20.229 -19.257 -17.834 -15.438 -13.241  -0.141  -0.342  -0.603  -0.799  -0.885
  374 28000  3.50 -1.00  2.00  0.00  0.00 -21.250 -20.393 -19.418 -17.978 -15.574 -13.372  -0.140  -0.344  -0.621  -0.826  -0.916
  375 28000  4.00 -1.00  2.00  0.00  0.00 -21.202 -20.342 -19.366 -17.931 -15.529 -13.328  -0.143  -0.348  -0.620  -0.823  -0.912
  376 28000  4.50 -1.00  2.00  0.00  0.00 -21.176 -20.315 -19.339 -17.906 -15.505 -13.304  -0.144  -0.349  -0.618  -0.821  -0.910
  377 28000  5.00 -1.00  2.00  0.00  0.00 -21.161 -20.299 -19.321 -17.891 -15.489 -13.288  -0.145  -0.351  -0.619  -0.822  -0.911
  378 29000  3.50 -1.00  2.00  0.00  0.00 -21.338 -20.478 -19.499 -18.053 -15.643 -13.440  -0.143  -0.351  -0.634  -0.845  -0.936
  379 29000  4.00 -1.00  2.00  0.00  0.00 -21.282 -20.418 -19.437 -17.995 -15.586 -13.382  -0.147  -0.357  -0.637  -0.847  -0.938
  380 29000  4.50 -1.00  2.00  0.00  0.00 -21.251 -20.386 -19.405 -17.965 -15.557 -13.354  -0.148  -0.359  -0.635  -0.844  -0.935
  381 29000  5.00 -1.00  2.00  0.00  0.00 -21.234 -20.368 -19.386 -17.948 -15.540 -13.337  -0.149  -0.360  -0.635  -0.844  -0.935
  382 30000  3.50 -1.00  2.00  0.00  0.00 -21.421 -20.561 -19.580 -18.128 -15.716 -13.511  -0.143  -0.354  -0.642  -0.856  -0.948
  383 30000  4.00 -1.00  2.00  0.00  0.00 -21.363 -20.496 -19.510 -18.061 -15.646 -13.441  -0.151  -0.365  -0.651  -0.867  -0.960
  384 30000  4.50 -1.00  2.00  0.00  0.00 -21.328 -20.458 -19.472 -18.026 -15.612 -13.407  -0.152  -0.368  -0.651  -0.865  -0.959
  385 30000  5.00 -1.00  2.00  0.00  0.00 -21.308 -20.438 -19.451 -18.007 -15.593 -13.388  -0.153  -0.369  -0.650  -0.865  -0.958
  386 31000  3.50 -1.00  2.00  0.00  0.00 -21.498 -20.639 -19.656 -18.201 -15.786 -13.582  -0.142  -0.354  -0.646  -0.862  -0.954
  387 31000  4.00 -1.00  2.00  0.00  0.00 -21.443 -20.573 -19.584 -18.129 -15.710 -13.504  -0.153  -0.372  -0.663  -0.883  -0.977
  388 31000  4.50 -1.00  2.00  0.00  0.00 -21.404 -20.532 -19.541 -18.089 -15.670 -13.463  -0.156  -0.375  -0.665  -0.884  -0.979
  389 31000  5.00 -1.00  2.00  0.00  0.00 -21.382 -20.508 -19.517 -18.067 -15.648 -13.441  -0.157  -0.377  -0.664  -0.884  -0.979
  390 32000  4.00 -1.00  2.00  0.00  0.00 -21.520 -20.649 -19.657 -18.197 -15.776 -13.569  -0.154  -0.376  -0.672  -0.895  -0.990
  391 32000  4.50 -1.00  2.00  0.00  0.00 -21.480 -20.605 -19.611 -18.153 -15.730 -13.523  -0.158  -0.382  -0.676  -0.900  -0.995
  392 32000  5.00 -1.00  2.00  0.00  0.00 -21.456 -20.579 -19.584 -18.128 -15.705 -13.498  -0.160  -0.384  -0.677  -0.900  -0.996
  393 33000  4.00 -1.00  2.00  0.00  0.00 -21.591 -20.719 -19.725 -18.262 -15.839 -13.631  -0.155  -0.378  -0.678  -0.902  -0.998
  394 33000  4.50 -1.00  2.00  0.00  0.00 -21.554 -20.677 -19.680 -18.217 -15.792 -13.584  -0.160  -0.387  -0.686  -0.912  -1.008
  395 33000  5.00 -1.00  2.00  0.00  0.00 -21.528 -20.649 -19.651 -18.189 -15.764 -13.555  -0.162  -0.389  -0.688  -0.914  -1.011
  396 34000  4.00 -1.00  2.00  0.00  0.00 -21.653 -20.782 -19.787 -18.322 -15.897 -13.689  -0.154  -0.378  -0.680  -0.906  -1.003
  397 34000  4.50 -1.00  2.00  0.00  0.00 -21.623 -20.745 -19.745 -18.279 -15.852 -13.643  -0.161  -0.390  -0.693  -0.922  -1.018
  398 34000  5.00 -1.00  2.00  0.00  0.00 -21.599 -20.718 -19.717 -18.251 -15.823 -13.614  -0.164  -0.394  -0.697  -0.926  -1.023
  399 35000  4.00 -1.00  2.00  0.00  0.00 -21.708 -20.838 -19.844 -18.377 -15.952 -13.743  -0.153  -0.376  -0.680  -0.906  -1.003
  400 35000  4.50 -1.00  2.00  0.00  0.00 -21.686 -20.807 -19.806 -18.337 -15.908 -13.699  -0.161  -0.392  -0.698  -0.927  -1.025
  401 35000  5.00 -1.00  2.00  0.00  0.00 -21.664 -20.782 -19.779 -18.309 -15.880 -13.670  -0.165  -0.397  -0.704  -0.934  -1.032
  402 37500  4.50 -1.00  2.00  0.00  0.00 -21.812 -20.936 -19.935 -18.464 -16.035 -13.824  -0.159  -0.389  -0.697  -0.927  -1.026
  403 37500  5.00 -1.00  2.00  0.00  0.00 -21.803 -20.921 -19.916 -18.442 -16.010 -13.799  -0.165  -0.399  -0.710  -0.943  -1.042
  404 40000  4.50 -1.00  2.00  0.00  0.00 -21.900 -21.026 -20.026 -18.554 -16.126 -13.915  -0.157  -0.387  -0.695  -0.924  -1.023
  405 40000  5.00 -1.00  2.00  0.00  0.00 -21.904 -21.025 -20.020 -18.545 -16.114 -13.903  -0.162  -0.396  -0.707  -0.939  -1.039
  406 42500  5.00 -1.00  2.00  0.00  0.00 -21.977 -21.098 -20.094 -18.618 -16.187 -13.974  -0.162  -0.395  -0.708  -0.940  -1.040
  407 45000  5.00 -1.00  2.00  0.00  0.00 -22.038 -21.158 -20.152 -18.675 -16.242 -14.028  -0.163  -0.398  -0.712  -0.946  -1.047
  408 47500  5.00 -1.00  2.00  0.00  0.00 -22.094 -21.213 -20.205 -18.725 -16.290 -14.076  -0.164  -0.401  -0.718  -0.954  -1.056
  409 50000  5.00 -1.00  2.00  0.00  0.00 -22.148 -21.266 -20.256 -18.774 -16.337 -14.121  -0.166  -0.404  -0.723  -0.962  -1.065