
       Teff log g  [M]  Vturb  l/H  E(B-V)    U       B       V      BOL     BC      U-B     B-V(J)  B-V(H) 
    1  3500  0.00 -1.00  2.00  1.25  0.00 -13.351 -16.704 -17.957 -22.077  -1.995   2.380   1.978   1.962
    2  3500  0.50 -1.00  2.00  1.25  0.00 -13.729 -16.880 -18.010 -22.077  -1.942   2.172   1.855   1.839
    3  3500  1.00 -1.00  2.00  1.25  0.00 -14.069 -17.016 -18.038 -22.077  -1.915   1.963   1.747   1.731
    4  3500  1.50 -1.00  2.00  1.25  0.00 -14.345 -17.115 -18.049 -22.077  -1.903   1.782   1.659   1.643
    5  3500  2.00 -1.00  2.00  1.25  0.00 -14.568 -17.195 -18.082 -22.077  -1.871   1.636   1.611   1.595
    6  3500  2.50 -1.00  2.00  1.25  0.00 -14.823 -17.323 -18.196 -22.077  -1.756   1.507   1.599   1.583
    7  3500  3.00 -1.00  2.00  1.25  0.00 -15.062 -17.465 -18.318 -22.077  -1.634   1.409   1.579   1.563
    8  3500  3.50 -1.00  2.00  1.25  0.00 -15.158 -17.516 -18.361 -22.077  -1.591   1.364   1.571   1.555
    9  3500  4.00 -1.00  2.00  1.25  0.00 -15.155 -17.513 -18.365 -22.077  -1.588   1.365   1.577   1.561
   10  3500  4.50 -1.00  2.00  1.25  0.00 -15.113 -17.489 -18.352 -22.077  -1.600   1.382   1.589   1.573
   11  3500  5.00 -1.00  2.00  1.25  0.00 -15.094 -17.458 -18.331 -22.077  -1.621   1.370   1.598   1.582
   12  3750  0.00 -1.00  2.00  1.25  0.00 -14.519 -17.698 -18.757 -22.376  -1.495   2.203   1.784   1.768
   13  3750  0.50 -1.00  2.00  1.25  0.00 -14.881 -17.854 -18.805 -22.376  -1.447   1.992   1.676   1.660
   14  3750  1.00 -1.00  2.00  1.25  0.00 -15.190 -17.967 -18.830 -22.376  -1.422   1.792   1.588   1.572
   15  3750  1.50 -1.00  2.00  1.25  0.00 -15.430 -18.046 -18.841 -22.376  -1.411   1.627   1.521   1.505
   16  3750  2.00 -1.00  2.00  1.25  0.00 -15.596 -18.095 -18.842 -22.376  -1.410   1.508   1.472   1.456
   17  3750  2.50 -1.00  2.00  1.25  0.00 -15.708 -18.124 -18.843 -22.376  -1.409   1.422   1.444   1.428
   18  3750  3.00 -1.00  2.00  1.25  0.00 -15.828 -18.159 -18.875 -22.376  -1.377   1.336   1.441   1.425
   19  3750  3.50 -1.00  2.00  1.25  0.00 -15.981 -18.228 -18.939 -22.376  -1.313   1.251   1.436   1.420
   20  3750  4.00 -1.00  2.00  1.25  0.00 -16.075 -18.274 -18.978 -22.376  -1.274   1.201   1.429   1.413
   21  3750  4.50 -1.00  2.00  1.25  0.00 -16.103 -18.282 -18.987 -22.376  -1.265   1.182   1.430   1.414
   22  3750  5.00 -1.00  2.00  1.25  0.00 -16.116 -18.273 -18.981 -22.376  -1.271   1.159   1.433   1.417
   23  4000  0.00 -1.00  2.00  1.25  0.00 -15.633 -18.504 -19.396 -22.656  -1.137   1.889   1.617   1.601
   24  4000  0.50 -1.00  2.00  1.25  0.00 -15.977 -18.654 -19.439 -22.656  -1.093   1.691   1.510   1.494
   25  4000  1.00 -1.00  2.00  1.25  0.00 -16.271 -18.763 -19.462 -22.656  -1.071   1.503   1.423   1.407
   26  4000  1.50 -1.00  2.00  1.25  0.00 -16.496 -18.838 -19.470 -22.656  -1.062   1.349   1.357   1.341
   27  4000  2.00 -1.00  2.00  1.25  0.00 -16.648 -18.884 -19.470 -22.656  -1.063   1.241   1.310   1.294
   28  4000  2.50 -1.00  2.00  1.25  0.00 -16.731 -18.907 -19.463 -22.656  -1.069   1.179   1.281   1.265
   29  4000  3.00 -1.00  2.00  1.25  0.00 -16.758 -18.911 -19.455 -22.656  -1.078   1.154   1.269   1.253
   30  4000  3.50 -1.00  2.00  1.25  0.00 -16.777 -18.907 -19.457 -22.656  -1.076   1.131   1.274   1.258
   31  4000  4.00 -1.00  2.00  1.25  0.00 -16.837 -18.922 -19.481 -22.656  -1.052   1.084   1.284   1.268
   32  4000  4.50 -1.00  2.00  1.25  0.00 -16.912 -18.949 -19.507 -22.656  -1.025   1.035   1.284   1.268
   33  4000  5.00 -1.00  2.00  1.25  0.00 -16.967 -18.962 -19.519 -22.656  -1.014   0.993   1.281   1.265
   34  4250  0.00 -1.00  2.00  1.25  0.00 -16.634 -19.178 -19.921 -22.920  -0.875   1.557   1.468   1.452
   35  4250  0.50 -1.00  2.00  1.25  0.00 -16.935 -19.314 -19.960 -22.920  -0.836   1.386   1.371   1.355
   36  4250  1.00 -1.00  2.00  1.25  0.00 -17.195 -19.414 -19.981 -22.920  -0.815   1.224   1.291   1.275
   37  4250  1.50 -1.00  2.00  1.25  0.00 -17.398 -19.486 -19.989 -22.920  -0.807   1.089   1.228   1.212
   38  4250  2.00 -1.00  2.00  1.25  0.00 -17.541 -19.533 -19.989 -22.920  -0.806   0.991   1.181   1.165
   39  4250  2.50 -1.00  2.00  1.25  0.00 -17.628 -19.561 -19.984 -22.920  -0.811   0.930   1.149   1.133
   40  4250  3.00 -1.00  2.00  1.25  0.00 -17.662 -19.572 -19.977 -22.920  -0.819   0.906   1.129   1.113
   41  4250  3.50 -1.00  2.00  1.25  0.00 -17.652 -19.569 -19.966 -22.920  -0.829   0.914   1.122   1.106
   42  4250  4.00 -1.00  2.00  1.25  0.00 -17.619 -19.554 -19.960 -22.920  -0.836   0.931   1.131   1.115
   43  4250  4.50 -1.00  2.00  1.25  0.00 -17.628 -19.546 -19.964 -22.920  -0.832   0.913   1.143   1.127
   44  4250  5.00 -1.00  2.00  1.25  0.00 -17.683 -19.554 -19.976 -22.920  -0.820   0.865   1.147   1.131
   45  4500  0.00 -1.00  2.00  1.25  0.00 -17.571 -19.786 -20.370 -23.168  -0.674   1.220   1.309   1.293
   46  4500  0.50 -1.00  2.00  1.25  0.00 -17.817 -19.895 -20.399 -23.168  -0.645   1.080   1.229   1.213
   47  4500  1.00 -1.00  2.00  1.25  0.00 -18.026 -19.977 -20.415 -23.168  -0.629   0.949   1.163   1.147
   48  4500  1.50 -1.00  2.00  1.25  0.00 -18.191 -20.036 -20.422 -23.168  -0.622   0.841   1.111   1.095
   49  4500  2.00 -1.00  2.00  1.25  0.00 -18.309 -20.077 -20.423 -23.168  -0.621   0.761   1.072   1.056
   50  4500  2.50 -1.00  2.00  1.25  0.00 -18.386 -20.103 -20.421 -23.168  -0.623   0.710   1.043   1.027
   51  4500  3.00 -1.00  2.00  1.25  0.00 -18.422 -20.118 -20.416 -23.168  -0.628   0.688   1.024   1.008
   52  4500  3.50 -1.00  2.00  1.25  0.00 -18.422 -20.122 -20.410 -23.168  -0.634   0.691   1.012   0.996
   53  4500  4.00 -1.00  2.00  1.25  0.00 -18.392 -20.118 -20.401 -23.168  -0.643   0.717   1.009   0.993
   54  4500  4.50 -1.00  2.00  1.25  0.00 -18.348 -20.104 -20.394 -23.168  -0.650   0.748   1.014   0.998
   55  4500  5.00 -1.00  2.00  1.25  0.00 -18.350 -20.094 -20.391 -23.168  -0.653   0.735   1.022   1.006
   56  4750  0.00 -1.00  2.00  1.25  0.00 -18.438 -20.352 -20.764 -23.403  -0.515   0.912   1.136   1.120
   57  4750  0.50 -1.00  2.00  1.25  0.00 -18.625 -20.428 -20.780 -23.403  -0.499   0.797   1.077   1.061
   58  4750  1.00 -1.00  2.00  1.25  0.00 -18.786 -20.487 -20.789 -23.403  -0.490   0.693   1.027   1.011
   59  4750  1.50 -1.00  2.00  1.25  0.00 -18.911 -20.529 -20.793 -23.403  -0.486   0.607   0.989   0.973
   60  4750  2.00 -1.00  2.00  1.25  0.00 -19.001 -20.557 -20.793 -23.403  -0.486   0.544   0.961   0.945
   61  4750  2.50 -1.00  2.00  1.25  0.00 -19.058 -20.574 -20.791 -23.403  -0.488   0.503   0.941   0.925
   62  4750  3.00 -1.00  2.00  1.25  0.00 -19.086 -20.585 -20.788 -23.403  -0.491   0.485   0.928   0.912
   63  4750  3.50 -1.00  2.00  1.25  0.00 -19.087 -20.589 -20.785 -23.403  -0.494   0.489   0.921   0.905
   64  4750  4.00 -1.00  2.00  1.25  0.00 -19.064 -20.589 -20.781 -23.403  -0.497   0.512   0.918   0.902
   65  4750  4.50 -1.00  2.00  1.25  0.00 -19.023 -20.584 -20.776 -23.403  -0.502   0.548   0.918   0.902
   66  4750  5.00 -1.00  2.00  1.25  0.00 -18.995 -20.577 -20.770 -23.403  -0.509   0.570   0.918   0.902
   67  5000  0.00 -1.00  2.00  1.25  0.00 -19.195 -20.877 -21.114 -23.626  -0.387   0.672   0.962   0.946
   68  5000  0.50 -1.00  2.00  1.25  0.00 -19.334 -20.921 -21.118 -23.626  -0.384   0.574   0.922   0.906
   69  5000  1.00 -1.00  2.00  1.25  0.00 -19.454 -20.955 -21.118 -23.626  -0.383   0.486   0.889   0.873
   70  5000  1.50 -1.00  2.00  1.25  0.00 -19.549 -20.978 -21.117 -23.626  -0.385   0.412   0.864   0.848
   71  5000  2.00 -1.00  2.00  1.25  0.00 -19.618 -20.992 -21.114 -23.626  -0.388   0.356   0.847   0.831
   72  5000  2.50 -1.00  2.00  1.25  0.00 -19.661 -20.999 -21.110 -23.626  -0.391   0.320   0.836   0.820
   73  5000  3.00 -1.00  2.00  1.25  0.00 -19.681 -21.002 -21.108 -23.626  -0.394   0.303   0.831   0.815
   74  5000  3.50 -1.00  2.00  1.25  0.00 -19.679 -21.001 -21.107 -23.626  -0.395   0.304   0.830   0.814
   75  5000  4.00 -1.00  2.00  1.25  0.00 -19.657 -20.999 -21.106 -23.626  -0.396   0.324   0.832   0.816
   76  5000  4.50 -1.00  2.00  1.25  0.00 -19.621 -20.994 -21.105 -23.626  -0.396   0.356   0.836   0.820
   77  5000  5.00 -1.00  2.00  1.25  0.00 -19.585 -20.990 -21.103 -23.626  -0.398   0.389   0.838   0.822
   78  5250  0.00 -1.00  2.00  1.25  0.00 -19.820 -21.350 -21.426 -23.837  -0.288   0.511   0.800   0.784
   79  5250  0.50 -1.00  2.00  1.25  0.00 -19.925 -21.370 -21.419 -23.837  -0.294   0.425   0.774   0.758
   80  5250  1.00 -1.00  2.00  1.25  0.00 -20.017 -21.384 -21.413 -23.837  -0.301   0.345   0.754   0.738
   81  5250  1.50 -1.00  2.00  1.25  0.00 -20.092 -21.390 -21.405 -23.837  -0.308   0.276   0.741   0.725
   82  5250  2.00 -1.00  2.00  1.25  0.00 -20.147 -21.390 -21.398 -23.837  -0.315   0.220   0.733   0.717
   83  5250  2.50 -1.00  2.00  1.25  0.00 -20.183 -21.386 -21.393 -23.837  -0.321   0.180   0.731   0.715
   84  5250  3.00 -1.00  2.00  1.25  0.00 -20.201 -21.381 -21.388 -23.837  -0.325   0.156   0.733   0.717
   85  5250  3.50 -1.00  2.00  1.25  0.00 -20.201 -21.374 -21.387 -23.837  -0.327   0.150   0.738   0.722
   86  5250  4.00 -1.00  2.00  1.25  0.00 -20.184 -21.367 -21.387 -23.837  -0.326   0.160   0.745   0.729
   87  5250  4.50 -1.00  2.00  1.25  0.00 -20.152 -21.359 -21.389 -23.837  -0.324   0.185   0.755   0.739
   88  5250  5.00 -1.00  2.00  1.25  0.00 -20.116 -21.354 -21.391 -23.837  -0.323   0.217   0.762   0.746
   89  5500  0.00 -1.00  2.00  1.25  0.00 -20.333 -21.768 -21.705 -24.039  -0.211   0.410   0.661   0.645
   90  5500  0.50 -1.00  2.00  1.25  0.00 -20.407 -21.771 -21.692 -24.039  -0.224   0.338   0.645   0.629
   91  5500  1.00 -1.00  2.00  1.25  0.00 -20.478 -21.771 -21.680 -24.039  -0.236   0.266   0.634   0.618
   92  5500  1.50 -1.00  2.00  1.25  0.00 -20.538 -21.765 -21.667 -24.039  -0.248   0.198   0.628   0.612
   93  5500  2.00 -1.00  2.00  1.25  0.00 -20.586 -21.754 -21.656 -24.039  -0.259   0.139   0.627   0.611
   94  5500  2.50 -1.00  2.00  1.25  0.00 -20.621 -21.741 -21.646 -24.039  -0.269   0.091   0.631   0.615
   95  5500  3.00 -1.00  2.00  1.25  0.00 -20.642 -21.726 -21.639 -24.039  -0.277   0.056   0.637   0.621
   96  5500  3.50 -1.00  2.00  1.25  0.00 -20.649 -21.713 -21.635 -24.039  -0.280   0.037   0.647   0.631
   97  5500  4.00 -1.00  2.00  1.25  0.00 -20.641 -21.701 -21.635 -24.039  -0.281   0.033   0.659   0.643
   98  5500  4.50 -1.00  2.00  1.25  0.00 -20.619 -21.690 -21.637 -24.039  -0.278   0.046   0.672   0.656
   99  5500  5.00 -1.00  2.00  1.25  0.00 -20.588 -21.682 -21.641 -24.039  -0.275   0.069   0.684   0.668
  100  5750  0.00 -1.00  2.00  1.25  0.00 -20.768 -22.141 -21.957 -24.233  -0.151   0.343   0.541   0.525
  101  5750  0.50 -1.00  2.00  1.25  0.00 -20.813 -22.131 -21.941 -24.233  -0.167   0.287   0.535   0.519
  102  5750  1.00 -1.00  2.00  1.25  0.00 -20.862 -22.119 -21.926 -24.233  -0.183   0.226   0.532   0.516
  103  5750  1.50 -1.00  2.00  1.25  0.00 -20.908 -22.104 -21.910 -24.233  -0.198   0.164   0.531   0.515
  104  5750  2.00 -1.00  2.00  1.25  0.00 -20.949 -22.085 -21.895 -24.233  -0.214   0.104   0.535   0.519
  105  5750  2.50 -1.00  2.00  1.25  0.00 -20.982 -22.064 -21.880 -24.233  -0.228   0.049   0.541   0.525
  106  5750  3.00 -1.00  2.00  1.25  0.00 -21.007 -22.043 -21.868 -24.233  -0.240   0.003   0.551   0.535
  107  5750  3.50 -1.00  2.00  1.25  0.00 -21.023 -22.023 -21.860 -24.233  -0.248  -0.032   0.562   0.546
  108  5750  4.00 -1.00  2.00  1.25  0.00 -21.028 -22.006 -21.857 -24.233  -0.252  -0.053   0.576   0.560
  109  5750  4.50 -1.00  2.00  1.25  0.00 -21.019 -21.992 -21.858 -24.233  -0.250  -0.057   0.591   0.575
  110  5750  5.00 -1.00  2.00  1.25  0.00 -20.998 -21.980 -21.862 -24.233  -0.246  -0.047   0.607   0.591
  111  6000  0.00 -1.00  2.00  1.25  0.00 -21.153 -22.482 -22.187 -24.417  -0.107   0.293   0.430   0.414
  112  6000  0.50 -1.00  2.00  1.25  0.00 -21.167 -22.458 -22.172 -24.417  -0.122   0.256   0.438   0.422
  113  6000  1.00 -1.00  2.00  1.25  0.00 -21.194 -22.437 -22.155 -24.417  -0.138   0.208   0.443   0.427
  114  6000  1.50 -1.00  2.00  1.25  0.00 -21.225 -22.413 -22.137 -24.417  -0.156   0.153   0.449   0.433
  115  6000  2.00 -1.00  2.00  1.25  0.00 -21.256 -22.387 -22.119 -24.417  -0.175   0.096   0.456   0.440
  116  6000  2.50 -1.00  2.00  1.25  0.00 -21.285 -22.359 -22.101 -24.417  -0.193   0.039   0.466   0.450
  117  6000  3.00 -1.00  2.00  1.25  0.00 -21.311 -22.332 -22.084 -24.417  -0.210  -0.015   0.477   0.461
  118  6000  3.50 -1.00  2.00  1.25  0.00 -21.333 -22.306 -22.070 -24.417  -0.223  -0.063   0.490   0.474
  119  6000  4.00 -1.00  2.00  1.25  0.00 -21.349 -22.283 -22.062 -24.417  -0.232  -0.100   0.503   0.487
  120  6000  4.50 -1.00  2.00  1.25  0.00 -21.355 -22.265 -22.059 -24.417  -0.235  -0.123   0.518   0.502
  121  6000  5.00 -1.00  2.00  1.25  0.00 -21.349 -22.251 -22.061 -24.417  -0.232  -0.130   0.535   0.519
  122  6250  0.50 -1.00  2.00  1.25  0.00 -21.488 -22.762 -22.383 -24.595  -0.087   0.235   0.346   0.330
  123  6250  1.00 -1.00  2.00  1.25  0.00 -21.491 -22.730 -22.368 -24.595  -0.102   0.200   0.363   0.347
  124  6250  1.50 -1.00  2.00  1.25  0.00 -21.506 -22.700 -22.350 -24.595  -0.120   0.155   0.376   0.360
  125  6250  2.00 -1.00  2.00  1.25  0.00 -21.526 -22.667 -22.330 -24.595  -0.140   0.103   0.388   0.372
  126  6250  2.50 -1.00  2.00  1.25  0.00 -21.548 -22.633 -22.309 -24.595  -0.161   0.047   0.401   0.385
  127  6250  3.00 -1.00  2.00  1.25  0.00 -21.572 -22.599 -22.289 -24.595  -0.182  -0.011   0.414   0.398
  128  6250  3.50 -1.00  2.00  1.25  0.00 -21.596 -22.567 -22.270 -24.595  -0.201  -0.066   0.428   0.412
  129  6250  4.00 -1.00  2.00  1.25  0.00 -21.618 -22.538 -22.255 -24.595  -0.215  -0.116   0.442   0.426
  130  6250  4.50 -1.00  2.00  1.25  0.00 -21.635 -22.515 -22.247 -24.595  -0.224  -0.156   0.456   0.440
  131  6250  5.00 -1.00  2.00  1.25  0.00 -21.644 -22.498 -22.244 -24.595  -0.226  -0.182   0.472   0.456
  132  6500  0.50 -1.00  2.00  1.25  0.00 -21.790 -23.049 -22.576 -24.765  -0.065   0.216   0.252   0.236
  133  6500  1.00 -1.00  2.00  1.25  0.00 -21.767 -23.007 -22.566 -24.765  -0.075   0.198   0.284   0.268
  134  6500  1.50 -1.00  2.00  1.25  0.00 -21.763 -22.967 -22.550 -24.765  -0.091   0.164   0.308   0.292
  135  6500  2.00 -1.00  2.00  1.25  0.00 -21.770 -22.929 -22.530 -24.765  -0.111   0.119   0.326   0.310
  136  6500  2.50 -1.00  2.00  1.25  0.00 -21.784 -22.889 -22.508 -24.765  -0.133   0.066   0.343   0.327
  137  6500  3.00 -1.00  2.00  1.25  0.00 -21.802 -22.849 -22.484 -24.765  -0.157   0.008   0.360   0.344
  138  6500  3.50 -1.00  2.00  1.25  0.00 -21.824 -22.811 -22.461 -24.765  -0.180  -0.053   0.376   0.360
  139  6500  4.00 -1.00  2.00  1.25  0.00 -21.849 -22.776 -22.441 -24.765  -0.200  -0.112   0.390   0.374
  140  6500  4.50 -1.00  2.00  1.25  0.00 -21.873 -22.746 -22.426 -24.765  -0.215  -0.165   0.404   0.388
  141  6500  5.00 -1.00  2.00  1.25  0.00 -21.893 -22.724 -22.418 -24.765  -0.223  -0.207   0.419   0.403
  142  6750  0.50 -1.00  2.00  1.25  0.00 -22.064 -23.301 -22.757 -24.929  -0.048   0.192   0.181   0.165
  143  6750  1.00 -1.00  2.00  1.25  0.00 -22.030 -23.270 -22.747 -24.929  -0.058   0.195   0.202   0.186
  144  6750  1.50 -1.00  2.00  1.25  0.00 -22.005 -23.222 -22.736 -24.929  -0.069   0.173   0.239   0.223
  145  6750  2.00 -1.00  2.00  1.25  0.00 -21.997 -23.176 -22.719 -24.929  -0.086   0.136   0.268   0.252
  146  6750  2.50 -1.00  2.00  1.25  0.00 -22.000 -23.131 -22.696 -24.929  -0.109   0.089   0.290   0.274
  147  6750  3.00 -1.00  2.00  1.25  0.00 -22.011 -23.085 -22.671 -24.929  -0.134   0.033   0.311   0.295
  148  6750  3.50 -1.00  2.00  1.25  0.00 -22.030 -23.041 -22.645 -24.929  -0.160  -0.029   0.329   0.313
  149  6750  4.00 -1.00  2.00  1.25  0.00 -22.053 -22.999 -22.619 -24.929  -0.185  -0.094   0.345   0.329
  150  6750  4.50 -1.00  2.00  1.25  0.00 -22.080 -22.963 -22.598 -24.929  -0.207  -0.157   0.360   0.344
  151  6750  5.00 -1.00  2.00  1.25  0.00 -22.107 -22.934 -22.583 -24.929  -0.222  -0.213   0.374   0.358
  152  7000  0.50 -1.00  2.00  1.25  0.00 -22.316 -23.523 -22.926 -25.087  -0.036   0.159   0.129   0.113
  153  7000  1.00 -1.00  2.00  1.25  0.00 -22.274 -23.501 -22.917 -25.087  -0.046   0.180   0.140   0.124
  154  7000  1.50 -1.00  2.00  1.25  0.00 -22.238 -23.465 -22.906 -25.087  -0.057   0.180   0.166   0.150
  155  7000  2.00 -1.00  2.00  1.25  0.00 -22.212 -23.411 -22.894 -25.087  -0.069   0.154   0.208   0.192
  156  7000  2.50 -1.00  2.00  1.25  0.00 -22.203 -23.359 -22.874 -25.087  -0.089   0.113   0.240   0.224
  157  7000  3.00 -1.00  2.00  1.25  0.00 -22.205 -23.309 -22.848 -25.087  -0.114   0.061   0.265   0.249
  158  7000  3.50 -1.00  2.00  1.25  0.00 -22.217 -23.259 -22.821 -25.087  -0.142   0.001   0.286   0.270
  159  7000  4.00 -1.00  2.00  1.25  0.00 -22.237 -23.212 -22.792 -25.087  -0.171  -0.066   0.305   0.289
  160  7000  4.50 -1.00  2.00  1.25  0.00 -22.264 -23.169 -22.766 -25.087  -0.197  -0.136   0.322   0.306
  161  7000  5.00 -1.00  2.00  1.25  0.00 -22.294 -23.133 -22.745 -25.087  -0.218  -0.202   0.337   0.321
  162  7250  0.50 -1.00  2.00  1.25  0.00 -22.547 -23.711 -23.083 -25.239  -0.033   0.114   0.096   0.080
  163  7250  1.00 -1.00  2.00  1.25  0.00 -22.503 -23.706 -23.075 -25.239  -0.040   0.154   0.094   0.078
  164  7250  1.50 -1.00  2.00  1.25  0.00 -22.458 -23.678 -23.066 -25.239  -0.049   0.172   0.113   0.097
  165  7250  2.00 -1.00  2.00  1.25  0.00 -22.421 -23.636 -23.054 -25.239  -0.062   0.168   0.143   0.127
  166  7250  2.50 -1.00  2.00  1.25  0.00 -22.397 -23.577 -23.039 -25.239  -0.076   0.136   0.187   0.171
  167  7250  3.00 -1.00  2.00  1.25  0.00 -22.388 -23.521 -23.016 -25.239  -0.099   0.089   0.220   0.204
  168  7250  3.50 -1.00  2.00  1.25  0.00 -22.392 -23.467 -22.988 -25.239  -0.127   0.032   0.246   0.230
  169  7250  4.00 -1.00  2.00  1.25  0.00 -22.407 -23.414 -22.958 -25.239  -0.157  -0.035   0.269   0.253
  170  7250  4.50 -1.00  2.00  1.25  0.00 -22.431 -23.365 -22.928 -25.239  -0.187  -0.107   0.288   0.272
  171  7250  5.00 -1.00  2.00  1.25  0.00 -22.462 -23.323 -22.902 -25.239  -0.213  -0.180   0.304   0.288
  172  7500  0.50 -1.00  2.00  1.25  0.00 -22.748 -23.848 -23.223 -25.386  -0.040   0.050   0.100   0.084
  173  7500  1.00 -1.00  2.00  1.25  0.00 -22.719 -23.883 -23.218 -25.386  -0.044   0.114   0.060   0.044
  174  7500  1.50 -1.00  2.00  1.25  0.00 -22.668 -23.867 -23.213 -25.386  -0.050   0.149   0.071   0.055
  175  7500  2.00 -1.00  2.00  1.25  0.00 -22.622 -23.833 -23.203 -25.386  -0.060   0.163   0.095   0.079
  176  7500  2.50 -1.00  2.00  1.25  0.00 -22.585 -23.785 -23.189 -25.386  -0.073   0.153   0.129   0.113
  177  7500  3.00 -1.00  2.00  1.25  0.00 -22.563 -23.723 -23.172 -25.386  -0.090   0.115   0.174   0.158
  178  7500  3.50 -1.00  2.00  1.25  0.00 -22.558 -23.664 -23.147 -25.386  -0.116   0.062   0.207   0.191
  179  7500  4.00 -1.00  2.00  1.25  0.00 -22.566 -23.607 -23.116 -25.386  -0.146  -0.002   0.234   0.218
  180  7500  4.50 -1.00  2.00  1.25  0.00 -22.586 -23.553 -23.084 -25.386  -0.178  -0.075   0.256   0.240
  181  7500  5.00 -1.00  2.00  1.25  0.00 -22.615 -23.504 -23.054 -25.386  -0.208  -0.153   0.275   0.259
  182  7750  1.00 -1.00  2.00  1.25  0.00 -22.917 -24.028 -23.346 -25.529  -0.059   0.059   0.043   0.027
  183  7750  1.50 -1.00  2.00  1.25  0.00 -22.867 -24.031 -23.344 -25.529  -0.060   0.113   0.038   0.022
  184  7750  2.00 -1.00  2.00  1.25  0.00 -22.813 -24.006 -23.339 -25.529  -0.066   0.143   0.057   0.041
  185  7750  2.50 -1.00  2.00  1.25  0.00 -22.767 -23.967 -23.328 -25.529  -0.077   0.152   0.085   0.069
  186  7750  3.00 -1.00  2.00  1.25  0.00 -22.734 -23.914 -23.313 -25.529  -0.092   0.134   0.123   0.107
  187  7750  3.50 -1.00  2.00  1.25  0.00 -22.718 -23.851 -23.294 -25.529  -0.111   0.088   0.168   0.152
  188  7750  4.00 -1.00  2.00  1.25  0.00 -22.718 -23.790 -23.266 -25.529  -0.139   0.029   0.201   0.185
  189  7750  4.50 -1.00  2.00  1.25  0.00 -22.731 -23.732 -23.234 -25.529  -0.171  -0.043   0.227   0.211
  190  7750  5.00 -1.00  2.00  1.25  0.00 -22.757 -23.677 -23.201 -25.529  -0.204  -0.122   0.248   0.232
  191  8000  1.00 -1.00  2.00  1.25  0.00 -23.091 -24.132 -23.453 -25.667  -0.089  -0.010   0.046   0.030
  192  8000  1.50 -1.00  2.00  1.25  0.00 -23.052 -24.169 -23.460 -25.667  -0.082   0.065   0.016   0.000
  193  8000  2.00 -1.00  2.00  1.25  0.00 -22.996 -24.158 -23.459 -25.667  -0.083   0.111   0.027   0.011
  194  8000  2.50 -1.00  2.00  1.25  0.00 -22.942 -24.127 -23.453 -25.667  -0.090   0.134   0.051   0.035
  195  8000  3.00 -1.00  2.00  1.25  0.00 -22.899 -24.083 -23.441 -25.667  -0.102   0.136   0.083   0.067
  196  8000  3.50 -1.00  2.00  1.25  0.00 -22.871 -24.026 -23.425 -25.667  -0.118   0.109   0.124   0.108
  197  8000  4.00 -1.00  2.00  1.25  0.00 -22.862 -23.963 -23.404 -25.667  -0.138   0.056   0.167   0.151
  198  8000  4.50 -1.00  2.00  1.25  0.00 -22.870 -23.901 -23.375 -25.667  -0.168  -0.012   0.198   0.182
  199  8000  5.00 -1.00  2.00  1.25  0.00 -22.891 -23.843 -23.341 -25.667  -0.202  -0.091   0.223   0.207
  200  8250  1.00 -1.00  2.00  1.25  0.00 -23.243 -24.202 -23.536 -25.800  -0.140  -0.093   0.060   0.044
  201  8250  1.50 -1.00  2.00  1.25  0.00 -23.221 -24.281 -23.561 -25.800  -0.115   0.007   0.005  -0.011
  202  8250  2.00 -1.00  2.00  1.25  0.00 -23.167 -24.286 -23.565 -25.800  -0.111   0.066   0.004  -0.012
  203  8250  2.50 -1.00  2.00  1.25  0.00 -23.109 -24.265 -23.563 -25.800  -0.113   0.105   0.024   0.008
  204  8250  3.00 -1.00  2.00  1.25  0.00 -23.058 -24.229 -23.556 -25.800  -0.121   0.122   0.052   0.036
  205  8250  3.50 -1.00  2.00  1.25  0.00 -23.019 -24.181 -23.543 -25.800  -0.134   0.115   0.086   0.070
  206  8250  4.00 -1.00  2.00  1.25  0.00 -23.001 -24.123 -23.527 -25.800  -0.149   0.076   0.130   0.114
  207  8250  4.50 -1.00  2.00  1.25  0.00 -23.003 -24.061 -23.505 -25.800  -0.171   0.014   0.170   0.154
  208  8250  5.00 -1.00  2.00  1.25  0.00 -23.018 -24.000 -23.474 -25.800  -0.202  -0.061   0.199   0.183
  209  8500  1.50 -1.00  2.00  1.25  0.00 -23.371 -24.372 -23.648 -25.930  -0.158  -0.053   0.002  -0.014
  210  8500  2.00 -1.00  2.00  1.25  0.00 -23.324 -24.395 -23.659 -25.930  -0.147   0.018  -0.012  -0.028
  211  8500  2.50 -1.00  2.00  1.25  0.00 -23.265 -24.384 -23.661 -25.930  -0.145   0.068   0.001  -0.015
  212  8500  3.00 -1.00  2.00  1.25  0.00 -23.209 -24.356 -23.657 -25.930  -0.149   0.097   0.026   0.010
  213  8500  3.50 -1.00  2.00  1.25  0.00 -23.164 -24.316 -23.649 -25.930  -0.157   0.104   0.058   0.042
  214  8500  4.00 -1.00  2.00  1.25  0.00 -23.134 -24.265 -23.635 -25.930  -0.171   0.085   0.095   0.079
  215  8500  4.50 -1.00  2.00  1.25  0.00 -23.128 -24.207 -23.621 -25.930  -0.185   0.034   0.139   0.123
  216  8500  5.00 -1.00  2.00  1.25  0.00 -23.139 -24.147 -23.597 -25.930  -0.209  -0.036   0.175   0.159
  217  8750  1.50 -1.00  2.00  1.25  0.00 -23.509 -24.448 -23.724 -26.056  -0.208  -0.115   0.001  -0.015
  218  8750  2.00 -1.00  2.00  1.25  0.00 -23.469 -24.488 -23.741 -26.056  -0.191  -0.035  -0.022  -0.038
  219  8750  2.50 -1.00  2.00  1.25  0.00 -23.413 -24.489 -23.747 -26.056  -0.185   0.023  -0.017  -0.033
  220  8750  3.00 -1.00  2.00  1.25  0.00 -23.354 -24.468 -23.747 -26.056  -0.185   0.063   0.004  -0.012
  221  8750  3.50 -1.00  2.00  1.25  0.00 -23.302 -24.434 -23.743 -26.056  -0.189   0.083   0.033   0.017
  222  8750  4.00 -1.00  2.00  1.25  0.00 -23.264 -24.390 -23.733 -26.056  -0.199   0.079   0.068   0.052
  223  8750  4.50 -1.00  2.00  1.25  0.00 -23.245 -24.337 -23.720 -26.056  -0.211   0.046   0.109   0.093
  224  8750  5.00 -1.00  2.00  1.25  0.00 -23.254 -24.282 -23.708 -26.056  -0.224  -0.016   0.151   0.135
  225  9000  1.50 -1.00  2.00  0.00  0.00 -23.636 -24.516 -23.792 -26.178  -0.262  -0.173   0.000  -0.016
  226  9000  2.00 -1.00  2.00  0.00  0.00 -23.602 -24.569 -23.816 -26.178  -0.239  -0.087  -0.029  -0.045
  227  9000  2.50 -1.00  2.00  0.00  0.00 -23.550 -24.579 -23.824 -26.178  -0.230  -0.024  -0.030  -0.046
  228  9000  3.00 -1.00  2.00  0.00  0.00 -23.490 -24.566 -23.827 -26.178  -0.227   0.023  -0.014  -0.030
  229  9000  3.50 -1.00  2.00  0.00  0.00 -23.434 -24.538 -23.826 -26.178  -0.228   0.054   0.013  -0.003
  230  9000  4.00 -1.00  2.00  0.00  0.00 -23.388 -24.500 -23.821 -26.178  -0.233   0.063   0.046   0.030
  231  9000  4.50 -1.00  2.00  0.00  0.00 -23.361 -24.452 -23.810 -26.178  -0.244   0.045   0.083   0.067
  232  9000  5.00 -1.00  2.00  0.00  0.00 -23.351 -24.398 -23.794 -26.178  -0.261   0.003   0.120   0.104
  233  9250  2.00 -1.00  2.00  0.00  0.00 -23.723 -24.643 -23.884 -26.297  -0.289  -0.135  -0.034  -0.050
  234  9250  2.50 -1.00  2.00  0.00  0.00 -23.676 -24.660 -23.895 -26.297  -0.278  -0.070  -0.039  -0.055
  235  9250  3.00 -1.00  2.00  0.00  0.00 -23.618 -24.653 -23.900 -26.297  -0.273  -0.018  -0.028  -0.044
  236  9250  3.50 -1.00  2.00  0.00  0.00 -23.561 -24.631 -23.901 -26.297  -0.272   0.020  -0.005  -0.021
  237  9250  4.00 -1.00  2.00  0.00  0.00 -23.511 -24.598 -23.899 -26.297  -0.274   0.038   0.026   0.010
  238  9250  4.50 -1.00  2.00  0.00  0.00 -23.477 -24.556 -23.893 -26.297  -0.280   0.033   0.062   0.046
  239  9250  5.00 -1.00  2.00  0.00  0.00 -23.460 -24.506 -23.881 -26.297  -0.292   0.001   0.100   0.084
  240  9500  2.00 -1.00  2.00  0.00  0.00 -23.836 -24.711 -23.948 -26.413  -0.341  -0.180  -0.038  -0.054
  241  9500  2.50 -1.00  2.00  0.00  0.00 -23.793 -24.733 -23.960 -26.413  -0.329  -0.115  -0.047  -0.063
  242  9500  3.00 -1.00  2.00  0.00  0.00 -23.739 -24.732 -23.967 -26.413  -0.323  -0.061  -0.040  -0.056
  243  9500  3.50 -1.00  2.00  0.00  0.00 -23.682 -24.716 -23.970 -26.413  -0.320  -0.019  -0.021  -0.037
  244  9500  4.00 -1.00  2.00  0.00  0.00 -23.629 -24.688 -23.970 -26.413  -0.319   0.009   0.007  -0.009
  245  9500  4.50 -1.00  2.00  0.00  0.00 -23.588 -24.650 -23.967 -26.413  -0.322   0.014   0.042   0.026
  246  9500  5.00 -1.00  2.00  0.00  0.00 -23.565 -24.604 -23.960 -26.413  -0.329  -0.007   0.081   0.065
  247  9750  2.00 -1.00  2.00  0.00  0.00 -23.942 -24.776 -24.008 -26.526  -0.394  -0.221  -0.042  -0.058
  248  9750  2.50 -1.00  2.00  0.00  0.00 -23.901 -24.801 -24.022 -26.526  -0.380  -0.156  -0.054  -0.070
  249  9750  3.00 -1.00  2.00  0.00  0.00 -23.851 -24.803 -24.028 -26.526  -0.373  -0.102  -0.050  -0.066
  250  9750  3.50 -1.00  2.00  0.00  0.00 -23.796 -24.791 -24.032 -26.526  -0.369  -0.057  -0.034  -0.050
  251  9750  4.00 -1.00  2.00  0.00  0.00 -23.742 -24.768 -24.035 -26.526  -0.367  -0.024  -0.008  -0.024
  252  9750  4.50 -1.00  2.00  0.00  0.00 -23.696 -24.735 -24.035 -26.526  -0.367  -0.010   0.025   0.009
  253  9750  5.00 -1.00  2.00  0.00  0.00 -23.667 -24.693 -24.031 -26.526  -0.371  -0.021   0.064   0.048
  254 10000  2.00 -1.00  2.00  0.00  0.00 -24.041 -24.838 -24.066 -26.636  -0.446  -0.259  -0.047  -0.063
  255 10000  2.50 -1.00  2.00  0.00  0.00 -24.002 -24.864 -24.080 -26.636  -0.432  -0.193  -0.060  -0.076
  256 10000  3.00 -1.00  2.00  0.00  0.00 -23.954 -24.869 -24.087 -26.636  -0.425  -0.140  -0.058  -0.074
  257 10000  3.50 -1.00  2.00  0.00  0.00 -23.902 -24.861 -24.091 -26.636  -0.421  -0.094  -0.045  -0.061
  258 10000  4.00 -1.00  2.00  0.00  0.00 -23.848 -24.841 -24.094 -26.636  -0.417  -0.058  -0.022  -0.038
  259 10000  4.50 -1.00  2.00  0.00  0.00 -23.801 -24.812 -24.096 -26.636  -0.415  -0.038   0.009  -0.007
  260 10000  5.00 -1.00  2.00  0.00  0.00 -23.767 -24.774 -24.096 -26.636  -0.416  -0.040   0.046   0.030
  261 10500  2.00 -1.00  2.00  0.00  0.00 -24.226 -24.954 -24.174 -26.848  -0.550  -0.327  -0.055  -0.071
  262 10500  2.50 -1.00  2.00  0.00  0.00 -24.186 -24.983 -24.188 -26.848  -0.536  -0.259  -0.070  -0.086
  263 10500  3.00 -1.00  2.00  0.00  0.00 -24.142 -24.990 -24.194 -26.848  -0.530  -0.207  -0.071  -0.087
  264 10500  3.50 -1.00  2.00  0.00  0.00 -24.094 -24.985 -24.198 -26.848  -0.526  -0.163  -0.062  -0.078
  265 10500  4.00 -1.00  2.00  0.00  0.00 -24.045 -24.971 -24.202 -26.848  -0.522  -0.126  -0.044  -0.060
  266 10500  4.50 -1.00  2.00  0.00  0.00 -23.998 -24.949 -24.206 -26.848  -0.518  -0.100  -0.018  -0.034
  267 10500  5.00 -1.00  2.00  0.00  0.00 -23.959 -24.919 -24.209 -26.848  -0.515  -0.089   0.015  -0.001
  268 11000  2.50 -1.00  2.00  0.00  0.00 -24.354 -25.091 -24.287 -27.050  -0.638  -0.319  -0.079  -0.095
  269 11000  3.00 -1.00  2.00  0.00  0.00 -24.310 -25.099 -24.293 -27.050  -0.633  -0.266  -0.081  -0.097
  270 11000  3.50 -1.00  2.00  0.00  0.00 -24.264 -25.096 -24.296 -27.050  -0.630  -0.224  -0.075  -0.091
  271 11000  4.00 -1.00  2.00  0.00  0.00 -24.218 -25.085 -24.299 -27.050  -0.627  -0.187  -0.061  -0.077
  272 11000  4.50 -1.00  2.00  0.00  0.00 -24.174 -25.067 -24.303 -27.050  -0.623  -0.159  -0.039  -0.055
  273 11000  5.00 -1.00  2.00  0.00  0.00 -24.134 -25.042 -24.307 -27.050  -0.618  -0.142  -0.010  -0.026
  274 11500  2.50 -1.00  2.00  0.00  0.00 -24.507 -25.192 -24.379 -27.243  -0.739  -0.372  -0.088  -0.104
  275 11500  3.00 -1.00  2.00  0.00  0.00 -24.464 -25.200 -24.384 -27.243  -0.735  -0.320  -0.091  -0.107
  276 11500  3.50 -1.00  2.00  0.00  0.00 -24.419 -25.197 -24.386 -27.243  -0.732  -0.278  -0.086  -0.102
  277 11500  4.00 -1.00  2.00  0.00  0.00 -24.375 -25.187 -24.388 -27.243  -0.731  -0.242  -0.074  -0.090
  278 11500  4.50 -1.00  2.00  0.00  0.00 -24.333 -25.172 -24.391 -27.243  -0.728  -0.214  -0.056  -0.072
  279 11500  5.00 -1.00  2.00  0.00  0.00 -24.295 -25.151 -24.396 -27.243  -0.723  -0.194  -0.030  -0.046
  280 12000  2.50 -1.00  2.00  0.00  0.00 -24.649 -25.286 -24.465 -27.428  -0.839  -0.420  -0.096  -0.112
  281 12000  3.00 -1.00  2.00  0.00  0.00 -24.606 -25.294 -24.469 -27.428  -0.834  -0.368  -0.100  -0.116
  282 12000  3.50 -1.00  2.00  0.00  0.00 -24.562 -25.291 -24.471 -27.428  -0.833  -0.327  -0.095  -0.111
  283 12000  4.00 -1.00  2.00  0.00  0.00 -24.520 -25.282 -24.472 -27.428  -0.832  -0.293  -0.085  -0.101
  284 12000  4.50 -1.00  2.00  0.00  0.00 -24.480 -25.268 -24.474 -27.428  -0.830  -0.265  -0.069  -0.085
  285 12000  5.00 -1.00  2.00  0.00  0.00 -24.443 -25.250 -24.478 -27.428  -0.826  -0.244  -0.047  -0.063
  286 12500  2.50 -1.00  2.00  0.00  0.00 -24.779 -25.374 -24.545 -27.605  -0.936  -0.463  -0.104  -0.120
  287 12500  3.00 -1.00  2.00  0.00  0.00 -24.737 -25.382 -24.549 -27.605  -0.932  -0.412  -0.108  -0.124
  288 12500  3.50 -1.00  2.00  0.00  0.00 -24.695 -25.379 -24.550 -27.605  -0.931  -0.372  -0.104  -0.120
  289 12500  4.00 -1.00  2.00  0.00  0.00 -24.654 -25.371 -24.550 -27.605  -0.930  -0.339  -0.095  -0.111
  290 12500  4.50 -1.00  2.00  0.00  0.00 -24.615 -25.358 -24.552 -27.605  -0.929  -0.312  -0.081  -0.097
  291 12500  5.00 -1.00  2.00  0.00  0.00 -24.580 -25.341 -24.555 -27.605  -0.926  -0.292  -0.061  -0.077
  292 13000  2.50 -1.00  2.00  0.00  0.00 -24.902 -25.458 -24.621 -27.775  -1.031  -0.502  -0.112  -0.128
  293 13000  3.00 -1.00  2.00  0.00  0.00 -24.859 -25.465 -24.624 -27.775  -1.028  -0.452  -0.116  -0.132
  294 13000  3.50 -1.00  2.00  0.00  0.00 -24.818 -25.462 -24.624 -27.775  -1.027  -0.413  -0.113  -0.129
  295 13000  4.00 -1.00  2.00  0.00  0.00 -24.779 -25.454 -24.624 -27.775  -1.027  -0.381  -0.104  -0.120
  296 13000  4.50 -1.00  2.00  0.00  0.00 -24.741 -25.441 -24.625 -27.775  -1.026  -0.355  -0.091  -0.107
  297 13000  5.00 -1.00  2.00  0.00  0.00 -24.708 -25.425 -24.628 -27.775  -1.023  -0.335  -0.072  -0.088
  298 14000  2.00 -1.00  2.00  0.00  0.00 -25.172 -25.579 -24.748 -28.097  -1.225  -0.651  -0.106  -0.122
  299 14000  2.50 -1.00  2.00  0.00  0.00 -25.126 -25.613 -24.762 -28.097  -1.212  -0.571  -0.127  -0.143
  300 14000  3.00 -1.00  2.00  0.00  0.00 -25.082 -25.619 -24.762 -28.097  -1.211  -0.521  -0.132  -0.148
  301 14000  3.50 -1.00  2.00  0.00  0.00 -25.041 -25.615 -24.761 -28.097  -1.212  -0.484  -0.129  -0.145
  302 14000  4.00 -1.00  2.00  0.00  0.00 -25.004 -25.606 -24.761 -28.097  -1.213  -0.455  -0.121  -0.137
  303 14000  4.50 -1.00  2.00  0.00  0.00 -24.971 -25.595 -24.761 -28.097  -1.212  -0.431  -0.108  -0.124
  304 14000  5.00 -1.00  2.00  0.00  0.00 -24.940 -25.580 -24.763 -28.097  -1.210  -0.414  -0.092  -0.108
  305 15000  2.50 -1.00  2.00  0.00  0.00 -25.330 -25.757 -24.892 -28.397  -1.381  -0.632  -0.140  -0.156
  306 15000  3.00 -1.00  2.00  0.00  0.00 -25.282 -25.760 -24.889 -28.397  -1.384  -0.581  -0.146  -0.162
  307 15000  3.50 -1.00  2.00  0.00  0.00 -25.241 -25.754 -24.886 -28.397  -1.387  -0.545  -0.143  -0.159
  308 15000  4.00 -1.00  2.00  0.00  0.00 -25.205 -25.745 -24.884 -28.397  -1.389  -0.517  -0.136  -0.152
  309 15000  4.50 -1.00  2.00  0.00  0.00 -25.174 -25.734 -24.884 -28.397  -1.389  -0.496  -0.124  -0.140
  310 15000  5.00 -1.00  2.00  0.00  0.00 -25.146 -25.720 -24.886 -28.397  -1.387  -0.481  -0.109  -0.125
  311 16000  2.50 -1.00  2.00  0.00  0.00 -25.520 -25.891 -25.014 -28.677  -1.539  -0.689  -0.152  -0.168
  312 16000  3.00 -1.00  2.00  0.00  0.00 -25.467 -25.892 -25.008 -28.677  -1.545  -0.634  -0.159  -0.175
  313 16000  3.50 -1.00  2.00  0.00  0.00 -25.423 -25.884 -25.002 -28.677  -1.551  -0.598  -0.157  -0.173
  314 16000  4.00 -1.00  2.00  0.00  0.00 -25.387 -25.873 -24.998 -28.677  -1.555  -0.572  -0.150  -0.166
  315 16000  4.50 -1.00  2.00  0.00  0.00 -25.357 -25.861 -24.997 -28.677  -1.556  -0.552  -0.139  -0.155
  316 16000  5.00 -1.00  2.00  0.00  0.00 -25.331 -25.848 -24.998 -28.677  -1.555  -0.539  -0.125  -0.141
  317 17000  2.50 -1.00  2.00  0.00  0.00 -25.700 -26.017 -25.130 -28.940  -1.687  -0.743  -0.162  -0.178
  318 17000  3.00 -1.00  2.00  0.00  0.00 -25.640 -26.016 -25.120 -28.940  -1.696  -0.684  -0.171  -0.187
  319 17000  3.50 -1.00  2.00  0.00  0.00 -25.592 -26.005 -25.111 -28.940  -1.706  -0.646  -0.169  -0.185
  320 17000  4.00 -1.00  2.00  0.00  0.00 -25.554 -25.993 -25.105 -28.940  -1.711  -0.620  -0.163  -0.179
  321 17000  4.50 -1.00  2.00  0.00  0.00 -25.524 -25.980 -25.103 -28.940  -1.714  -0.601  -0.152  -0.168
  322 17000  5.00 -1.00  2.00  0.00  0.00 -25.500 -25.967 -25.103 -28.940  -1.713  -0.589  -0.139  -0.155
  323 18000  2.50 -1.00  2.00  0.00  0.00 -25.869 -26.136 -25.240 -29.189  -1.824  -0.793  -0.171  -0.187
  324 18000  3.00 -1.00  2.00  0.00  0.00 -25.803 -26.133 -25.227 -29.189  -1.837  -0.730  -0.181  -0.197
  325 18000  3.50 -1.00  2.00  0.00  0.00 -25.751 -26.120 -25.214 -29.189  -1.850  -0.691  -0.180  -0.196
  326 18000  4.00 -1.00  2.00  0.00  0.00 -25.711 -26.106 -25.206 -29.189  -1.858  -0.664  -0.174  -0.190
  327 18000  4.50 -1.00  2.00  0.00  0.00 -25.680 -26.092 -25.202 -29.189  -1.862  -0.646  -0.165  -0.181
  328 18000  5.00 -1.00  2.00  0.00  0.00 -25.656 -26.079 -25.202 -29.189  -1.863  -0.634  -0.152  -0.168
  329 19000  2.50 -1.00  2.00  0.00  0.00 -26.030 -26.250 -25.347 -29.423  -1.953  -0.840  -0.178  -0.194
  330 19000  3.00 -1.00  2.00  0.00  0.00 -25.958 -26.246 -25.330 -29.423  -1.970  -0.773  -0.191  -0.207
  331 19000  3.50 -1.00  2.00  0.00  0.00 -25.902 -26.230 -25.314 -29.423  -1.986  -0.733  -0.191  -0.207
  332 19000  4.00 -1.00  2.00  0.00  0.00 -25.859 -26.213 -25.303 -29.423  -1.997  -0.705  -0.185  -0.201
  333 19000  4.50 -1.00  2.00  0.00  0.00 -25.826 -26.198 -25.297 -29.423  -2.003  -0.687  -0.176  -0.192
  334 19000  5.00 -1.00  2.00  0.00  0.00 -25.802 -26.184 -25.295 -29.423  -2.004  -0.675  -0.164  -0.180
  335 20000  3.00 -1.00  2.00  0.00  0.00 -26.104 -26.354 -25.429 -29.646  -2.093  -0.812  -0.200  -0.216
  336 20000  3.50 -1.00  2.00  0.00  0.00 -26.045 -26.335 -25.409 -29.646  -2.113  -0.771  -0.201  -0.217
  337 20000  4.00 -1.00  2.00  0.00  0.00 -26.000 -26.316 -25.395 -29.646  -2.127  -0.744  -0.196  -0.212
  338 20000  4.50 -1.00  2.00  0.00  0.00 -25.965 -26.300 -25.388 -29.646  -2.135  -0.725  -0.187  -0.203
  339 20000  5.00 -1.00  2.00  0.00  0.00 -25.940 -26.285 -25.384 -29.646  -2.138  -0.713  -0.176  -0.192
  340 21000  3.00 -1.00  2.00  0.00  0.00 -26.245 -26.458 -25.525 -29.858  -2.209  -0.848  -0.208  -0.224
  341 21000  3.50 -1.00  2.00  0.00  0.00 -26.180 -26.436 -25.501 -29.858  -2.233  -0.806  -0.210  -0.226
  342 21000  4.00 -1.00  2.00  0.00  0.00 -26.133 -26.415 -25.485 -29.858  -2.249  -0.778  -0.205  -0.221
  343 21000  4.50 -1.00  2.00  0.00  0.00 -26.097 -26.397 -25.475 -29.858  -2.259  -0.760  -0.197  -0.213
  344 21000  5.00 -1.00  2.00  0.00  0.00 -26.071 -26.381 -25.470 -29.858  -2.264  -0.748  -0.186  -0.202
  345 22000  3.00 -1.00  2.00  0.00  0.00 -26.379 -26.558 -25.619 -30.060  -2.318  -0.883  -0.215  -0.231
  346 22000  3.50 -1.00  2.00  0.00  0.00 -26.310 -26.533 -25.591 -30.060  -2.346  -0.838  -0.218  -0.234
  347 22000  4.00 -1.00  2.00  0.00  0.00 -26.259 -26.510 -25.571 -30.060  -2.365  -0.810  -0.214  -0.230
  348 22000  4.50 -1.00  2.00  0.00  0.00 -26.223 -26.491 -25.559 -30.060  -2.377  -0.792  -0.207  -0.223
  349 22000  5.00 -1.00  2.00  0.00  0.00 -26.196 -26.474 -25.553 -30.060  -2.383  -0.781  -0.196  -0.212
  350 23000  3.00 -1.00  2.00  0.00  0.00 -26.509 -26.656 -25.710 -30.253  -2.419  -0.915  -0.222  -0.238
  351 23000  3.50 -1.00  2.00  0.00  0.00 -26.434 -26.628 -25.678 -30.253  -2.452  -0.868  -0.225  -0.241
  352 23000  4.00 -1.00  2.00  0.00  0.00 -26.381 -26.602 -25.655 -30.253  -2.474  -0.840  -0.222  -0.238
  353 23000  4.50 -1.00  2.00  0.00  0.00 -26.342 -26.581 -25.641 -30.253  -2.488  -0.821  -0.215  -0.231
  354 23000  5.00 -1.00  2.00  0.00  0.00 -26.315 -26.564 -25.633 -30.253  -2.496  -0.810  -0.206  -0.222
  355 24000  3.00 -1.00  2.00  0.00  0.00 -26.636 -26.754 -25.800 -30.438  -2.514  -0.944  -0.228  -0.244
  356 24000  3.50 -1.00  2.00  0.00  0.00 -26.554 -26.720 -25.763 -30.438  -2.551  -0.896  -0.233  -0.249
  357 24000  4.00 -1.00  2.00  0.00  0.00 -26.497 -26.692 -25.737 -30.438  -2.577  -0.867  -0.230  -0.246
  358 24000  4.50 -1.00  2.00  0.00  0.00 -26.457 -26.669 -25.721 -30.438  -2.593  -0.849  -0.224  -0.240
  359 24000  5.00 -1.00  2.00  0.00  0.00 -26.429 -26.651 -25.711 -30.438  -2.603  -0.838  -0.215  -0.231
  360 25000  3.00 -1.00  2.00  0.00  0.00 -26.763 -26.852 -25.893 -30.615  -2.598  -0.973  -0.235  -0.251
  361 25000  3.50 -1.00  2.00  0.00  0.00 -26.670 -26.810 -25.846 -30.615  -2.646  -0.922  -0.240  -0.256
  362 25000  4.00 -1.00  2.00  0.00  0.00 -26.610 -26.779 -25.817 -30.615  -2.674  -0.893  -0.237  -0.253
  363 25000  4.50 -1.00  2.00  0.00  0.00 -26.568 -26.755 -25.799 -30.615  -2.693  -0.874  -0.231  -0.247
  364 25000  5.00 -1.00  2.00  0.00  0.00 -26.538 -26.736 -25.788 -30.615  -2.703  -0.863  -0.223  -0.239
  365 26000  3.00 -1.00  2.00  0.00  0.00 -26.895 -26.953 -25.990 -30.786  -2.671  -1.004  -0.238  -0.254
  366 26000  3.50 -1.00  2.00  0.00  0.00 -26.783 -26.900 -25.928 -30.786  -2.733  -0.945  -0.247  -0.263
  367 26000  4.00 -1.00  2.00  0.00  0.00 -26.719 -26.865 -25.896 -30.786  -2.766  -0.916  -0.244  -0.260
  368 26000  4.50 -1.00  2.00  0.00  0.00 -26.675 -26.839 -25.875 -30.786  -2.786  -0.898  -0.239  -0.255
  369 26000  5.00 -1.00  2.00  0.00  0.00 -26.645 -26.819 -25.863 -30.786  -2.799  -0.887  -0.231  -0.247
  370 27000  3.50 -1.00  2.00  0.00  0.00 -26.897 -26.992 -26.013 -30.949  -2.813  -0.968  -0.254  -0.270
  371 27000  4.00 -1.00  2.00  0.00  0.00 -26.826 -26.950 -25.974 -30.949  -2.852  -0.938  -0.251  -0.267
  372 27000  4.50 -1.00  2.00  0.00  0.00 -26.780 -26.921 -25.951 -30.949  -2.875  -0.920  -0.246  -0.262
  373 27000  5.00 -1.00  2.00  0.00  0.00 -26.748 -26.900 -25.937 -30.949  -2.888  -0.909  -0.238  -0.254
  374 28000  3.50 -1.00  2.00  0.00  0.00 -27.013 -27.085 -26.100 -31.107  -2.884  -0.992  -0.260  -0.276
  375 28000  4.00 -1.00  2.00  0.00  0.00 -26.932 -27.035 -26.052 -31.107  -2.931  -0.959  -0.259  -0.275
  376 28000  4.50 -1.00  2.00  0.00  0.00 -26.882 -27.004 -26.026 -31.107  -2.958  -0.941  -0.253  -0.269
  377 28000  5.00 -1.00  2.00  0.00  0.00 -26.850 -26.981 -26.011 -31.107  -2.973  -0.931  -0.245  -0.261
  378 29000  3.50 -1.00  2.00  0.00  0.00 -27.130 -27.177 -26.188 -31.260  -2.948  -1.016  -0.265  -0.281
  379 29000  4.00 -1.00  2.00  0.00  0.00 -27.039 -27.122 -26.132 -31.260  -3.004  -0.980  -0.265  -0.281
  380 29000  4.50 -1.00  2.00  0.00  0.00 -26.984 -27.086 -26.101 -31.260  -3.035  -0.961  -0.260  -0.276
  381 29000  5.00 -1.00  2.00  0.00  0.00 -26.950 -27.062 -26.084 -31.260  -3.052  -0.951  -0.253  -0.269
  382 30000  3.50 -1.00  2.00  0.00  0.00 -27.238 -27.264 -26.271 -31.407  -3.012  -1.038  -0.267  -0.283
  383 30000  4.00 -1.00  2.00  0.00  0.00 -27.146 -27.210 -26.213 -31.407  -3.070  -1.000  -0.271  -0.287
  384 30000  4.50 -1.00  2.00  0.00  0.00 -27.086 -27.169 -26.177 -31.407  -3.106  -0.980  -0.267  -0.283
  385 30000  5.00 -1.00  2.00  0.00  0.00 -27.050 -27.142 -26.158 -31.407  -3.125  -0.970  -0.259  -0.275
  386 31000  3.50 -1.00  2.00  0.00  0.00 -27.335 -27.341 -26.348 -31.549  -3.078  -1.058  -0.268  -0.284
  387 31000  4.00 -1.00  2.00  0.00  0.00 -27.251 -27.295 -26.293 -31.549  -3.132  -1.020  -0.277  -0.293
  388 31000  4.50 -1.00  2.00  0.00  0.00 -27.188 -27.252 -26.254 -31.549  -3.171  -0.999  -0.273  -0.289
  389 31000  5.00 -1.00  2.00  0.00  0.00 -27.149 -27.223 -26.232 -31.549  -3.194  -0.989  -0.266  -0.282
  390 32000  4.00 -1.00  2.00  0.00  0.00 -27.350 -27.376 -26.370 -31.687  -3.193  -1.038  -0.281  -0.297
  391 32000  4.50 -1.00  2.00  0.00  0.00 -27.288 -27.334 -26.330 -31.687  -3.233  -1.017  -0.279  -0.295
  392 32000  5.00 -1.00  2.00  0.00  0.00 -27.247 -27.303 -26.306 -31.687  -3.258  -1.006  -0.272  -0.288
  393 33000  4.00 -1.00  2.00  0.00  0.00 -27.440 -27.449 -26.441 -31.821  -3.256  -1.055  -0.283  -0.299
  394 33000  4.50 -1.00  2.00  0.00  0.00 -27.384 -27.413 -26.404 -31.821  -3.293  -1.035  -0.284  -0.300
  395 33000  5.00 -1.00  2.00  0.00  0.00 -27.341 -27.381 -26.378 -31.821  -3.319  -1.023  -0.278  -0.294
  396 34000  4.00 -1.00  2.00  0.00  0.00 -27.518 -27.513 -26.503 -31.951  -3.323  -1.069  -0.285  -0.301
  397 34000  4.50 -1.00  2.00  0.00  0.00 -27.472 -27.486 -26.473 -31.951  -3.354  -1.050  -0.288  -0.304
  398 34000  5.00 -1.00  2.00  0.00  0.00 -27.433 -27.457 -26.449 -31.951  -3.378  -1.039  -0.284  -0.300
  399 35000  4.00 -1.00  2.00  0.00  0.00 -27.585 -27.569 -26.558 -32.077  -3.395  -1.081  -0.286  -0.302
  400 35000  4.50 -1.00  2.00  0.00  0.00 -27.550 -27.551 -26.535 -32.077  -3.417  -1.064  -0.291  -0.307
  401 35000  5.00 -1.00  2.00  0.00  0.00 -27.516 -27.527 -26.514 -32.077  -3.439  -1.053  -0.288  -0.304
  402 37500  4.50 -1.00  2.00  0.00  0.00 -27.707 -27.682 -26.662 -32.376  -3.590  -1.090  -0.295  -0.311
  403 37500  5.00 -1.00  2.00  0.00  0.00 -27.690 -27.673 -26.653 -32.376  -3.599  -1.082  -0.295  -0.311
  404 40000  4.50 -1.00  2.00  0.00  0.00 -27.814 -27.774 -26.750 -32.656  -3.782  -1.105  -0.299  -0.315
  405 40000  5.00 -1.00  2.00  0.00  0.00 -27.814 -27.778 -26.754 -32.656  -3.779  -1.101  -0.300  -0.316
  406 42500  5.00 -1.00  2.00  0.00  0.00 -27.903 -27.855 -26.827 -32.920  -3.969  -1.112  -0.304  -0.320
  407 45000  5.00 -1.00  2.00  0.00  0.00 -27.975 -27.920 -26.888 -33.168  -4.156  -1.120  -0.308  -0.324
  408 47500  5.00 -1.00  2.00  0.00  0.00 -28.042 -27.980 -26.944 -33.403  -4.335  -1.127  -0.311  -0.327
  409 50000  5.00 -1.00  2.00  0.00  0.00 -28.105 -28.038 -26.998 -33.626  -4.503  -1.132  -0.314  -0.330