TEFF   5750.  GRAVITY 3.50000 LTE
TITLE  [-2.0] N(He)/Ntot=0.0784 VTURB=2.0  L/H=1.25 ODFNEW
OPACITY IFOP 1 1 1 1 1 1 1 1 1 1 1 1 1 0 1 0 0 0 0 0
CONVECTION ON   1.25 TURBULENCE OFF  0.00  0.00  0.00  0.00
ABUNDANCE SCALE   0.01000 ABUNDANCE CHANGE 1 0.92160 2 0.07844
ABUNDANCE CHANGE  3 -10.94  4 -10.64  5  -9.49  6  -3.52  7  -4.12  8  -3.21
ABUNDANCE CHANGE  9  -7.48 10  -3.96 11  -5.71 12  -4.46 13  -5.57 14  -4.49
ABUNDANCE CHANGE 15  -6.59 16  -4.71 17  -6.54 18  -5.64 19  -6.92 20  -5.68
ABUNDANCE CHANGE 21  -8.87 22  -7.02 23  -8.04 24  -6.37 25  -6.65 26  -4.54
ABUNDANCE CHANGE 27  -7.12 28  -5.79 29  -7.83 30  -7.44 31  -9.16 32  -8.63
ABUNDANCE CHANGE 33  -9.67 34  -8.63 35  -9.41 36  -8.73 37  -9.44 38  -9.07
ABUNDANCE CHANGE 39  -9.80 40  -9.44 41 -10.62 42 -10.12 43 -20.00 44 -10.20
ABUNDANCE CHANGE 45 -10.92 46 -10.35 47 -11.10 48 -10.27 49 -10.38 50 -10.04
ABUNDANCE CHANGE 51 -11.04 52  -9.80 53 -10.53 54  -9.87 55 -10.91 56  -9.91
ABUNDANCE CHANGE 57 -10.87 58 -10.46 59 -11.33 60 -10.54 61 -20.00 62 -11.03
ABUNDANCE CHANGE 63 -11.53 64 -10.92 65 -11.69 66 -10.90 67 -11.78 68 -11.11
ABUNDANCE CHANGE 69 -12.04 70 -10.96 71 -11.98 72 -11.16 73 -12.17 74 -10.93
ABUNDANCE CHANGE 75 -11.76 76 -10.59 77 -10.69 78 -10.24 79 -11.03 80 -10.91
ABUNDANCE CHANGE 81 -11.14 82 -10.09 83 -11.33 84 -20.00 85 -20.00 86 -20.00
ABUNDANCE CHANGE 87 -20.00 88 -20.00 89 -20.00 90 -11.95 91 -20.00 92 -12.54
ABUNDANCE CHANGE 93 -20.00 94 -20.00 95 -20.00 96 -20.00 97 -20.00 98 -20.00
ABUNDANCE CHANGE 99 -20.00
READ DECK6 72 RHOX,T,P,XNE,ABROSS,ACCRAD,VTURB, FLXCNV,VCONV,VELSND
2.43572287E-03   4077.7 7.703E+00 3.594E+08 5.475E-05 3.383E-03 2.000E+05 0.000E+00 0.000E+00 7.672E+05
3.22686536E-03   4093.0 1.020E+01 4.457E+08 5.769E-05 3.380E-03 2.000E+05 0.000E+00 0.000E+00 7.467E+05
4.22363362E-03   4107.7 1.336E+01 5.476E+08 6.132E-05 3.375E-03 2.000E+05 0.000E+00 0.000E+00 7.316E+05
5.46671889E-03   4122.9 1.729E+01 6.700E+08 6.593E-05 3.372E-03 2.000E+05 0.000E+00 0.000E+00 7.206E+05
7.00012507E-03   4138.5 2.214E+01 8.167E+08 7.163E-05 3.372E-03 2.000E+05 0.000E+00 0.000E+00 7.126E+05
8.87384824E-03   4154.3 2.806E+01 9.906E+08 7.847E-05 3.374E-03 2.000E+05 0.000E+00 0.000E+00 7.068E+05
1.11463342E-02   4170.2 3.525E+01 1.196E+09 8.656E-05 3.381E-03 2.000E+05 0.000E+00 0.000E+00 7.027E+05
1.38850087E-02   4186.1 4.391E+01 1.437E+09 9.604E-05 3.397E-03 2.000E+05 0.000E+00 0.000E+00 6.998E+05
1.71687782E-02   4201.9 5.429E+01 1.718E+09 1.070E-04 3.416E-03 2.000E+05 0.000E+00 0.000E+00 6.977E+05
2.10908623E-02   4217.6 6.670E+01 2.045E+09 1.197E-04 3.439E-03 2.000E+05 0.000E+00 0.000E+00 6.964E+05
2.57621496E-02   4233.0 8.147E+01 2.424E+09 1.342E-04 3.468E-03 2.000E+05 0.000E+00 0.000E+00 6.955E+05
3.13129016E-02   4248.4 9.902E+01 2.863E+09 1.507E-04 3.504E-03 2.000E+05 0.000E+00 0.000E+00 6.951E+05
3.78967420E-02   4263.5 1.198E+02 3.369E+09 1.696E-04 3.554E-03 2.000E+05 0.000E+00 0.000E+00 6.950E+05
4.56911766E-02   4278.7 1.445E+02 3.958E+09 1.912E-04 3.613E-03 2.000E+05 0.000E+00 0.000E+00 6.951E+05
5.48966105E-02   4294.3 1.736E+02 4.645E+09 2.162E-04 3.681E-03 2.000E+05 0.000E+00 0.000E+00 6.954E+05
6.57424436E-02   4310.2 2.079E+02 5.449E+09 2.450E-04 3.758E-03 2.000E+05 0.000E+00 0.000E+00 6.959E+05
7.84883469E-02   4326.8 2.482E+02 6.395E+09 2.783E-04 3.844E-03 2.000E+05 0.000E+00 0.000E+00 6.966E+05
9.34249734E-02   4344.1 2.954E+02 7.512E+09 3.172E-04 3.939E-03 2.000E+05 0.000E+00 0.000E+00 6.975E+05
1.10881100E-01   4362.1 3.506E+02 8.832E+09 3.623E-04 4.050E-03 2.000E+05 0.000E+00 0.000E+00 6.985E+05
1.31237575E-01   4380.7 4.150E+02 1.038E+10 4.147E-04 4.190E-03 2.000E+05 0.000E+00 0.000E+00 6.996E+05
1.54923535E-01   4400.0 4.899E+02 1.222E+10 4.759E-04 4.348E-03 2.000E+05 0.000E+00 0.000E+00 7.008E+05
1.82423655E-01   4420.1 5.769E+02 1.440E+10 5.470E-04 4.523E-03 2.000E+05 0.000E+00 0.000E+00 7.021E+05
2.14310693E-01   4440.6 6.777E+02 1.697E+10 6.293E-04 4.714E-03 2.000E+05 0.000E+00 0.000E+00 7.034E+05
2.51264760E-01   4461.4 7.946E+02 1.997E+10 7.242E-04 4.925E-03 2.000E+05 0.000E+00 0.000E+00 7.048E+05
2.94098196E-01   4482.3 9.300E+02 2.348E+10 8.329E-04 5.157E-03 2.000E+05 0.000E+00 0.000E+00 7.063E+05
3.43784617E-01   4503.0 1.087E+03 2.756E+10 9.570E-04 5.420E-03 2.000E+05 0.000E+00 0.000E+00 7.077E+05
4.01512790E-01   4523.3 1.270E+03 3.224E+10 1.097E-03 5.714E-03 2.000E+05 0.000E+00 0.000E+00 7.091E+05
4.68695100E-01   4543.2 1.482E+03 3.764E+10 1.256E-03 6.041E-03 2.000E+05 0.000E+00 0.000E+00 7.105E+05
5.47078568E-01   4562.1 1.730E+03 4.374E+10 1.434E-03 6.400E-03 2.000E+05 0.000E+00 0.000E+00 7.119E+05
6.38755328E-01   4580.7 2.020E+03 5.074E+10 1.633E-03 6.785E-03 2.000E+05 0.000E+00 0.000E+00 7.131E+05
7.46261422E-01   4598.1 2.360E+03 5.861E+10 1.854E-03 7.196E-03 2.000E+05 0.000E+00 0.000E+00 7.143E+05
8.72751429E-01   4614.4 2.760E+03 6.744E+10 2.098E-03 7.659E-03 2.000E+05 0.000E+00 0.000E+00 7.154E+05
1.02215867E+00   4629.1 3.232E+03 7.715E+10 2.364E-03 8.179E-03 2.000E+05 0.000E+00 0.000E+00 7.164E+05
1.19907933E+00   4643.1 3.792E+03 8.811E+10 2.661E-03 8.786E-03 2.000E+05 0.000E+00 0.000E+00 7.173E+05
1.40897930E+00   4655.9 4.456E+03 1.003E+11 2.987E-03 9.466E-03 2.000E+05 0.000E+00 0.000E+00 7.181E+05
1.65820973E+00   4668.7 5.244E+03 1.141E+11 3.356E-03 1.025E-02 2.000E+05 0.000E+00 0.000E+00 7.188E+05
1.95415745E+00   4681.1 6.180E+03 1.298E+11 3.769E-03 1.113E-02 2.000E+05 0.000E+00 0.000E+00 7.195E+05
2.30514469E+00   4694.2 7.289E+03 1.480E+11 4.243E-03 1.215E-02 2.000E+05 0.000E+00 0.000E+00 7.202E+05
2.72053457E+00   4707.8 8.603E+03 1.691E+11 4.786E-03 1.332E-02 2.000E+05 0.000E+00 0.000E+00 7.209E+05
3.21065243E+00   4722.8 1.015E+04 1.941E+11 5.420E-03 1.470E-02 2.000E+05 0.000E+00 0.000E+00 7.217E+05
3.78596806E+00   4740.0 1.197E+04 2.243E+11 6.177E-03 1.635E-02 2.000E+05 0.000E+00 0.000E+00 7.226E+05
4.45721763E+00   4759.7 1.409E+04 2.610E+11 7.080E-03 1.831E-02 2.000E+05 0.000E+00 0.000E+00 7.236E+05
5.23541928E+00   4782.5 1.656E+04 3.064E+11 8.174E-03 2.068E-02 2.000E+05 0.000E+00 0.000E+00 7.250E+05
6.12955655E+00   4809.7 1.938E+04 3.641E+11 9.539E-03 2.365E-02 2.000E+05 0.000E+00 0.000E+00 7.266E+05
7.14514128E+00   4842.3 2.259E+04 4.391E+11 1.127E-02 2.738E-02 2.000E+05 0.000E+00 0.000E+00 7.288E+05
8.28377110E+00   4881.6 2.620E+04 5.387E+11 1.350E-02 3.217E-02 2.000E+05 0.000E+00 0.000E+00 7.315E+05
9.54111853E+00   4929.1 3.017E+04 6.748E+11 1.644E-02 3.843E-02 2.000E+05 0.000E+00 0.000E+00 7.350E+05
1.09040900E+01   4986.8 3.448E+04 8.673E+11 2.043E-02 4.690E-02 2.000E+05 0.000E+00 0.000E+00 7.393E+05
1.23486727E+01   5057.3 3.905E+04 1.149E+12 2.602E-02 5.869E-02 2.000E+05 0.000E+00 0.000E+00 7.447E+05
1.38421926E+01   5142.3 4.377E+04 1.574E+12 3.400E-02 7.542E-02 2.000E+05 0.000E+00 0.000E+00 7.513E+05
1.53442466E+01   5245.5 4.852E+04 2.242E+12 4.577E-02 9.998E-02 2.000E+05 0.000E+00 0.000E+00 7.592E+05
1.68103055E+01   5369.1 5.316E+04 3.323E+12 6.349E-02 1.368E-01 2.000E+05 1.386E+01 0.000E+00 7.684E+05
1.81960380E+01   5517.2 5.754E+04 5.148E+12 9.116E-02 1.944E-01 2.000E+05 1.851E+04 8.166E+02 7.789E+05
1.94566669E+01   5697.7 6.153E+04 8.420E+12 1.364E-01 2.886E-01 2.000E+05 6.144E+05 8.880E+03 7.910E+05
2.05594451E+01   5911.7 6.501E+04 1.440E+13 2.117E-01 4.448E-01 2.000E+05 7.735E+06 2.773E+04 8.040E+05
2.14889629E+01   6165.5 6.795E+04 2.574E+13 3.416E-01 7.119E-01 2.000E+05 4.655E+07 6.199E+04 8.175E+05
2.22365764E+01   6470.3 7.032E+04 4.841E+13 5.802E-01 1.182E+00 2.000E+05 1.670E+08 1.055E+05 8.307E+05
2.28134210E+01   6812.9 7.214E+04 9.166E+13 1.008E+00 1.899E+00 2.000E+05 5.384E+08 1.488E+05 8.412E+05
2.32702568E+01   7128.6 7.358E+04 1.563E+14 1.633E+00 2.556E+00 2.000E+05 1.275E+09 2.192E+05 8.471E+05
2.36645829E+01   7393.3 7.483E+04 2.363E+14 2.412E+00 2.839E+00 2.000E+05 2.153E+09 2.587E+05 8.501E+05
2.40337278E+01   7619.4 7.600E+04 3.289E+14 3.336E+00 2.822E+00 2.000E+05 2.915E+09 2.806E+05 8.519E+05
2.43970991E+01   7822.2 7.714E+04 4.358E+14 4.433E+00 2.678E+00 2.000E+05 3.485E+09 2.918E+05 8.534E+05
2.47674609E+01   8006.0 7.831E+04 5.560E+14 5.714E+00 2.502E+00 2.000E+05 3.879E+09 2.953E+05 8.551E+05
2.51551134E+01   8178.1 7.954E+04 6.920E+14 7.218E+00 2.358E+00 2.000E+05 4.151E+09 2.963E+05 8.570E+05
2.55673978E+01   8342.6 8.084E+04 8.463E+14 8.991E+00 2.222E+00 2.000E+05 4.341E+09 2.941E+05 8.594E+05
2.60117044E+01   8500.0 8.225E+04 1.020E+15 1.106E+01 2.114E+00 2.000E+05 4.477E+09 2.917E+05 8.623E+05
2.64940564E+01   8656.2 8.377E+04 1.219E+15 1.355E+01 2.004E+00 2.000E+05 4.579E+09 2.875E+05 8.657E+05
2.70225349E+01   8807.0 8.544E+04 1.441E+15 1.641E+01 1.903E+00 2.000E+05 4.655E+09 2.841E+05 8.696E+05
2.76038808E+01   8961.4 8.728E+04 1.701E+15 1.989E+01 1.809E+00 2.000E+05 4.715E+09 2.791E+05 8.742E+05
2.82474041E+01   9109.6 8.931E+04 1.986E+15 2.385E+01 1.715E+00 2.000E+05 4.761E+09 2.758E+05 8.792E+05
2.89601648E+01   9266.5 9.156E+04 2.328E+15 2.878E+01 1.635E+00 2.000E+05 4.795E+09 2.700E+05 8.851E+05
2.97553291E+01   9413.2 9.408E+04 2.692E+15 3.413E+01 1.651E+00 2.000E+05 4.820E+09 2.671E+05 8.912E+05
PRADK 1.4625E+00
BEGIN                    ITERATION  15 COMPLETED
