TEFF   4000.  GRAVITY 1.00000 LTE
TITLE  [-2.0] N(He)/Ntot=0.0784 VTURB=2.0  L/H=1.25 ODFNEW
OPACITY IFOP 1 1 1 1 1 1 1 1 1 1 1 1 1 0 1 0 0 0 0 0
CONVECTION ON   1.25 TURBULENCE OFF  0.00  0.00  0.00  0.00
ABUNDANCE SCALE   0.01000 ABUNDANCE CHANGE 1 0.92160 2 0.07844
ABUNDANCE CHANGE  3 -10.94  4 -10.64  5  -9.49  6  -3.52  7  -4.12  8  -3.21
ABUNDANCE CHANGE  9  -7.48 10  -3.96 11  -5.71 12  -4.46 13  -5.57 14  -4.49
ABUNDANCE CHANGE 15  -6.59 16  -4.71 17  -6.54 18  -5.64 19  -6.92 20  -5.68
ABUNDANCE CHANGE 21  -8.87 22  -7.02 23  -8.04 24  -6.37 25  -6.65 26  -4.54
ABUNDANCE CHANGE 27  -7.12 28  -5.79 29  -7.83 30  -7.44 31  -9.16 32  -8.63
ABUNDANCE CHANGE 33  -9.67 34  -8.63 35  -9.41 36  -8.73 37  -9.44 38  -9.07
ABUNDANCE CHANGE 39  -9.80 40  -9.44 41 -10.62 42 -10.12 43 -20.00 44 -10.20
ABUNDANCE CHANGE 45 -10.92 46 -10.35 47 -11.10 48 -10.27 49 -10.38 50 -10.04
ABUNDANCE CHANGE 51 -11.04 52  -9.80 53 -10.53 54  -9.87 55 -10.91 56  -9.91
ABUNDANCE CHANGE 57 -10.87 58 -10.46 59 -11.33 60 -10.54 61 -20.00 62 -11.03
ABUNDANCE CHANGE 63 -11.53 64 -10.92 65 -11.69 66 -10.90 67 -11.78 68 -11.11
ABUNDANCE CHANGE 69 -12.04 70 -10.96 71 -11.98 72 -11.16 73 -12.17 74 -10.93
ABUNDANCE CHANGE 75 -11.76 76 -10.59 77 -10.69 78 -10.24 79 -11.03 80 -10.91
ABUNDANCE CHANGE 81 -11.14 82 -10.09 83 -11.33 84 -20.00 85 -20.00 86 -20.00
ABUNDANCE CHANGE 87 -20.00 88 -20.00 89 -20.00 90 -11.95 91 -20.00 92 -12.54
ABUNDANCE CHANGE 93 -20.00 94 -20.00 95 -20.00 96 -20.00 97 -20.00 98 -20.00
ABUNDANCE CHANGE 99 -20.00
READ DECK6 72 RHOX,T,P,XNE,ABROSS,ACCRAD,VTURB, FLXCNV,VCONV,VELSND
1.06089188E-02   2043.5 1.061E-01 2.521E+04 1.257E-05 1.295E-04 2.000E+05 0.000E+00 0.000E+00 5.900E+05
1.39944890E-02   2058.2 1.399E-01 3.309E+04 1.370E-05 1.309E-04 2.000E+05 0.000E+00 0.000E+00 5.455E+05
1.81475887E-02   2072.8 1.815E-01 4.273E+04 1.486E-05 1.321E-04 2.000E+05 0.000E+00 0.000E+00 5.129E+05
2.32806534E-02   2088.1 2.328E-01 5.467E+04 1.596E-05 1.328E-04 2.000E+05 0.000E+00 0.000E+00 4.890E+05
2.96339913E-02   2102.4 2.963E-01 6.936E+04 1.722E-05 1.336E-04 2.000E+05 0.000E+00 0.000E+00 4.699E+05
3.75010591E-02   2115.7 3.750E-01 8.744E+04 1.849E-05 1.349E-04 2.000E+05 0.000E+00 0.000E+00 4.546E+05
4.73076667E-02   2129.4 4.731E-01 1.100E+05 1.971E-05 1.359E-04 2.000E+05 0.000E+00 0.000E+00 4.430E+05
5.96277490E-02   2144.4 5.963E-01 1.383E+05 2.084E-05 1.363E-04 2.000E+05 0.000E+00 0.000E+00 4.344E+05
7.52183937E-02   2160.7 7.522E-01 1.744E+05 2.189E-05 1.358E-04 2.000E+05 0.000E+00 0.000E+00 4.281E+05
9.50902627E-02   2178.5 9.509E-01 2.207E+05 2.283E-05 1.343E-04 2.000E+05 0.000E+00 0.000E+00 4.238E+05
1.20546919E-01   2196.1 1.205E+00 2.800E+05 2.373E-05 1.333E-04 2.000E+05 0.000E+00 0.000E+00 4.203E+05
1.53269793E-01   2214.3 1.533E+00 3.565E+05 2.456E-05 1.322E-04 2.000E+05 0.000E+00 0.000E+00 4.178E+05
1.95544987E-01   2234.2 1.955E+00 4.562E+05 2.528E-05 1.302E-04 2.000E+05 0.000E+00 0.000E+00 4.165E+05
2.50484441E-01   2256.1 2.505E+00 5.877E+05 2.587E-05 1.268E-04 2.000E+05 0.000E+00 0.000E+00 4.162E+05
3.22389647E-01   2280.2 3.224E+00 7.632E+05 2.624E-05 1.220E-04 2.000E+05 0.000E+00 0.000E+00 4.169E+05
4.17489115E-01   2305.1 4.175E+00 9.987E+05 2.633E-05 1.180E-04 2.000E+05 0.000E+00 0.000E+00 4.179E+05
5.44285016E-01   2332.3 5.443E+00 1.321E+06 2.627E-05 1.135E-04 2.000E+05 0.000E+00 0.000E+00 4.196E+05
7.14093937E-01   2362.3 7.141E+00 1.770E+06 2.610E-05 1.077E-04 2.000E+05 0.000E+00 0.000E+00 4.221E+05
9.42818225E-01   2396.0 9.428E+00 2.408E+06 2.574E-05 1.008E-04 2.000E+05 0.000E+00 0.000E+00 4.254E+05
1.25388668E+00   2431.3 1.254E+01 3.322E+06 2.511E-05 9.563E-05 2.000E+05 0.000E+00 0.000E+00 4.291E+05
1.67973924E+00   2469.9 1.680E+01 4.668E+06 2.444E-05 9.037E-05 2.000E+05 0.000E+00 0.000E+00 4.334E+05
2.26478005E+00   2513.6 2.265E+01 6.727E+06 2.365E-05 8.434E-05 2.000E+05 0.000E+00 0.000E+00 4.389E+05
3.07490539E+00   2561.7 3.075E+01 9.937E+06 2.267E-05 7.948E-05 2.000E+05 0.000E+00 0.000E+00 4.452E+05
4.20875415E+00   2614.6 4.209E+01 1.509E+07 2.149E-05 7.521E-05 2.000E+05 0.000E+00 0.000E+00 4.525E+05
5.80843189E+00   2676.4 5.808E+01 2.388E+07 2.027E-05 7.199E-05 2.000E+05 0.000E+00 0.000E+00 4.617E+05
8.07663618E+00   2747.4 8.077E+01 3.929E+07 1.905E-05 6.909E-05 2.000E+05 0.000E+00 0.000E+00 4.730E+05
1.12448602E+01   2825.1 1.125E+02 6.580E+07 1.856E-05 6.822E-05 2.000E+05 0.000E+00 0.000E+00 4.860E+05
1.54570013E+01   2903.3 1.546E+02 1.077E+08 1.917E-05 6.840E-05 2.000E+05 0.000E+00 0.000E+00 4.993E+05
2.07004867E+01   2973.7 2.070E+02 1.656E+08 2.114E-05 6.959E-05 2.000E+05 0.000E+00 0.000E+00 5.108E+05
2.69558267E+01   3033.8 2.696E+02 2.385E+08 2.390E-05 7.127E-05 2.000E+05 0.000E+00 0.000E+00 5.200E+05
3.42247964E+01   3083.4 3.422E+02 3.242E+08 2.771E-05 7.361E-05 2.000E+05 0.000E+00 0.000E+00 5.267E+05
4.25800374E+01   3124.6 4.258E+02 4.221E+08 3.215E-05 7.653E-05 2.000E+05 0.000E+00 0.000E+00 5.315E+05
5.22173012E+01   3159.7 5.222E+02 5.337E+08 3.706E-05 7.991E-05 2.000E+05 0.000E+00 0.000E+00 5.351E+05
6.33347597E+01   3190.6 6.333E+02 6.611E+08 4.295E-05 8.373E-05 2.000E+05 0.000E+00 0.000E+00 5.376E+05
7.61718744E+01   3217.2 7.617E+02 8.043E+08 4.940E-05 8.822E-05 2.000E+05 0.000E+00 0.000E+00 5.393E+05
9.11008413E+01   3241.3 9.110E+02 9.683E+08 5.653E-05 9.349E-05 2.000E+05 0.000E+00 0.000E+00 5.404E+05
1.08499030E+02   3263.8 1.085E+03 1.157E+09 6.471E-05 9.967E-05 2.000E+05 0.000E+00 0.000E+00 5.411E+05
1.28745298E+02   3285.5 1.287E+03 1.375E+09 7.422E-05 1.069E-04 2.000E+05 0.000E+00 0.000E+00 5.417E+05
1.52302984E+02   3307.3 1.523E+03 1.630E+09 8.501E-05 1.151E-04 2.000E+05 0.000E+00 0.000E+00 5.424E+05
1.79668793E+02   3329.8 1.797E+03 1.930E+09 9.778E-05 1.246E-04 2.000E+05 0.000E+00 0.000E+00 5.433E+05
2.11388777E+02   3353.4 2.114E+03 2.285E+09 1.125E-04 1.357E-04 2.000E+05 0.000E+00 0.000E+00 5.444E+05
2.48144202E+02   3379.4 2.481E+03 2.711E+09 1.295E-04 1.486E-04 2.000E+05 0.000E+00 0.000E+00 5.462E+05
2.90684886E+02   3408.7 2.907E+03 3.228E+09 1.494E-04 1.637E-04 2.000E+05 0.000E+00 0.000E+00 5.487E+05
3.39712483E+02   3442.2 3.397E+03 3.861E+09 1.733E-04 1.817E-04 2.000E+05 0.000E+00 0.000E+00 5.521E+05
3.96138141E+02   3481.2 3.961E+03 4.647E+09 2.005E-04 2.006E-04 2.000E+05 0.000E+00 0.000E+00 5.568E+05
4.61468242E+02   3522.4 4.615E+03 5.592E+09 2.301E-04 2.193E-04 2.000E+05 0.000E+00 0.000E+00 5.618E+05
5.36851234E+02   3571.0 5.368E+03 6.780E+09 2.683E-04 2.427E-04 2.000E+05 0.000E+00 0.000E+00 5.685E+05
6.22494363E+02   3627.0 6.225E+03 8.253E+09 3.172E-04 2.705E-04 2.000E+05 0.000E+00 0.000E+00 5.767E+05
7.17330079E+02   3694.9 7.173E+03 1.010E+10 3.885E-04 3.102E-04 2.000E+05 0.000E+00 0.000E+00 5.874E+05
8.20161572E+02   3772.0 8.201E+03 1.237E+10 4.781E-04 3.593E-04 2.000E+05 0.000E+00 0.000E+00 5.999E+05
9.32019014E+02   3861.0 9.320E+03 1.530E+10 5.844E-04 4.117E-04 2.000E+05 0.000E+00 0.000E+00 6.143E+05
1.05362502E+03   3959.4 1.054E+04 1.935E+10 7.220E-04 4.754E-04 2.000E+05 0.000E+00 0.000E+00 6.296E+05
1.18209854E+03   4069.5 1.182E+04 2.582E+10 9.362E-04 5.763E-04 2.000E+05 0.000E+00 0.000E+00 6.459E+05
1.30951022E+03   4192.1 1.309E+04 3.748E+10 1.309E-03 7.535E-04 2.000E+05 0.000E+00 0.000E+00 6.626E+05
1.42593551E+03   4329.1 1.426E+04 5.999E+10 1.993E-03 1.077E-03 2.000E+05 4.513E-07 2.481E+03 6.796E+05
1.52391026E+03   4483.7 1.524E+04 1.051E+11 3.273E-03 1.681E-03 2.000E+05 4.293E-05 1.131E+04 6.967E+05
1.60156602E+03   4656.9 1.601E+04 1.966E+11 5.620E-03 2.770E-03 2.000E+05 1.272E-03 3.510E+04 7.137E+05
1.66059747E+03   4856.5 1.660E+04 3.923E+11 1.006E-02 4.810E-03 2.000E+05 7.827E-03 6.473E+04 7.312E+05
1.70324291E+03   5093.6 1.703E+04 8.415E+11 1.900E-02 8.698E-03 2.000E+05 1.694E-02 8.384E+04 7.499E+05
1.73338318E+03   5348.6 1.733E+04 1.785E+12 3.529E-02 1.422E-02 2.000E+05 1.243E-01 1.642E+05 7.678E+05
1.75632398E+03   5573.8 1.756E+04 3.284E+12 5.834E-02 1.824E-02 2.000E+05 3.415E-01 2.343E+05 7.819E+05
1.77588787E+03   5764.2 1.776E+04 5.308E+12 8.684E-02 1.951E-02 2.000E+05 5.331E-01 2.737E+05 7.923E+05
1.79403818E+03   5931.1 1.794E+04 7.893E+12 1.211E-01 1.944E-02 2.000E+05 6.681E-01 2.950E+05 8.003E+05
1.81177982E+03   6083.4 1.811E+04 1.113E+13 1.621E-01 1.915E-02 2.000E+05 7.564E-01 3.066E+05 8.065E+05
1.82969498E+03   6227.0 1.829E+04 1.517E+13 2.116E-01 1.898E-02 2.000E+05 8.153E-01 3.133E+05 8.113E+05
1.84816220E+03   6365.3 1.848E+04 2.018E+13 2.717E-01 1.897E-02 2.000E+05 8.561E-01 3.168E+05 8.152E+05
1.86745647E+03   6500.8 1.867E+04 2.640E+13 3.450E-01 1.889E-02 2.000E+05 8.870E-01 3.183E+05 8.179E+05
1.88780338E+03   6634.6 1.887E+04 3.407E+13 4.347E-01 1.889E-02 2.000E+05 9.107E-01 3.190E+05 8.200E+05
1.90937491E+03   6768.8 1.909E+04 4.357E+13 5.457E-01 1.877E-02 2.000E+05 9.286E-01 3.170E+05 8.214E+05
1.93238090E+03   6901.0 1.932E+04 5.503E+13 6.802E-01 1.871E-02 2.000E+05 9.437E-01 3.163E+05 8.224E+05
1.95693812E+03   7037.1 1.956E+04 6.938E+13 8.505E-01 1.849E-02 2.000E+05 9.547E-01 3.114E+05 8.230E+05
1.98326311E+03   7167.0 1.983E+04 8.592E+13 1.050E+00 1.976E-02 2.000E+05 9.618E-01 3.099E+05 8.235E+05
PRADK 3.3953E-01
BEGIN                    ITERATION  15 COMPLETED
