TEFF   8250.  GRAVITY 5.00000 LTE
TITLE  [-2.0] N(He)/Ntot=0.0784 VTURB=2.0  L/H=1.25 ODFNEW
OPACITY IFOP 1 1 1 1 1 1 1 1 1 1 1 1 1 0 1 0 0 0 0 0
CONVECTION ON   1.25 TURBULENCE OFF  0.00  0.00  0.00  0.00
ABUNDANCE SCALE   0.01000 ABUNDANCE CHANGE 1 0.92160 2 0.07844
ABUNDANCE CHANGE  3 -10.94  4 -10.64  5  -9.49  6  -3.52  7  -4.12  8  -3.21
ABUNDANCE CHANGE  9  -7.48 10  -3.96 11  -5.71 12  -4.46 13  -5.57 14  -4.49
ABUNDANCE CHANGE 15  -6.59 16  -4.71 17  -6.54 18  -5.64 19  -6.92 20  -5.68
ABUNDANCE CHANGE 21  -8.87 22  -7.02 23  -8.04 24  -6.37 25  -6.65 26  -4.54
ABUNDANCE CHANGE 27  -7.12 28  -5.79 29  -7.83 30  -7.44 31  -9.16 32  -8.63
ABUNDANCE CHANGE 33  -9.67 34  -8.63 35  -9.41 36  -8.73 37  -9.44 38  -9.07
ABUNDANCE CHANGE 39  -9.80 40  -9.44 41 -10.62 42 -10.12 43 -20.00 44 -10.20
ABUNDANCE CHANGE 45 -10.92 46 -10.35 47 -11.10 48 -10.27 49 -10.38 50 -10.04
ABUNDANCE CHANGE 51 -11.04 52  -9.80 53 -10.53 54  -9.87 55 -10.91 56  -9.91
ABUNDANCE CHANGE 57 -10.87 58 -10.46 59 -11.33 60 -10.54 61 -20.00 62 -11.03
ABUNDANCE CHANGE 63 -11.53 64 -10.92 65 -11.69 66 -10.90 67 -11.78 68 -11.11
ABUNDANCE CHANGE 69 -12.04 70 -10.96 71 -11.98 72 -11.16 73 -12.17 74 -10.93
ABUNDANCE CHANGE 75 -11.76 76 -10.59 77 -10.69 78 -10.24 79 -11.03 80 -10.91
ABUNDANCE CHANGE 81 -11.14 82 -10.09 83 -11.33 84 -20.00 85 -20.00 86 -20.00
ABUNDANCE CHANGE 87 -20.00 88 -20.00 89 -20.00 90 -11.95 91 -20.00 92 -12.54
ABUNDANCE CHANGE 93 -20.00 94 -20.00 95 -20.00 96 -20.00 97 -20.00 98 -20.00
ABUNDANCE CHANGE 99 -20.00
READ DECK6 72 RHOX,T,P,XNE,ABROSS,ACCRAD,VTURB, FLXCNV,VCONV,VELSND
8.51815555E-06   5778.6 8.518E-01 3.657E+10 1.566E-02 4.958E-01 2.000E+05 0.000E+00 0.000E+00 1.254E+06
1.15072555E-05   5780.7 1.151E+00 4.293E+10 1.410E-02 4.847E-01 2.000E+05 0.000E+00 0.000E+00 1.161E+06
1.59317498E-05   5783.4 1.593E+00 5.109E+10 1.271E-02 4.751E-01 2.000E+05 0.000E+00 0.000E+00 1.077E+06
2.24434028E-05   5789.3 2.244E+00 6.174E+10 1.159E-02 4.683E-01 2.000E+05 0.000E+00 0.000E+00 1.002E+06
3.19589871E-05   5795.8 3.196E+00 7.509E+10 1.068E-02 4.633E-01 2.000E+05 0.000E+00 0.000E+00 9.404E+05
4.55067909E-05   5807.9 4.551E+00 9.250E+10 1.015E-02 4.626E-01 2.000E+05 0.000E+00 0.000E+00 8.895E+05
6.43716004E-05   5819.5 6.437E+00 1.133E+11 9.802E-03 4.630E-01 2.000E+05 0.000E+00 0.000E+00 8.502E+05
8.98304932E-05   5838.7 8.983E+00 1.404E+11 9.856E-03 4.683E-01 2.000E+05 0.000E+00 0.000E+00 8.196E+05
1.23486407E-04   5853.5 1.235E+01 1.706E+11 9.981E-03 4.728E-01 2.000E+05 0.000E+00 0.000E+00 7.975E+05
1.67042261E-04   5874.9 1.670E+01 2.089E+11 1.046E-02 4.816E-01 2.000E+05 0.000E+00 0.000E+00 7.808E+05
2.21972212E-04   5897.6 2.220E+01 2.541E+11 1.114E-02 4.921E-01 2.000E+05 0.000E+00 0.000E+00 7.688E+05
2.90234719E-04   5921.3 2.902E+01 3.070E+11 1.204E-02 5.042E-01 2.000E+05 0.000E+00 0.000E+00 7.603E+05
3.73323846E-04   5952.3 3.733E+01 3.739E+11 1.335E-02 5.222E-01 2.000E+05 0.000E+00 0.000E+00 7.541E+05
4.74025306E-04   5974.5 4.740E+01 4.433E+11 1.458E-02 5.362E-01 2.000E+05 0.000E+00 0.000E+00 7.503E+05
5.95592966E-04   6003.8 5.956E+01 5.307E+11 1.628E-02 5.564E-01 2.000E+05 0.000E+00 0.000E+00 7.477E+05
7.40903500E-04   6031.1 7.409E+01 6.291E+11 1.814E-02 5.770E-01 2.000E+05 0.000E+00 0.000E+00 7.463E+05
9.14180282E-04   6060.0 9.142E+01 7.450E+11 2.035E-02 6.010E-01 2.000E+05 0.000E+00 0.000E+00 7.457E+05
1.12002504E-03   6088.6 1.120E+02 8.779E+11 2.285E-02 6.276E-01 2.000E+05 0.000E+00 0.000E+00 7.458E+05
1.36414870E-03   6117.8 1.364E+02 1.032E+12 2.572E-02 6.578E-01 2.000E+05 0.000E+00 0.000E+00 7.464E+05
1.65323378E-03   6146.9 1.653E+02 1.210E+12 2.897E-02 6.911E-01 2.000E+05 0.000E+00 0.000E+00 7.474E+05
1.99528809E-03   6176.2 1.995E+02 1.414E+12 3.267E-02 7.281E-01 2.000E+05 0.000E+00 0.000E+00 7.488E+05
2.39974897E-03   6205.5 2.400E+02 1.650E+12 3.685E-02 7.689E-01 2.000E+05 0.000E+00 0.000E+00 7.504E+05
2.87789993E-03   6234.7 2.878E+02 1.920E+12 4.156E-02 8.138E-01 2.000E+05 0.000E+00 0.000E+00 7.522E+05
3.44329818E-03   6263.7 3.443E+02 2.230E+12 4.686E-02 8.630E-01 2.000E+05 0.000E+00 0.000E+00 7.542E+05
4.11219528E-03   6292.3 4.112E+02 2.584E+12 5.281E-02 9.168E-01 2.000E+05 0.000E+00 0.000E+00 7.564E+05
4.90419787E-03   6320.4 4.904E+02 2.987E+12 5.944E-02 9.748E-01 2.000E+05 0.000E+00 0.000E+00 7.587E+05
5.84339664E-03   6347.5 5.843E+02 3.444E+12 6.677E-02 1.037E+00 2.000E+05 0.000E+00 0.000E+00 7.612E+05
6.95975902E-03   6373.2 6.960E+02 3.957E+12 7.481E-02 1.103E+00 2.000E+05 0.000E+00 0.000E+00 7.639E+05
8.29067856E-03   6397.2 8.291E+02 4.529E+12 8.354E-02 1.174E+00 2.000E+05 0.000E+00 0.000E+00 7.665E+05
9.88332269E-03   6418.9 9.883E+02 5.161E+12 9.292E-02 1.249E+00 2.000E+05 0.000E+00 0.000E+00 7.693E+05
1.17950704E-02   6439.0 1.180E+03 5.865E+12 1.031E-01 1.333E+00 2.000E+05 0.000E+00 0.000E+00 7.723E+05
1.40955185E-02   6457.5 1.410E+03 6.647E+12 1.142E-01 1.424E+00 2.000E+05 0.000E+00 0.000E+00 7.753E+05
1.68670766E-02   6475.5 1.687E+03 7.530E+12 1.264E-01 1.525E+00 2.000E+05 0.000E+00 0.000E+00 7.784E+05
2.02053976E-02   6493.5 2.021E+03 8.532E+12 1.399E-01 1.639E+00 2.000E+05 0.000E+00 0.000E+00 7.816E+05
2.42206693E-02   6512.3 2.422E+03 9.686E+12 1.553E-01 1.767E+00 2.000E+05 0.000E+00 0.000E+00 7.848E+05
2.90415393E-02   6532.0 2.904E+03 1.101E+13 1.726E-01 1.910E+00 2.000E+05 0.000E+00 0.000E+00 7.880E+05
3.48170873E-02   6553.0 3.482E+03 1.255E+13 1.924E-01 2.073E+00 2.000E+05 0.000E+00 0.000E+00 7.913E+05
4.17205531E-02   6575.3 4.172E+03 1.432E+13 2.148E-01 2.259E+00 2.000E+05 0.000E+00 0.000E+00 7.945E+05
4.99602167E-02   6598.4 4.996E+03 1.636E+13 2.402E-01 2.470E+00 2.000E+05 0.000E+00 0.000E+00 7.977E+05
5.97776388E-02   6623.1 5.978E+03 1.874E+13 2.691E-01 2.712E+00 2.000E+05 0.000E+00 0.000E+00 8.009E+05
7.14445628E-02   6650.0 7.144E+03 2.152E+13 3.025E-01 2.996E+00 2.000E+05 0.000E+00 0.000E+00 8.041E+05
8.52534416E-02   6680.2 8.525E+03 2.483E+13 3.416E-01 3.334E+00 2.000E+05 0.000E+00 0.000E+00 8.073E+05
1.01507566E-01   6714.9 1.015E+04 2.885E+13 3.883E-01 3.742E+00 2.000E+05 0.000E+00 0.000E+00 8.105E+05
1.20485534E-01   6756.7 1.205E+04 3.386E+13 4.458E-01 4.251E+00 2.000E+05 0.000E+00 0.000E+00 8.136E+05
1.42410715E-01   6806.6 1.424E+04 4.017E+13 5.174E-01 4.891E+00 2.000E+05 0.000E+00 0.000E+00 8.167E+05
1.67432095E-01   6867.1 1.674E+04 4.835E+13 6.088E-01 5.715E+00 2.000E+05 0.000E+00 0.000E+00 8.198E+05
1.95550460E-01   6940.7 1.955E+04 5.918E+13 7.286E-01 6.804E+00 2.000E+05 0.000E+00 0.000E+00 8.228E+05
2.26578568E-01   7030.3 2.266E+04 7.387E+13 8.894E-01 8.278E+00 2.000E+05 0.000E+00 0.000E+00 8.258E+05
2.60068485E-01   7140.0 2.601E+04 9.438E+13 1.113E+00 1.034E+01 2.000E+05 0.000E+00 0.000E+00 8.288E+05
2.95272323E-01   7273.7 2.953E+04 1.237E+14 1.432E+00 1.331E+01 2.000E+05 0.000E+00 0.000E+00 8.316E+05
3.31176010E-01   7435.3 3.312E+04 1.667E+14 1.904E+00 1.775E+01 2.000E+05 9.982E+00 0.000E+00 8.344E+05
3.66513883E-01   7631.2 3.665E+04 2.315E+14 2.631E+00 2.467E+01 2.000E+05 9.746E+02 8.197E+02 8.372E+05
3.99912262E-01   7866.5 3.999E+04 3.314E+14 3.794E+00 3.583E+01 2.000E+05 3.272E+04 3.573E+03 8.404E+05
4.29931880E-01   8153.1 4.299E+04 4.914E+14 5.789E+00 5.526E+01 2.000E+05 1.320E+06 1.082E+04 8.450E+05
4.55574316E-01   8489.6 4.555E+04 7.455E+14 9.262E+00 8.924E+01 2.000E+05 3.379E+07 3.541E+04 8.525E+05
4.76023002E-01   8915.0 4.759E+04 1.188E+15 1.618E+01 1.560E+02 2.000E+05 2.468E+08 9.807E+04 8.660E+05
4.90925974E-01   9433.7 4.908E+04 1.946E+15 3.017E+01 2.741E+02 2.000E+05 1.580E+09 1.689E+05 8.897E+05
5.02187315E-01   9893.8 5.020E+04 2.850E+15 4.929E+01 3.630E+02 2.000E+05 4.718E+09 3.070E+05 9.177E+05
5.12311503E-01  10227.9 5.121E+04 3.657E+15 6.796E+01 3.627E+02 2.000E+05 8.514E+09 3.720E+05 9.423E+05
5.22514904E-01  10508.8 5.223E+04 4.435E+15 8.705E+01 3.320E+02 2.000E+05 1.173E+10 4.126E+05 9.656E+05
5.33389659E-01  10760.2 5.331E+04 5.205E+15 1.068E+02 2.953E+02 2.000E+05 1.414E+10 4.377E+05 9.886E+05
5.45372982E-01  10998.9 5.451E+04 5.997E+15 1.278E+02 2.639E+02 2.000E+05 1.586E+10 4.553E+05 1.012E+06
5.58862085E-01  11233.0 5.585E+04 6.827E+15 1.500E+02 2.418E+02 2.000E+05 1.702E+10 4.678E+05 1.037E+06
5.74347533E-01  11472.0 5.740E+04 7.720E+15 1.726E+02 2.242E+02 2.000E+05 1.774E+10 4.761E+05 1.064E+06
5.92408149E-01  11718.7 5.920E+04 8.683E+15 1.965E+02 2.134E+02 2.000E+05 1.833E+10 4.838E+05 1.092E+06
6.13631650E-01  11983.9 6.132E+04 9.748E+15 2.221E+02 2.099E+02 2.000E+05 1.867E+10 4.946E+05 1.125E+06
6.38775824E-01  12275.6 6.383E+04 1.093E+16 2.490E+02 2.034E+02 2.000E+05 1.879E+10 4.953E+05 1.161E+06
6.68885001E-01  12583.5 6.683E+04 1.219E+16 2.752E+02 2.126E+02 2.000E+05 1.931E+10 5.099E+05 1.200E+06
7.05656930E-01  12978.9 7.050E+04 1.370E+16 2.968E+02 2.310E+02 2.000E+05 1.893E+10 5.277E+05 1.251E+06
7.51764251E-01  13445.8 7.510E+04 1.534E+16 3.114E+02 2.338E+02 2.000E+05 1.891E+10 5.036E+05 1.310E+06
8.11200676E-01  13972.7 8.103E+04 1.706E+16 3.159E+02 3.642E+02 2.000E+05 1.869E+10 5.875E+05 1.374E+06
8.99733311E-01  15405.8 8.984E+04 1.903E+16 2.492E+02 4.764E+02 2.000E+05 1.593E+10 5.432E+05 1.537E+06
PRADK 6.2100E+00
BEGIN                    ITERATION  15 COMPLETED
