TEFF   3750.  GRAVITY 0.50000 LTE
TITLE  [-2.0] N(He)/Ntot=0.0784 VTURB=2.0  L/H=1.25 ODFNEW
OPACITY IFOP 1 1 1 1 1 1 1 1 1 1 1 1 1 0 1 0 0 0 0 0
CONVECTION ON   1.25 TURBULENCE OFF  0.00  0.00  0.00  0.00
ABUNDANCE SCALE   0.01000 ABUNDANCE CHANGE 1 0.92160 2 0.07844
ABUNDANCE CHANGE  3 -10.94  4 -10.64  5  -9.49  6  -3.52  7  -4.12  8  -3.21
ABUNDANCE CHANGE  9  -7.48 10  -3.96 11  -5.71 12  -4.46 13  -5.57 14  -4.49
ABUNDANCE CHANGE 15  -6.59 16  -4.71 17  -6.54 18  -5.64 19  -6.92 20  -5.68
ABUNDANCE CHANGE 21  -8.87 22  -7.02 23  -8.04 24  -6.37 25  -6.65 26  -4.54
ABUNDANCE CHANGE 27  -7.12 28  -5.79 29  -7.83 30  -7.44 31  -9.16 32  -8.63
ABUNDANCE CHANGE 33  -9.67 34  -8.63 35  -9.41 36  -8.73 37  -9.44 38  -9.07
ABUNDANCE CHANGE 39  -9.80 40  -9.44 41 -10.62 42 -10.12 43 -20.00 44 -10.20
ABUNDANCE CHANGE 45 -10.92 46 -10.35 47 -11.10 48 -10.27 49 -10.38 50 -10.04
ABUNDANCE CHANGE 51 -11.04 52  -9.80 53 -10.53 54  -9.87 55 -10.91 56  -9.91
ABUNDANCE CHANGE 57 -10.87 58 -10.46 59 -11.33 60 -10.54 61 -20.00 62 -11.03
ABUNDANCE CHANGE 63 -11.53 64 -10.92 65 -11.69 66 -10.90 67 -11.78 68 -11.11
ABUNDANCE CHANGE 69 -12.04 70 -10.96 71 -11.98 72 -11.16 73 -12.17 74 -10.93
ABUNDANCE CHANGE 75 -11.76 76 -10.59 77 -10.69 78 -10.24 79 -11.03 80 -10.91
ABUNDANCE CHANGE 81 -11.14 82 -10.09 83 -11.33 84 -20.00 85 -20.00 86 -20.00
ABUNDANCE CHANGE 87 -20.00 88 -20.00 89 -20.00 90 -11.95 91 -20.00 92 -12.54
ABUNDANCE CHANGE 93 -20.00 94 -20.00 95 -20.00 96 -20.00 97 -20.00 98 -20.00
ABUNDANCE CHANGE 99 -20.00
READ DECK6 72 RHOX,T,P,XNE,ABROSS,ACCRAD,VTURB, FLXCNV,VCONV,VELSND
1.38914325E-02   1995.0 4.393E-02 1.059E+04 9.599E-06 8.845E-05 2.000E+05 0.000E+00 0.000E+00 7.346E+05
1.79367789E-02   1995.0 5.672E-02 1.342E+04 1.239E-05 9.674E-05 2.000E+05 0.000E+00 0.000E+00 6.409E+05
2.21954217E-02   1995.0 7.019E-02 1.634E+04 1.546E-05 1.063E-04 2.000E+05 0.000E+00 0.000E+00 5.804E+05
2.70605003E-02   2003.5 8.557E-02 1.980E+04 1.705E-05 1.090E-04 2.000E+05 0.000E+00 0.000E+00 5.461E+05
3.30420355E-02   2014.0 1.045E-01 2.409E+04 1.820E-05 1.096E-04 2.000E+05 0.000E+00 0.000E+00 5.192E+05
4.04902775E-02   2023.6 1.280E-01 2.937E+04 1.954E-05 1.111E-04 2.000E+05 0.000E+00 0.000E+00 4.950E+05
4.97614122E-02   2034.4 1.574E-01 3.595E+04 2.085E-05 1.123E-04 2.000E+05 0.000E+00 0.000E+00 4.754E+05
6.13965764E-02   2046.4 1.942E-01 4.422E+04 2.207E-05 1.127E-04 2.000E+05 0.000E+00 0.000E+00 4.596E+05
7.61106429E-02   2060.0 2.407E-01 5.473E+04 2.318E-05 1.124E-04 2.000E+05 0.000E+00 0.000E+00 4.471E+05
9.48994814E-02   2075.6 3.001E-01 6.824E+04 2.411E-05 1.108E-04 2.000E+05 0.000E+00 0.000E+00 4.375E+05
1.18984482E-01   2090.8 3.763E-01 8.547E+04 2.512E-05 1.097E-04 2.000E+05 0.000E+00 0.000E+00 4.292E+05
1.49614747E-01   2104.5 4.732E-01 1.071E+05 2.651E-05 1.098E-04 2.000E+05 0.000E+00 0.000E+00 4.218E+05
1.88470695E-01   2119.8 5.961E-01 1.348E+05 2.768E-05 1.089E-04 2.000E+05 0.000E+00 0.000E+00 4.164E+05
2.38332161E-01   2136.8 7.538E-01 1.704E+05 2.864E-05 1.068E-04 2.000E+05 0.000E+00 0.000E+00 4.128E+05
3.03013856E-01   2156.3 9.585E-01 2.171E+05 2.927E-05 1.030E-04 2.000E+05 0.000E+00 0.000E+00 4.107E+05
3.87604549E-01   2175.6 1.226E+00 2.782E+05 2.979E-05 9.931E-05 2.000E+05 0.000E+00 0.000E+00 4.091E+05
4.98560680E-01   2196.8 1.577E+00 3.589E+05 3.028E-05 9.559E-05 2.000E+05 0.000E+00 0.000E+00 4.085E+05
6.44032183E-01   2218.3 2.037E+00 4.650E+05 3.082E-05 9.221E-05 2.000E+05 0.000E+00 0.000E+00 4.084E+05
8.35287082E-01   2242.1 2.643E+00 6.065E+05 3.111E-05 8.757E-05 2.000E+05 0.000E+00 0.000E+00 4.092E+05
1.08888413E+00   2267.4 3.445E+00 7.968E+05 3.120E-05 8.230E-05 2.000E+05 0.000E+00 0.000E+00 4.105E+05
1.42631114E+00   2293.8 4.513E+00 1.054E+06 3.126E-05 7.779E-05 2.000E+05 0.000E+00 0.000E+00 4.122E+05
1.87364433E+00   2319.8 5.929E+00 1.397E+06 3.157E-05 7.489E-05 2.000E+05 0.000E+00 0.000E+00 4.139E+05
2.46455347E+00   2347.9 7.799E+00 1.864E+06 3.180E-05 7.124E-05 2.000E+05 0.000E+00 0.000E+00 4.162E+05
3.25024779E+00   2378.7 1.029E+01 2.507E+06 3.178E-05 6.648E-05 2.000E+05 0.000E+00 0.000E+00 4.192E+05
4.29490491E+00   2408.2 1.360E+01 3.377E+06 3.200E-05 6.366E-05 2.000E+05 0.000E+00 0.000E+00 4.218E+05
5.67285542E+00   2438.1 1.796E+01 4.557E+06 3.246E-05 6.180E-05 2.000E+05 0.000E+00 0.000E+00 4.245E+05
7.48841410E+00   2471.1 2.371E+01 6.205E+06 3.270E-05 5.882E-05 2.000E+05 0.000E+00 0.000E+00 4.279E+05
9.90375427E+00   2508.8 3.137E+01 8.581E+06 3.264E-05 5.445E-05 2.000E+05 0.000E+00 0.000E+00 4.323E+05
1.30873748E+01   2540.2 4.146E+01 1.169E+07 3.347E-05 5.364E-05 2.000E+05 0.000E+00 0.000E+00 4.352E+05
1.72467172E+01   2576.0 5.464E+01 1.611E+07 3.389E-05 5.179E-05 2.000E+05 0.000E+00 0.000E+00 4.390E+05
2.27736361E+01   2619.0 7.218E+01 2.280E+07 3.375E-05 4.832E-05 2.000E+05 0.000E+00 0.000E+00 4.443E+05
3.01250841E+01   2663.2 9.550E+01 3.248E+07 3.406E-05 4.586E-05 2.000E+05 0.000E+00 0.000E+00 4.498E+05
3.98338381E+01   2707.8 1.263E+02 4.642E+07 3.435E-05 4.413E-05 2.000E+05 0.000E+00 0.000E+00 4.552E+05
5.27074253E+01   2760.2 1.672E+02 6.807E+07 3.445E-05 4.211E-05 2.000E+05 0.000E+00 0.000E+00 4.622E+05
6.97540903E+01   2815.2 2.212E+02 1.006E+08 3.498E-05 4.128E-05 2.000E+05 0.000E+00 0.000E+00 4.696E+05
9.23428204E+01   2881.3 2.929E+02 1.539E+08 3.484E-05 3.995E-05 2.000E+05 0.000E+00 0.000E+00 4.794E+05
1.21214106E+02   2929.3 3.842E+02 2.179E+08 3.818E-05 4.141E-05 2.000E+05 0.000E+00 0.000E+00 4.850E+05
1.56291878E+02   2975.9 4.951E+02 3.021E+08 4.204E-05 4.340E-05 2.000E+05 0.000E+00 0.000E+00 4.905E+05
1.98467983E+02   3018.0 6.285E+02 4.065E+08 4.698E-05 4.578E-05 2.000E+05 0.000E+00 0.000E+00 4.951E+05
2.48149215E+02   3052.2 7.855E+02 5.262E+08 5.378E-05 4.925E-05 2.000E+05 0.000E+00 0.000E+00 4.981E+05
3.06224241E+02   3085.2 9.691E+02 6.712E+08 6.109E-05 5.322E-05 2.000E+05 0.000E+00 0.000E+00 5.010E+05
3.74324333E+02   3116.3 1.184E+03 8.437E+08 6.957E-05 5.810E-05 2.000E+05 0.000E+00 0.000E+00 5.036E+05
4.54144463E+02   3150.0 1.437E+03 1.061E+09 7.908E-05 6.382E-05 2.000E+05 0.000E+00 0.000E+00 5.069E+05
5.47403231E+02   3185.3 1.731E+03 1.331E+09 9.057E-05 7.078E-05 2.000E+05 0.000E+00 0.000E+00 5.106E+05
6.55930896E+02   3225.4 2.075E+03 1.678E+09 1.038E-04 7.922E-05 2.000E+05 0.000E+00 0.000E+00 5.153E+05
7.82065323E+02   3271.2 2.473E+03 2.132E+09 1.192E-04 8.938E-05 2.000E+05 0.000E+00 0.000E+00 5.214E+05
9.27814015E+02   3325.2 2.934E+03 2.734E+09 1.386E-04 1.020E-04 2.000E+05 0.000E+00 0.000E+00 5.293E+05
1.09283519E+03   3387.0 3.456E+03 3.517E+09 1.654E-04 1.178E-04 2.000E+05 0.000E+00 0.000E+00 5.390E+05
1.27524876E+03   3460.5 4.033E+03 4.543E+09 2.003E-04 1.371E-04 2.000E+05 0.000E+00 0.000E+00 5.515E+05
1.47929315E+03   3538.6 4.678E+03 5.798E+09 2.356E-04 1.530E-04 2.000E+05 0.000E+00 0.000E+00 5.651E+05
1.70753962E+03   3629.0 5.400E+03 7.388E+09 2.867E-04 1.728E-04 2.000E+05 0.000E+00 0.000E+00 5.812E+05
1.95123845E+03   3731.1 6.170E+03 9.339E+09 3.651E-04 2.025E-04 2.000E+05 0.000E+00 0.000E+00 5.993E+05
2.20749388E+03   3843.5 6.981E+03 1.181E+10 4.609E-04 2.376E-04 2.000E+05 0.000E+00 0.000E+00 6.184E+05
2.47756447E+03   3966.8 7.835E+03 1.548E+10 5.876E-04 2.801E-04 2.000E+05 0.000E+00 0.000E+00 6.377E+05
2.75003939E+03   4101.3 8.696E+03 2.222E+10 8.133E-04 3.604E-04 2.000E+05 1.546E-10 1.826E+02 6.565E+05
2.99819874E+03   4250.3 9.481E+03 3.618E+10 1.259E-03 5.207E-04 2.000E+05 7.559E-07 3.088E+03 6.750E+05
3.20211033E+03   4413.7 1.013E+04 6.542E+10 2.129E-03 8.325E-04 2.000E+05 5.532E-05 1.292E+04 6.928E+05
3.35762843E+03   4596.7 1.062E+04 1.282E+11 3.827E-03 1.441E-03 2.000E+05 1.622E-03 3.998E+04 7.103E+05
3.47047154E+03   4807.6 1.097E+04 2.695E+11 7.167E-03 2.623E-03 2.000E+05 2.871E-03 4.866E+04 7.284E+05
3.54857680E+03   5054.0 1.122E+04 6.032E+11 1.405E-02 4.882E-03 2.000E+05 2.115E-02 9.483E+04 7.474E+05
3.60273333E+03   5306.5 1.139E+04 1.284E+12 2.623E-02 7.775E-03 2.000E+05 1.618E-01 1.888E+05 7.648E+05
3.64396457E+03   5525.8 1.152E+04 2.346E+12 4.320E-02 9.535E-03 2.000E+05 4.023E-01 2.612E+05 7.782E+05
3.67927924E+03   5709.7 1.163E+04 3.760E+12 6.397E-02 9.855E-03 2.000E+05 5.877E-01 2.977E+05 7.880E+05
3.71226489E+03   5869.0 1.174E+04 5.529E+12 8.854E-02 9.703E-03 2.000E+05 7.071E-01 3.159E+05 7.953E+05
3.74470753E+03   6014.9 1.184E+04 7.738E+12 1.180E-01 9.587E-03 2.000E+05 7.836E-01 3.263E+05 8.009E+05
3.77760863E+03   6152.6 1.194E+04 1.048E+13 1.534E-01 9.573E-03 2.000E+05 8.333E-01 3.315E+05 8.052E+05
3.81164454E+03   6285.3 1.205E+04 1.387E+13 1.963E-01 9.500E-03 2.000E+05 8.708E-01 3.347E+05 8.085E+05
3.84728292E+03   6416.2 1.216E+04 1.809E+13 2.489E-01 9.496E-03 2.000E+05 8.984E-01 3.363E+05 8.109E+05
3.88489930E+03   6545.7 1.228E+04 2.329E+13 3.134E-01 9.433E-03 2.000E+05 9.192E-01 3.351E+05 8.126E+05
3.92488255E+03   6674.0 1.241E+04 2.965E+13 3.921E-01 9.426E-03 2.000E+05 9.363E-01 3.353E+05 8.137E+05
3.96745377E+03   6805.0 1.254E+04 3.758E+13 4.910E-01 9.307E-03 2.000E+05 9.488E-01 3.305E+05 8.143E+05
4.01298218E+03   6930.7 1.268E+04 4.683E+13 6.076E-01 1.001E-02 2.000E+05 9.568E-01 3.299E+05 8.146E+05
PRADK 2.6233E-01
BEGIN                    ITERATION  15 COMPLETED
