TEFF   6000.  GRAVITY 4.00000 LTE
TITLE  [-2.0] N(He)/Ntot=0.0784 VTURB=2.0  L/H=1.25 ODFNEW
OPACITY IFOP 1 1 1 1 1 1 1 1 1 1 1 1 1 0 1 0 0 0 0 0
CONVECTION ON   1.25 TURBULENCE OFF  0.00  0.00  0.00  0.00
ABUNDANCE SCALE   0.01000 ABUNDANCE CHANGE 1 0.92160 2 0.07844
ABUNDANCE CHANGE  3 -10.94  4 -10.64  5  -9.49  6  -3.52  7  -4.12  8  -3.21
ABUNDANCE CHANGE  9  -7.48 10  -3.96 11  -5.71 12  -4.46 13  -5.57 14  -4.49
ABUNDANCE CHANGE 15  -6.59 16  -4.71 17  -6.54 18  -5.64 19  -6.92 20  -5.68
ABUNDANCE CHANGE 21  -8.87 22  -7.02 23  -8.04 24  -6.37 25  -6.65 26  -4.54
ABUNDANCE CHANGE 27  -7.12 28  -5.79 29  -7.83 30  -7.44 31  -9.16 32  -8.63
ABUNDANCE CHANGE 33  -9.67 34  -8.63 35  -9.41 36  -8.73 37  -9.44 38  -9.07
ABUNDANCE CHANGE 39  -9.80 40  -9.44 41 -10.62 42 -10.12 43 -20.00 44 -10.20
ABUNDANCE CHANGE 45 -10.92 46 -10.35 47 -11.10 48 -10.27 49 -10.38 50 -10.04
ABUNDANCE CHANGE 51 -11.04 52  -9.80 53 -10.53 54  -9.87 55 -10.91 56  -9.91
ABUNDANCE CHANGE 57 -10.87 58 -10.46 59 -11.33 60 -10.54 61 -20.00 62 -11.03
ABUNDANCE CHANGE 63 -11.53 64 -10.92 65 -11.69 66 -10.90 67 -11.78 68 -11.11
ABUNDANCE CHANGE 69 -12.04 70 -10.96 71 -11.98 72 -11.16 73 -12.17 74 -10.93
ABUNDANCE CHANGE 75 -11.76 76 -10.59 77 -10.69 78 -10.24 79 -11.03 80 -10.91
ABUNDANCE CHANGE 81 -11.14 82 -10.09 83 -11.33 84 -20.00 85 -20.00 86 -20.00
ABUNDANCE CHANGE 87 -20.00 88 -20.00 89 -20.00 90 -11.95 91 -20.00 92 -12.54
ABUNDANCE CHANGE 93 -20.00 94 -20.00 95 -20.00 96 -20.00 97 -20.00 98 -20.00
ABUNDANCE CHANGE 99 -20.00
READ DECK6 72 RHOX,T,P,XNE,ABROSS,ACCRAD,VTURB, FLXCNV,VCONV,VELSND
1.30287450E-03   4254.1 1.303E+01 1.044E+09 1.024E-04 6.606E-03 2.000E+05 0.000E+00 0.000E+00 7.545E+05
1.71697322E-03   4275.0 1.717E+01 1.314E+09 1.125E-04 6.578E-03 2.000E+05 0.000E+00 0.000E+00 7.405E+05
2.22015755E-03   4292.6 2.220E+01 1.614E+09 1.233E-04 6.538E-03 2.000E+05 0.000E+00 0.000E+00 7.305E+05
2.82959864E-03   4310.5 2.830E+01 1.970E+09 1.363E-04 6.504E-03 2.000E+05 0.000E+00 0.000E+00 7.235E+05
3.56240307E-03   4328.3 3.562E+01 2.387E+09 1.515E-04 6.488E-03 2.000E+05 0.000E+00 0.000E+00 7.185E+05
4.43935538E-03   4345.9 4.439E+01 2.873E+09 1.692E-04 6.488E-03 2.000E+05 0.000E+00 0.000E+00 7.149E+05
5.48505950E-03   4363.3 5.485E+01 3.438E+09 1.895E-04 6.500E-03 2.000E+05 0.000E+00 0.000E+00 7.124E+05
6.72795362E-03   4380.7 6.728E+01 4.095E+09 2.129E-04 6.546E-03 2.000E+05 0.000E+00 0.000E+00 7.108E+05
8.20103909E-03   4398.0 8.201E+01 4.859E+09 2.398E-04 6.605E-03 2.000E+05 0.000E+00 0.000E+00 7.097E+05
9.94290438E-03   4415.3 9.943E+01 5.748E+09 2.707E-04 6.673E-03 2.000E+05 0.000E+00 0.000E+00 7.091E+05
1.19996115E-02   4432.4 1.200E+02 6.774E+09 3.058E-04 6.764E-03 2.000E+05 0.000E+00 0.000E+00 7.089E+05
1.44261639E-02   4449.4 1.443E+02 7.959E+09 3.458E-04 6.868E-03 2.000E+05 0.000E+00 0.000E+00 7.090E+05
1.72870230E-02   4466.2 1.729E+02 9.327E+09 3.912E-04 6.987E-03 2.000E+05 0.000E+00 0.000E+00 7.092E+05
2.06584622E-02   4482.9 2.066E+02 1.090E+10 4.428E-04 7.122E-03 2.000E+05 0.000E+00 0.000E+00 7.097E+05
2.46309108E-02   4499.5 2.463E+02 1.272E+10 5.011E-04 7.280E-03 2.000E+05 0.000E+00 0.000E+00 7.103E+05
2.93100387E-02   4516.0 2.931E+02 1.481E+10 5.674E-04 7.462E-03 2.000E+05 0.000E+00 0.000E+00 7.110E+05
3.48227863E-02   4532.2 3.482E+02 1.720E+10 6.421E-04 7.677E-03 2.000E+05 0.000E+00 0.000E+00 7.117E+05
4.13170444E-02   4548.5 4.132E+02 1.996E+10 7.271E-04 7.934E-03 2.000E+05 0.000E+00 0.000E+00 7.126E+05
4.89648139E-02   4564.7 4.896E+02 2.314E+10 8.234E-04 8.226E-03 2.000E+05 0.000E+00 0.000E+00 7.135E+05
5.79650882E-02   4581.4 5.796E+02 2.685E+10 9.336E-04 8.522E-03 2.000E+05 0.000E+00 0.000E+00 7.145E+05
6.85461303E-02   4598.5 6.855E+02 3.117E+10 1.059E-03 8.835E-03 2.000E+05 0.000E+00 0.000E+00 7.156E+05
8.09734818E-02   4616.0 8.097E+02 3.619E+10 1.203E-03 9.188E-03 2.000E+05 0.000E+00 0.000E+00 7.167E+05
9.55559416E-02   4633.8 9.556E+02 4.203E+10 1.368E-03 9.585E-03 2.000E+05 0.000E+00 0.000E+00 7.179E+05
1.12652834E-01   4651.9 1.127E+03 4.882E+10 1.557E-03 1.005E-02 2.000E+05 0.000E+00 0.000E+00 7.191E+05
1.32689340E-01   4670.1 1.327E+03 5.667E+10 1.772E-03 1.057E-02 2.000E+05 0.000E+00 0.000E+00 7.204E+05
1.56155095E-01   4688.8 1.562E+03 6.583E+10 2.018E-03 1.115E-02 2.000E+05 0.000E+00 0.000E+00 7.217E+05
1.83638017E-01   4707.3 1.836E+03 7.635E+10 2.297E-03 1.180E-02 2.000E+05 0.000E+00 0.000E+00 7.229E+05
2.15841156E-01   4725.8 2.158E+03 8.851E+10 2.613E-03 1.253E-02 2.000E+05 0.000E+00 0.000E+00 7.242E+05
2.53619363E-01   4743.7 2.536E+03 1.023E+11 2.968E-03 1.333E-02 2.000E+05 0.000E+00 0.000E+00 7.255E+05
2.97995115E-01   4761.4 2.980E+03 1.181E+11 3.368E-03 1.424E-02 2.000E+05 0.000E+00 0.000E+00 7.267E+05
3.50223102E-01   4778.0 3.502E+03 1.358E+11 3.810E-03 1.525E-02 2.000E+05 0.000E+00 0.000E+00 7.278E+05
4.11808605E-01   4794.1 4.118E+03 1.558E+11 4.307E-03 1.642E-02 2.000E+05 0.000E+00 0.000E+00 7.289E+05
4.84594682E-01   4808.8 4.846E+03 1.779E+11 4.852E-03 1.773E-02 2.000E+05 0.000E+00 0.000E+00 7.299E+05
5.70769716E-01   4823.2 5.708E+03 2.031E+11 5.464E-03 1.920E-02 2.000E+05 0.000E+00 0.000E+00 7.308E+05
6.72983107E-01   4836.3 6.730E+03 2.309E+11 6.134E-03 2.083E-02 2.000E+05 0.000E+00 0.000E+00 7.317E+05
7.94369991E-01   4849.4 7.944E+03 2.625E+11 6.889E-03 2.269E-02 2.000E+05 0.000E+00 0.000E+00 7.324E+05
9.38628896E-01   4861.8 9.386E+03 2.978E+11 7.726E-03 2.479E-02 2.000E+05 0.000E+00 0.000E+00 7.331E+05
1.10993314E+00   4874.9 1.110E+04 3.388E+11 8.688E-03 2.723E-02 2.000E+05 0.000E+00 0.000E+00 7.339E+05
1.31289214E+00   4888.6 1.313E+04 3.863E+11 9.790E-03 3.006E-02 2.000E+05 0.000E+00 0.000E+00 7.346E+05
1.55257300E+00   4904.0 1.553E+04 4.425E+11 1.108E-02 3.338E-02 2.000E+05 0.000E+00 0.000E+00 7.354E+05
1.83432480E+00   4921.3 1.834E+04 5.097E+11 1.260E-02 3.727E-02 2.000E+05 0.000E+00 0.000E+00 7.363E+05
2.16382125E+00   4941.4 2.164E+04 5.915E+11 1.441E-02 4.191E-02 2.000E+05 0.000E+00 0.000E+00 7.374E+05
2.54638551E+00   4965.0 2.546E+04 6.932E+11 1.662E-02 4.753E-02 2.000E+05 0.000E+00 0.000E+00 7.388E+05
2.98689158E+00   4992.9 2.987E+04 8.211E+11 1.933E-02 5.441E-02 2.000E+05 0.000E+00 0.000E+00 7.405E+05
3.48867921E+00   5026.9 3.489E+04 9.881E+11 2.278E-02 6.317E-02 2.000E+05 0.000E+00 0.000E+00 7.427E+05
4.05232642E+00   5068.2 4.052E+04 1.211E+12 2.724E-02 7.446E-02 2.000E+05 0.000E+00 0.000E+00 7.455E+05
4.67583591E+00   5118.2 4.676E+04 1.514E+12 3.311E-02 8.922E-02 2.000E+05 0.000E+00 0.000E+00 7.490E+05
5.35345705E+00   5178.9 5.354E+04 1.942E+12 4.103E-02 1.090E-01 2.000E+05 0.000E+00 0.000E+00 7.534E+05
6.07477089E+00   5252.6 6.075E+04 2.564E+12 5.198E-02 1.363E-01 2.000E+05 0.000E+00 0.000E+00 7.589E+05
6.82463162E+00   5342.1 6.825E+04 3.500E+12 6.754E-02 1.749E-01 2.000E+05 0.000E+00 0.000E+00 7.656E+05
7.58242244E+00   5451.4 7.582E+04 4.971E+12 9.052E-02 2.319E-01 2.000E+05 0.000E+00 0.000E+00 7.736E+05
8.32613092E+00   5581.4 8.326E+04 7.321E+12 1.247E-01 3.165E-01 2.000E+05 5.281E+01 0.000E+00 7.828E+05
9.03486146E+00   5737.8 9.035E+04 1.127E+13 1.775E-01 4.475E-01 2.000E+05 6.920E+04 1.111E+03 7.935E+05
9.68222948E+00   5932.6 9.682E+04 1.844E+13 2.656E-01 6.663E-01 2.000E+05 2.152E+06 1.199E+04 8.058E+05
1.02512516E+01   6159.2 1.025E+05 3.122E+13 4.086E-01 1.020E+00 2.000E+05 2.151E+07 3.653E+04 8.187E+05
1.07324423E+01   6435.0 1.073E+05 5.589E+13 6.617E-01 1.639E+00 2.000E+05 8.319E+07 7.441E+04 8.321E+05
1.11153050E+01   6771.0 1.111E+05 1.059E+14 1.137E+00 2.710E+00 2.000E+05 3.220E+08 1.023E+05 8.447E+05
1.14151124E+01   7109.9 1.141E+05 1.892E+14 1.897E+00 4.018E+00 2.000E+05 9.428E+08 1.677E+05 8.534E+05
1.16654953E+01   7403.7 1.166E+05 2.999E+14 2.898E+00 4.928E+00 2.000E+05 1.881E+09 2.156E+05 8.582E+05
1.18928864E+01   7653.1 1.189E+05 4.319E+14 4.108E+00 5.215E+00 2.000E+05 2.850E+09 2.439E+05 8.610E+05
1.21121051E+01   7875.0 1.211E+05 5.863E+14 5.558E+00 5.098E+00 2.000E+05 3.660E+09 2.600E+05 8.630E+05
1.23322496E+01   8074.6 1.233E+05 7.618E+14 7.260E+00 4.808E+00 2.000E+05 4.259E+09 2.675E+05 8.649E+05
1.25597588E+01   8260.5 1.256E+05 9.619E+14 9.266E+00 4.506E+00 2.000E+05 4.679E+09 2.701E+05 8.670E+05
1.27998623E+01   8435.0 1.280E+05 1.187E+15 1.161E+01 4.242E+00 2.000E+05 4.973E+09 2.700E+05 8.695E+05
1.30568682E+01   8603.8 1.306E+05 1.445E+15 1.439E+01 4.011E+00 2.000E+05 5.180E+09 2.679E+05 8.724E+05
1.33351608E+01   8766.0 1.333E+05 1.735E+15 1.762E+01 3.811E+00 2.000E+05 5.331E+09 2.652E+05 8.757E+05
1.36389420E+01   8927.8 1.364E+05 2.069E+15 2.147E+01 3.620E+00 2.000E+05 5.446E+09 2.614E+05 8.796E+05
1.39729702E+01   9085.1 1.397E+05 2.444E+15 2.594E+01 3.439E+00 2.000E+05 5.530E+09 2.580E+05 8.840E+05
1.43414583E+01   9245.7 1.434E+05 2.881E+15 3.133E+01 3.268E+00 2.000E+05 5.598E+09 2.532E+05 8.891E+05
1.47506625E+01   9401.0 1.475E+05 3.366E+15 3.744E+01 3.104E+00 2.000E+05 5.651E+09 2.502E+05 8.946E+05
1.52062010E+01   9565.7 1.520E+05 3.947E+15 4.490E+01 2.945E+00 2.000E+05 5.687E+09 2.445E+05 9.010E+05
1.57169900E+01   9719.9 1.571E+05 4.570E+15 5.302E+01 2.971E+00 2.000E+05 5.719E+09 2.418E+05 9.076E+05
PRADK 1.7354E+00
BEGIN                    ITERATION  15 COMPLETED
