TEFF   5250.  GRAVITY 2.00000 LTE
TITLE  [-2.0] N(He)/Ntot=0.0784 VTURB=2.0  L/H=1.25 ODFNEW
OPACITY IFOP 1 1 1 1 1 1 1 1 1 1 1 1 1 0 1 0 0 0 0 0
CONVECTION ON   1.25 TURBULENCE OFF  0.00  0.00  0.00  0.00
ABUNDANCE SCALE   0.01000 ABUNDANCE CHANGE 1 0.92160 2 0.07844
ABUNDANCE CHANGE  3 -10.94  4 -10.64  5  -9.49  6  -3.52  7  -4.12  8  -3.21
ABUNDANCE CHANGE  9  -7.48 10  -3.96 11  -5.71 12  -4.46 13  -5.57 14  -4.49
ABUNDANCE CHANGE 15  -6.59 16  -4.71 17  -6.54 18  -5.64 19  -6.92 20  -5.68
ABUNDANCE CHANGE 21  -8.87 22  -7.02 23  -8.04 24  -6.37 25  -6.65 26  -4.54
ABUNDANCE CHANGE 27  -7.12 28  -5.79 29  -7.83 30  -7.44 31  -9.16 32  -8.63
ABUNDANCE CHANGE 33  -9.67 34  -8.63 35  -9.41 36  -8.73 37  -9.44 38  -9.07
ABUNDANCE CHANGE 39  -9.80 40  -9.44 41 -10.62 42 -10.12 43 -20.00 44 -10.20
ABUNDANCE CHANGE 45 -10.92 46 -10.35 47 -11.10 48 -10.27 49 -10.38 50 -10.04
ABUNDANCE CHANGE 51 -11.04 52  -9.80 53 -10.53 54  -9.87 55 -10.91 56  -9.91
ABUNDANCE CHANGE 57 -10.87 58 -10.46 59 -11.33 60 -10.54 61 -20.00 62 -11.03
ABUNDANCE CHANGE 63 -11.53 64 -10.92 65 -11.69 66 -10.90 67 -11.78 68 -11.11
ABUNDANCE CHANGE 69 -12.04 70 -10.96 71 -11.98 72 -11.16 73 -12.17 74 -10.93
ABUNDANCE CHANGE 75 -11.76 76 -10.59 77 -10.69 78 -10.24 79 -11.03 80 -10.91
ABUNDANCE CHANGE 81 -11.14 82 -10.09 83 -11.33 84 -20.00 85 -20.00 86 -20.00
ABUNDANCE CHANGE 87 -20.00 88 -20.00 89 -20.00 90 -11.95 91 -20.00 92 -12.54
ABUNDANCE CHANGE 93 -20.00 94 -20.00 95 -20.00 96 -20.00 97 -20.00 98 -20.00
ABUNDANCE CHANGE 99 -20.00
READ DECK6 72 RHOX,T,P,XNE,ABROSS,ACCRAD,VTURB, FLXCNV,VCONV,VELSND
8.91874578E-03   3624.6 8.919E-01 1.136E+07 1.495E-05 7.220E-04 2.000E+05 0.000E+00 0.000E+00 1.065E+06
1.19213115E-02   3632.8 1.192E+00 1.392E+07 1.467E-05 7.235E-04 2.000E+05 0.000E+00 0.000E+00 9.764E+05
1.59797298E-02   3642.8 1.598E+00 1.726E+07 1.455E-05 7.278E-04 2.000E+05 0.000E+00 0.000E+00 9.035E+05
2.14035690E-02   3654.8 2.140E+00 2.163E+07 1.461E-05 7.325E-04 2.000E+05 0.000E+00 0.000E+00 8.454E+05
2.85711391E-02   3668.6 2.857E+00 2.731E+07 1.484E-05 7.378E-04 2.000E+05 0.000E+00 0.000E+00 8.000E+05
3.79308435E-02   3683.7 3.793E+00 3.459E+07 1.523E-05 7.444E-04 2.000E+05 0.000E+00 0.000E+00 7.650E+05
5.00206033E-02   3700.1 5.002E+00 4.392E+07 1.580E-05 7.525E-04 2.000E+05 0.000E+00 0.000E+00 7.385E+05
6.54702746E-02   3717.6 6.547E+00 5.582E+07 1.657E-05 7.615E-04 2.000E+05 0.000E+00 0.000E+00 7.186E+05
8.50135166E-02   3736.1 8.501E+00 7.090E+07 1.756E-05 7.719E-04 2.000E+05 0.000E+00 0.000E+00 7.038E+05
1.09489314E-01   3755.5 1.095E+01 8.997E+07 1.878E-05 7.846E-04 2.000E+05 0.000E+00 0.000E+00 6.928E+05
1.39839432E-01   3775.8 1.398E+01 1.140E+08 2.030E-05 8.003E-04 2.000E+05 0.000E+00 0.000E+00 6.849E+05
1.77103287E-01   3797.1 1.771E+01 1.443E+08 2.215E-05 8.181E-04 2.000E+05 0.000E+00 0.000E+00 6.793E+05
2.22477989E-01   3819.1 2.225E+01 1.822E+08 2.433E-05 8.266E-04 2.000E+05 0.000E+00 0.000E+00 6.754E+05
2.77341891E-01   3841.6 2.773E+01 2.294E+08 2.694E-05 8.321E-04 2.000E+05 0.000E+00 0.000E+00 6.728E+05
3.43136379E-01   3865.0 3.431E+01 2.883E+08 3.008E-05 8.382E-04 2.000E+05 0.000E+00 0.000E+00 6.712E+05
4.21379854E-01   3889.2 4.214E+01 3.617E+08 3.386E-05 8.453E-04 2.000E+05 0.000E+00 0.000E+00 6.705E+05
5.13673215E-01   3914.1 5.137E+01 4.530E+08 3.843E-05 8.520E-04 2.000E+05 0.000E+00 0.000E+00 6.703E+05
6.21786670E-01   3939.5 6.218E+01 5.654E+08 4.387E-05 8.583E-04 2.000E+05 0.000E+00 0.000E+00 6.707E+05
7.47766886E-01   3964.9 7.478E+01 7.027E+08 5.031E-05 8.645E-04 2.000E+05 0.000E+00 0.000E+00 6.715E+05
8.93991886E-01   3990.2 8.940E+01 8.686E+08 5.788E-05 8.718E-04 2.000E+05 0.000E+00 0.000E+00 6.723E+05
1.06329883E+00   4015.0 1.063E+02 1.067E+09 6.672E-05 8.817E-04 2.000E+05 0.000E+00 0.000E+00 6.734E+05
1.25904141E+00   4039.4 1.259E+02 1.304E+09 7.699E-05 8.938E-04 2.000E+05 0.000E+00 0.000E+00 6.746E+05
1.48515225E+00   4063.3 1.485E+02 1.585E+09 8.890E-05 9.074E-04 2.000E+05 0.000E+00 0.000E+00 6.759E+05
1.74640390E+00   4086.4 1.746E+02 1.914E+09 1.025E-04 9.228E-04 2.000E+05 0.000E+00 0.000E+00 6.772E+05
2.04867870E+00   4108.7 2.049E+02 2.298E+09 1.181E-04 9.404E-04 2.000E+05 0.000E+00 0.000E+00 6.786E+05
2.39911683E+00   4130.0 2.399E+02 2.742E+09 1.357E-04 9.608E-04 2.000E+05 0.000E+00 0.000E+00 6.799E+05
2.80636778E+00   4150.2 2.806E+02 3.254E+09 1.555E-04 9.844E-04 2.000E+05 0.000E+00 0.000E+00 6.812E+05
3.28082174E+00   4169.4 3.281E+02 3.839E+09 1.778E-04 1.012E-03 2.000E+05 0.000E+00 0.000E+00 6.824E+05
3.83507227E+00   4187.5 3.835E+02 4.504E+09 2.027E-04 1.046E-03 2.000E+05 0.000E+00 0.000E+00 6.836E+05
4.48385520E+00   4204.8 4.484E+02 5.267E+09 2.307E-04 1.085E-03 2.000E+05 0.000E+00 0.000E+00 6.847E+05
5.24428273E+00   4221.5 5.244E+02 6.140E+09 2.623E-04 1.130E-03 2.000E+05 0.000E+00 0.000E+00 6.858E+05
6.13681417E+00   4237.5 6.137E+02 7.137E+09 2.979E-04 1.181E-03 2.000E+05 0.000E+00 0.000E+00 6.869E+05
7.18554880E+00   4253.1 7.185E+02 8.278E+09 3.379E-04 1.238E-03 2.000E+05 0.000E+00 0.000E+00 6.879E+05
8.41883364E+00   4268.2 8.419E+02 9.583E+09 3.830E-04 1.304E-03 2.000E+05 0.000E+00 0.000E+00 6.889E+05
9.86977413E+00   4283.1 9.870E+02 1.108E+10 4.342E-04 1.379E-03 2.000E+05 0.000E+00 0.000E+00 6.899E+05
1.15772946E+01   4297.6 1.158E+03 1.280E+10 4.919E-04 1.466E-03 2.000E+05 0.000E+00 0.000E+00 6.908E+05
1.35856896E+01   4312.4 1.359E+03 1.479E+10 5.581E-04 1.566E-03 2.000E+05 0.000E+00 0.000E+00 6.918E+05
1.59456969E+01   4327.3 1.595E+03 1.709E+10 6.336E-04 1.681E-03 2.000E+05 0.000E+00 0.000E+00 6.927E+05
1.87144274E+01   4342.8 1.871E+03 1.980E+10 7.211E-04 1.816E-03 2.000E+05 0.000E+00 0.000E+00 6.937E+05
2.19538006E+01   4359.3 2.195E+03 2.300E+10 8.231E-04 1.973E-03 2.000E+05 0.000E+00 0.000E+00 6.947E+05
2.57286033E+01   4377.5 2.573E+03 2.686E+10 9.446E-04 2.164E-03 2.000E+05 0.000E+00 0.000E+00 6.959E+05
3.00999600E+01   4397.9 3.010E+03 3.159E+10 1.092E-03 2.396E-03 2.000E+05 0.000E+00 0.000E+00 6.973E+05
3.51207356E+01   4421.8 3.512E+03 3.755E+10 1.274E-03 2.683E-03 2.000E+05 0.000E+00 0.000E+00 6.989E+05
4.08280187E+01   4449.7 4.083E+03 4.518E+10 1.502E-03 3.043E-03 2.000E+05 0.000E+00 0.000E+00 7.009E+05
4.72399782E+01   4482.5 4.724E+03 5.516E+10 1.794E-03 3.499E-03 2.000E+05 0.000E+00 0.000E+00 7.034E+05
5.43489109E+01   4521.2 5.435E+03 6.847E+10 2.174E-03 4.086E-03 2.000E+05 0.000E+00 0.000E+00 7.063E+05
6.20976368E+01   4567.6 6.210E+03 8.694E+10 2.685E-03 4.869E-03 2.000E+05 0.000E+00 0.000E+00 7.099E+05
7.04103725E+01   4621.2 7.041E+03 1.125E+11 3.360E-03 5.873E-03 2.000E+05 0.000E+00 0.000E+00 7.141E+05
7.91700294E+01   4685.2 7.917E+03 1.498E+11 4.303E-03 7.261E-03 2.000E+05 0.000E+00 0.000E+00 7.192E+05
8.81815340E+01   4761.3 8.818E+03 2.059E+11 5.650E-03 9.224E-03 2.000E+05 0.000E+00 0.000E+00 7.252E+05
9.71751633E+01   4853.8 9.717E+03 2.953E+11 7.686E-03 1.218E-02 2.000E+05 0.000E+00 0.000E+00 7.324E+05
1.05848046E+02   4964.1 1.058E+04 4.415E+11 1.080E-02 1.668E-02 2.000E+05 1.011E-01 0.000E+00 7.408E+05
1.13928019E+02   5096.1 1.139E+04 6.917E+11 1.575E-02 2.377E-02 2.000E+05 7.989E+01 2.655E+02 7.504E+05
1.21200369E+02   5251.5 1.212E+04 1.132E+12 2.373E-02 3.518E-02 2.000E+05 2.891E+03 2.424E+03 7.612E+05
1.27505550E+02   5436.5 1.275E+04 1.947E+12 3.722E-02 5.441E-02 2.000E+05 6.058E+04 7.818E+03 7.731E+05
1.32777826E+02   5651.6 1.328E+04 3.478E+12 6.030E-02 8.726E-02 2.000E+05 8.514E+05 2.118E+04 7.855E+05
1.37048210E+02   5900.2 1.370E+04 6.423E+12 1.009E-01 1.453E-01 2.000E+05 2.967E+06 5.013E+04 7.975E+05
1.40359316E+02   6196.6 1.403E+04 1.247E+13 1.784E-01 2.557E-01 2.000E+05 1.913E+07 6.217E+04 8.080E+05
1.42767268E+02   6550.2 1.427E+04 2.533E+13 3.359E-01 4.632E-01 2.000E+05 1.723E+08 1.356E+05 8.149E+05
1.44481688E+02   6909.1 1.444E+04 4.821E+13 6.162E-01 7.251E-01 2.000E+05 6.625E+08 2.749E+05 8.171E+05
1.45807121E+02   7205.4 1.457E+04 7.812E+13 9.977E-01 8.497E-01 2.000E+05 1.405E+09 3.681E+05 8.173E+05
1.46969855E+02   7434.8 1.469E+04 1.106E+14 1.437E+00 8.153E-01 2.000E+05 2.063E+09 4.046E+05 8.180E+05
1.48085328E+02   7626.1 1.480E+04 1.454E+14 1.937E+00 7.428E-01 2.000E+05 2.502E+09 4.188E+05 8.193E+05
1.49214033E+02   7793.0 1.491E+04 1.826E+14 2.505E+00 6.769E-01 2.000E+05 2.779E+09 4.232E+05 8.214E+05
1.50392762E+02   7946.5 1.503E+04 2.233E+14 3.163E+00 6.211E-01 2.000E+05 2.957E+09 4.216E+05 8.241E+05
1.51650918E+02   8088.5 1.516E+04 2.672E+14 3.917E+00 5.789E-01 2.000E+05 3.076E+09 4.197E+05 8.274E+05
1.53010781E+02   8227.9 1.529E+04 3.168E+14 4.814E+00 5.393E-01 2.000E+05 3.159E+09 4.141E+05 8.313E+05
1.54498410E+02   8359.2 1.544E+04 3.699E+14 5.828E+00 5.054E-01 2.000E+05 3.222E+09 4.111E+05 8.356E+05
1.56132116E+02   8495.1 1.560E+04 4.319E+14 7.084E+00 4.773E-01 2.000E+05 3.267E+09 4.049E+05 8.408E+05
1.57939971E+02   8622.0 1.578E+04 4.972E+14 8.477E+00 4.468E-01 2.000E+05 3.301E+09 4.010E+05 8.463E+05
1.59943803E+02   8758.9 1.598E+04 5.757E+14 1.024E+01 4.269E-01 2.000E+05 3.331E+09 3.956E+05 8.528E+05
1.62177673E+02   8885.7 1.620E+04 6.569E+14 1.215E+01 4.274E-01 2.000E+05 3.341E+09 3.920E+05 8.594E+05
PRADK 1.0132E+00
BEGIN                    ITERATION  15 COMPLETED
