TEFF   5250.  GRAVITY 0.00000 LTE
TITLE  [-2.0] N(He)/Ntot=0.0784 VTURB=2.0  L/H=1.25 ODFNEW
OPACITY IFOP 1 1 1 1 1 1 1 1 1 1 1 1 1 0 1 0 0 0 0 0
CONVECTION ON   1.25 TURBULENCE OFF  0.00  0.00  0.00  0.00
ABUNDANCE SCALE   0.01000 ABUNDANCE CHANGE 1 0.92160 2 0.07844
ABUNDANCE CHANGE  3 -10.94  4 -10.64  5  -9.49  6  -3.52  7  -4.12  8  -3.21
ABUNDANCE CHANGE  9  -7.48 10  -3.96 11  -5.71 12  -4.46 13  -5.57 14  -4.49
ABUNDANCE CHANGE 15  -6.59 16  -4.71 17  -6.54 18  -5.64 19  -6.92 20  -5.68
ABUNDANCE CHANGE 21  -8.87 22  -7.02 23  -8.04 24  -6.37 25  -6.65 26  -4.54
ABUNDANCE CHANGE 27  -7.12 28  -5.79 29  -7.83 30  -7.44 31  -9.16 32  -8.63
ABUNDANCE CHANGE 33  -9.67 34  -8.63 35  -9.41 36  -8.73 37  -9.44 38  -9.07
ABUNDANCE CHANGE 39  -9.80 40  -9.44 41 -10.62 42 -10.12 43 -20.00 44 -10.20
ABUNDANCE CHANGE 45 -10.92 46 -10.35 47 -11.10 48 -10.27 49 -10.38 50 -10.04
ABUNDANCE CHANGE 51 -11.04 52  -9.80 53 -10.53 54  -9.87 55 -10.91 56  -9.91
ABUNDANCE CHANGE 57 -10.87 58 -10.46 59 -11.33 60 -10.54 61 -20.00 62 -11.03
ABUNDANCE CHANGE 63 -11.53 64 -10.92 65 -11.69 66 -10.90 67 -11.78 68 -11.11
ABUNDANCE CHANGE 69 -12.04 70 -10.96 71 -11.98 72 -11.16 73 -12.17 74 -10.93
ABUNDANCE CHANGE 75 -11.76 76 -10.59 77 -10.69 78 -10.24 79 -11.03 80 -10.91
ABUNDANCE CHANGE 81 -11.14 82 -10.09 83 -11.33 84 -20.00 85 -20.00 86 -20.00
ABUNDANCE CHANGE 87 -20.00 88 -20.00 89 -20.00 90 -11.95 91 -20.00 92 -12.54
ABUNDANCE CHANGE 93 -20.00 94 -20.00 95 -20.00 96 -20.00 97 -20.00 98 -20.00
ABUNDANCE CHANGE 99 -20.00
READ DECK6 72 RHOX,T,P,XNE,ABROSS,ACCRAD,VTURB, FLXCNV,VCONV,VELSND
4.40442168E-03   3470.3 4.402E-03 2.795E+05 3.028E-05 5.033E-04 2.000E+05 0.000E+00 0.000E+00 1.182E+07
5.90863865E-03   3478.8 5.906E-03 3.429E+05 2.886E-05 5.002E-04 2.000E+05 0.000E+00 0.000E+00 1.023E+07
8.01504170E-03   3487.4 8.011E-03 4.236E+05 2.746E-05 4.938E-04 2.000E+05 0.000E+00 0.000E+00 8.809E+06
1.09661279E-02   3496.7 1.096E-02 5.277E+05 2.615E-05 4.863E-04 2.000E+05 0.000E+00 1.483E+06 7.554E+06
1.50959616E-02   3507.2 1.509E-02 6.644E+05 2.501E-05 4.808E-04 2.000E+05 0.000E+00 1.031E+06 6.460E+06
2.08452790E-02   3518.4 2.084E-02 8.409E+05 2.398E-05 4.754E-04 2.000E+05 0.000E+00 6.550E+05 5.519E+06
2.88318994E-02   3530.0 2.882E-02 1.068E+06 2.305E-05 4.703E-04 2.000E+05 0.000E+00 3.117E+05 4.715E+06
3.99018574E-02   3542.0 3.988E-02 1.360E+06 2.220E-05 4.659E-04 2.000E+05 0.000E+00 6.414E+04 4.030E+06
5.52043811E-02   3554.6 5.518E-02 1.737E+06 2.145E-05 4.620E-04 2.000E+05 0.000E+00 0.000E+00 3.450E+06
7.62855524E-02   3567.9 7.625E-02 2.225E+06 2.080E-05 4.585E-04 2.000E+05 0.000E+00 0.000E+00 2.960E+06
1.05184456E-01   3582.3 1.051E-01 2.867E+06 2.029E-05 4.553E-04 2.000E+05 0.000E+00 0.000E+00 2.548E+06
1.44534728E-01   3598.3 1.445E-01 3.718E+06 1.995E-05 4.524E-04 2.000E+05 0.000E+00 0.000E+00 2.204E+06
1.97652419E-01   3616.4 1.976E-01 4.866E+06 1.981E-05 4.494E-04 2.000E+05 0.000E+00 0.000E+00 1.918E+06
2.68508055E-01   3637.5 2.684E-01 6.448E+06 1.993E-05 4.478E-04 2.000E+05 0.000E+00 0.000E+00 1.683E+06
3.61702912E-01   3661.5 3.615E-01 8.640E+06 2.034E-05 4.503E-04 2.000E+05 0.000E+00 0.000E+00 1.490E+06
4.82688180E-01   3688.0 4.825E-01 1.166E+07 2.101E-05 4.535E-04 2.000E+05 0.000E+00 0.000E+00 1.334E+06
6.38138259E-01   3716.2 6.378E-01 1.577E+07 2.190E-05 4.573E-04 2.000E+05 0.000E+00 0.000E+00 1.207E+06
8.36238531E-01   3745.4 8.359E-01 2.130E+07 2.299E-05 4.619E-04 2.000E+05 0.000E+00 0.000E+00 1.104E+06
1.08703179E+00   3775.3 1.087E+00 2.871E+07 2.429E-05 4.676E-04 2.000E+05 0.000E+00 0.000E+00 1.021E+06
1.40304095E+00   3805.4 1.402E+00 3.847E+07 2.576E-05 4.742E-04 2.000E+05 0.000E+00 0.000E+00 9.533E+05
1.79833986E+00   3837.4 1.798E+00 5.174E+07 2.759E-05 4.739E-04 2.000E+05 0.000E+00 0.000E+00 8.992E+05
2.29017761E+00   3868.2 2.289E+00 6.880E+07 2.957E-05 4.740E-04 2.000E+05 0.000E+00 0.000E+00 8.557E+05
2.90115473E+00   3898.9 2.900E+00 9.090E+07 3.180E-05 4.746E-04 2.000E+05 0.000E+00 0.000E+00 8.208E+05
3.65642000E+00   3929.7 3.655E+00 1.196E+08 3.441E-05 4.761E-04 2.000E+05 0.000E+00 0.000E+00 7.930E+05
4.58401438E+00   3960.9 4.582E+00 1.569E+08 3.749E-05 4.782E-04 2.000E+05 0.000E+00 0.000E+00 7.709E+05
5.71475712E+00   3992.5 5.712E+00 2.052E+08 4.117E-05 4.809E-04 2.000E+05 0.000E+00 0.000E+00 7.540E+05
7.08273692E+00   4024.4 7.079E+00 2.673E+08 4.553E-05 4.845E-04 2.000E+05 0.000E+00 0.000E+00 7.407E+05
8.72615345E+00   4056.5 8.722E+00 3.465E+08 5.070E-05 4.888E-04 2.000E+05 0.000E+00 0.000E+00 7.305E+05
1.06885926E+01   4088.2 1.068E+01 4.462E+08 5.677E-05 4.942E-04 2.000E+05 0.000E+00 0.000E+00 7.227E+05
1.30206479E+01   4119.5 1.301E+01 5.705E+08 6.383E-05 5.007E-04 2.000E+05 0.000E+00 0.000E+00 7.168E+05
1.57816384E+01   4150.0 1.577E+01 7.236E+08 7.199E-05 5.085E-04 2.000E+05 0.000E+00 0.000E+00 7.125E+05
1.90426557E+01   4179.5 1.903E+01 9.097E+08 8.134E-05 5.176E-04 2.000E+05 0.000E+00 0.000E+00 7.092E+05
2.28897683E+01   4207.8 2.288E+01 1.133E+09 9.198E-05 5.285E-04 2.000E+05 0.000E+00 0.000E+00 7.069E+05
2.74257471E+01   4234.9 2.741E+01 1.400E+09 1.040E-04 5.412E-04 2.000E+05 0.000E+00 0.000E+00 7.053E+05
3.27732797E+01   4260.8 3.276E+01 1.715E+09 1.177E-04 5.561E-04 2.000E+05 0.000E+00 0.000E+00 7.042E+05
3.90785214E+01   4285.4 3.906E+01 2.085E+09 1.331E-04 5.737E-04 2.000E+05 0.000E+00 0.000E+00 7.035E+05
4.65126925E+01   4309.2 4.649E+01 2.520E+09 1.505E-04 5.943E-04 2.000E+05 0.000E+00 0.000E+00 7.032E+05
5.52739082E+01   4332.2 5.524E+01 3.030E+09 1.704E-04 6.184E-04 2.000E+05 0.000E+00 0.000E+00 7.032E+05
6.55864510E+01   4354.8 6.555E+01 3.633E+09 1.932E-04 6.469E-04 2.000E+05 0.000E+00 0.000E+00 7.035E+05
7.77004274E+01   4377.4 7.766E+01 4.346E+09 2.197E-04 6.813E-04 2.000E+05 0.000E+00 0.000E+00 7.040E+05
9.18742557E+01   4400.9 9.182E+01 5.208E+09 2.511E-04 7.236E-04 2.000E+05 0.000E+00 0.000E+00 7.047E+05
1.08352034E+02   4426.2 1.083E+02 6.272E+09 2.891E-04 7.757E-04 2.000E+05 0.000E+00 0.000E+00 7.058E+05
1.27351366E+02   4454.0 1.273E+02 7.606E+09 3.358E-04 8.409E-04 2.000E+05 0.000E+00 0.000E+00 7.072E+05
1.49043519E+02   4485.1 1.489E+02 9.314E+09 3.944E-04 9.233E-04 2.000E+05 0.000E+00 0.000E+00 7.089E+05
1.73514634E+02   4520.7 1.734E+02 1.155E+10 4.693E-04 1.029E-03 2.000E+05 0.000E+00 0.000E+00 7.111E+05
2.00725100E+02   4561.8 2.006E+02 1.456E+10 5.672E-04 1.169E-03 2.000E+05 0.000E+00 0.000E+00 7.137E+05
2.30530808E+02   4609.5 2.303E+02 1.868E+10 6.955E-04 1.348E-03 2.000E+05 0.000E+00 0.000E+00 7.167E+05
2.62677628E+02   4664.5 2.624E+02 2.444E+10 8.674E-04 1.587E-03 2.000E+05 0.000E+00 0.000E+00 7.203E+05
2.96686497E+02   4729.2 2.964E+02 3.280E+10 1.106E-03 1.920E-03 2.000E+05 0.000E+00 0.000E+00 7.245E+05
3.31832107E+02   4805.6 3.315E+02 4.533E+10 1.445E-03 2.394E-03 2.000E+05 0.000E+00 0.000E+00 7.294E+05
3.67122275E+02   4897.0 3.667E+02 6.498E+10 1.951E-03 3.104E-03 2.000E+05 0.000E+00 0.000E+00 7.349E+05
4.01460303E+02   5005.1 4.009E+02 9.661E+10 2.715E-03 4.175E-03 2.000E+05 1.312E-09 0.000E+00 7.410E+05
4.33798402E+02   5133.0 4.330E+02 1.495E+11 3.913E-03 5.854E-03 2.000E+05 1.052E-04 1.837E+00 7.474E+05
4.63176505E+02   5283.6 4.622E+02 2.409E+11 5.852E-03 8.571E-03 2.000E+05 5.615E-03 7.766E+01 7.536E+05
4.88842531E+02   5460.1 4.876E+02 4.039E+11 9.119E-03 1.316E-02 2.000E+05 1.895E-01 2.833E+02 7.589E+05
5.10306251E+02   5666.7 5.087E+02 7.048E+11 1.488E-02 2.128E-02 2.000E+05 6.771E+00 8.898E+02 7.622E+05
5.27398406E+02   5907.5 5.253E+02 1.275E+12 2.557E-02 3.651E-02 2.000E+05 3.429E+02 2.852E+03 7.626E+05
5.40210033E+02   6191.6 5.375E+02 2.404E+12 4.701E-02 6.751E-02 2.000E+05 2.831E+04 1.018E+04 7.601E+05
5.49153465E+02   6521.9 5.456E+02 4.659E+12 9.297E-02 1.355E-01 2.000E+05 1.321E+06 4.197E+04 7.577E+05
5.54800828E+02   6920.0 5.501E+02 9.435E+12 2.066E-01 3.068E-01 2.000E+05 2.877E+07 1.390E+05 7.609E+05
5.57960827E+02   7378.5 5.517E+02 1.911E+13 5.060E-01 6.792E-01 2.000E+05 4.096E+08 3.537E+05 7.763E+05
5.59856692E+02   7748.7 5.521E+02 3.131E+13 1.013E+00 8.948E-01 2.000E+05 1.325E+09 8.102E+05 7.985E+05
5.61330731E+02   7980.2 5.523E+02 4.129E+13 1.532E+00 7.541E-01 2.000E+05 2.202E+09 9.443E+05 8.169E+05
5.62738153E+02   8142.6 5.528E+02 4.940E+13 2.023E+00 6.088E-01 2.000E+05 2.674E+09 9.839E+05 8.321E+05
5.64196117E+02   8285.4 5.534E+02 5.727E+13 2.552E+00 5.257E-01 2.000E+05 2.927E+09 1.016E+06 8.470E+05
5.65765486E+02   8413.1 5.542E+02 6.484E+13 3.115E+00 4.623E-01 2.000E+05 3.071E+09 1.032E+06 8.617E+05
5.67495087E+02   8536.0 5.552E+02 7.256E+13 3.743E+00 4.187E-01 2.000E+05 3.157E+09 1.044E+06 8.769E+05
5.69429289E+02   8655.3 5.563E+02 8.038E+13 4.434E+00 3.892E-01 2.000E+05 3.223E+09 1.061E+06 8.929E+05
5.71612400E+02   8779.6 5.577E+02 8.879E+13 5.229E+00 3.647E-01 2.000E+05 3.260E+09 1.070E+06 9.106E+05
5.74099778E+02   8902.6 5.593E+02 9.727E+13 6.081E+00 3.461E-01 2.000E+05 3.291E+09 1.087E+06 9.293E+05
5.76946791E+02   9038.7 5.612E+02 1.067E+14 7.094E+00 3.368E-01 2.000E+05 3.319E+09 1.104E+06 9.512E+05
5.80222961E+02   9177.1 5.633E+02 1.162E+14 8.175E+00 3.441E-01 2.000E+05 3.325E+09 1.123E+06 9.747E+05
PRADK 1.0112E+00
BEGIN                    ITERATION  15 COMPLETED
