TEFF   8750.  GRAVITY 3.00000 LTE
TITLE  [-2.0] N(He)/Ntot=0.0784 VTURB=2.0  L/H=1.25 ODFNEW
OPACITY IFOP 1 1 1 1 1 1 1 1 1 1 1 1 1 0 1 0 0 0 0 0
CONVECTION ON   1.25 TURBULENCE OFF  0.00  0.00  0.00  0.00
ABUNDANCE SCALE   0.01000 ABUNDANCE CHANGE 1 0.92160 2 0.07844
ABUNDANCE CHANGE  3 -10.94  4 -10.64  5  -9.49  6  -3.52  7  -4.12  8  -3.21
ABUNDANCE CHANGE  9  -7.48 10  -3.96 11  -5.71 12  -4.46 13  -5.57 14  -4.49
ABUNDANCE CHANGE 15  -6.59 16  -4.71 17  -6.54 18  -5.64 19  -6.92 20  -5.68
ABUNDANCE CHANGE 21  -8.87 22  -7.02 23  -8.04 24  -6.37 25  -6.65 26  -4.54
ABUNDANCE CHANGE 27  -7.12 28  -5.79 29  -7.83 30  -7.44 31  -9.16 32  -8.63
ABUNDANCE CHANGE 33  -9.67 34  -8.63 35  -9.41 36  -8.73 37  -9.44 38  -9.07
ABUNDANCE CHANGE 39  -9.80 40  -9.44 41 -10.62 42 -10.12 43 -20.00 44 -10.20
ABUNDANCE CHANGE 45 -10.92 46 -10.35 47 -11.10 48 -10.27 49 -10.38 50 -10.04
ABUNDANCE CHANGE 51 -11.04 52  -9.80 53 -10.53 54  -9.87 55 -10.91 56  -9.91
ABUNDANCE CHANGE 57 -10.87 58 -10.46 59 -11.33 60 -10.54 61 -20.00 62 -11.03
ABUNDANCE CHANGE 63 -11.53 64 -10.92 65 -11.69 66 -10.90 67 -11.78 68 -11.11
ABUNDANCE CHANGE 69 -12.04 70 -10.96 71 -11.98 72 -11.16 73 -12.17 74 -10.93
ABUNDANCE CHANGE 75 -11.76 76 -10.59 77 -10.69 78 -10.24 79 -11.03 80 -10.91
ABUNDANCE CHANGE 81 -11.14 82 -10.09 83 -11.33 84 -20.00 85 -20.00 86 -20.00
ABUNDANCE CHANGE 87 -20.00 88 -20.00 89 -20.00 90 -11.95 91 -20.00 92 -12.54
ABUNDANCE CHANGE 93 -20.00 94 -20.00 95 -20.00 96 -20.00 97 -20.00 98 -20.00
ABUNDANCE CHANGE 99 -20.00
READ DECK6 72 RHOX,T,P,XNE,ABROSS,ACCRAD,VTURB, FLXCNV,VCONV,VELSND
5.14760275E-07   5814.9 5.131E-04 2.828E+08 2.591E-01 3.214E+00 2.000E+05 0.000E+00 0.000E+00 5.169E+07
6.89528829E-07   5820.5 6.873E-04 3.705E+08 2.499E-01 3.127E+00 2.000E+05 0.000E+00 0.000E+00 4.250E+07
9.31843156E-07   5828.8 9.289E-04 4.876E+08 2.396E-01 3.026E+00 2.000E+05 0.000E+00 0.000E+00 3.511E+07
1.27008646E-06   5838.7 1.266E-03 6.437E+08 2.280E-01 2.907E+00 2.000E+05 0.000E+00 3.047E+08 2.904E+07
1.74701758E-06   5847.7 1.742E-03 8.513E+08 2.147E-01 2.771E+00 2.000E+05 0.000E+00 2.061E+08 2.400E+07
2.42762417E-06   5854.6 2.420E-03 1.126E+09 1.992E-01 2.616E+00 2.000E+05 0.000E+00 1.288E+08 1.977E+07
3.41384161E-06   5859.9 3.404E-03 1.489E+09 1.820E-01 2.447E+00 2.000E+05 0.000E+00 8.340E+07 1.623E+07
4.86466810E-06   5865.4 4.852E-03 1.971E+09 1.638E-01 2.269E+00 2.000E+05 0.000E+00 5.865E+07 1.329E+07
7.02810254E-06   5871.7 7.010E-03 2.612E+09 1.456E-01 2.092E+00 2.000E+05 0.000E+00 4.084E+07 1.085E+07
1.02959635E-05   5878.6 1.027E-02 3.461E+09 1.279E-01 1.921E+00 2.000E+05 0.000E+00 3.032E+07 8.830E+06
1.52645877E-05   5890.0 1.523E-02 4.607E+09 1.121E-01 1.768E+00 2.000E+05 0.000E+00 2.159E+07 7.188E+06
2.28655447E-05   5900.5 2.282E-02 6.112E+09 9.718E-02 1.625E+00 2.000E+05 0.000E+00 1.274E+07 5.849E+06
3.45998837E-05   5911.3 3.454E-02 8.095E+09 8.373E-02 1.497E+00 2.000E+05 0.000E+00 8.309E+06 4.762E+06
5.26995657E-05   5926.9 5.261E-02 1.077E+10 7.265E-02 1.393E+00 2.000E+05 0.000E+00 5.602E+06 3.894E+06
8.04762492E-05   5944.2 8.035E-02 1.431E+10 6.324E-02 1.307E+00 2.000E+05 0.000E+00 3.501E+06 3.202E+06
1.22764250E-04   5966.0 1.226E-01 1.907E+10 5.577E-02 1.241E+00 2.000E+05 0.000E+00 2.308E+06 2.656E+06
1.86066419E-04   5993.7 1.858E-01 2.550E+10 5.016E-02 1.194E+00 2.000E+05 0.000E+00 1.483E+06 2.228E+06
2.78964651E-04   6026.1 2.786E-01 3.410E+10 4.603E-02 1.163E+00 2.000E+05 0.000E+00 4.107E+05 1.893E+06
4.12171089E-04   6064.7 4.117E-01 4.566E+10 4.335E-02 1.147E+00 2.000E+05 0.000E+00 1.792E+05 1.633E+06
5.98327112E-04   6108.4 5.976E-01 6.102E+10 4.185E-02 1.144E+00 2.000E+05 0.000E+00 7.569E+04 1.431E+06
8.52529406E-04   6155.7 8.515E-01 8.112E+10 4.131E-02 1.153E+00 2.000E+05 0.000E+00 2.944E+04 1.276E+06
1.19133190E-03   6207.8 1.190E+00 1.075E+11 4.183E-02 1.174E+00 2.000E+05 0.000E+00 9.454E+03 1.156E+06
1.63312284E-03   6262.1 1.631E+00 1.413E+11 4.315E-02 1.204E+00 2.000E+05 0.000E+00 0.000E+00 1.065E+06
2.19927147E-03   6317.8 2.197E+00 1.840E+11 4.523E-02 1.245E+00 2.000E+05 0.000E+00 0.000E+00 9.943E+05
2.91469527E-03   6373.8 2.911E+00 2.373E+11 4.801E-02 1.294E+00 2.000E+05 0.000E+00 0.000E+00 9.405E+05
3.80863469E-03   6429.7 3.804E+00 3.031E+11 5.150E-02 1.351E+00 2.000E+05 0.000E+00 0.000E+00 8.992E+05
4.91646881E-03   6483.7 4.910E+00 3.827E+11 5.550E-02 1.410E+00 2.000E+05 0.000E+00 0.000E+00 8.674E+05
6.28805776E-03   6533.1 6.280E+00 4.763E+11 5.968E-02 1.469E+00 2.000E+05 0.000E+00 0.000E+00 8.427E+05
7.99575298E-03   6576.1 7.985E+00 5.836E+11 6.365E-02 1.525E+00 2.000E+05 0.000E+00 0.000E+00 8.230E+05
1.01429346E-02   6611.7 1.013E+01 7.046E+11 6.718E-02 1.580E+00 2.000E+05 0.000E+00 0.000E+00 8.071E+05
1.28634928E-02   6642.6 1.285E+01 8.430E+11 7.056E-02 1.636E+00 2.000E+05 0.000E+00 0.000E+00 7.940E+05
1.63224334E-02   6669.8 1.630E+01 1.002E+12 7.399E-02 1.698E+00 2.000E+05 0.000E+00 0.000E+00 7.834E+05
2.07100661E-02   6696.6 2.068E+01 1.189E+12 7.802E-02 1.771E+00 2.000E+05 0.000E+00 0.000E+00 7.750E+05
2.62335400E-02   6724.5 2.619E+01 1.412E+12 8.302E-02 1.856E+00 2.000E+05 0.000E+00 0.000E+00 7.685E+05
3.31179362E-02   6754.3 3.306E+01 1.678E+12 8.929E-02 1.958E+00 2.000E+05 0.000E+00 0.000E+00 7.637E+05
4.15948955E-02   6787.5 4.152E+01 1.999E+12 9.731E-02 2.081E+00 2.000E+05 0.000E+00 0.000E+00 7.605E+05
5.19230469E-02   6822.2 5.183E+01 2.378E+12 1.069E-01 2.222E+00 2.000E+05 0.000E+00 0.000E+00 7.584E+05
6.44081018E-02   6858.9 6.429E+01 2.826E+12 1.184E-01 2.386E+00 2.000E+05 0.000E+00 0.000E+00 7.572E+05
7.94004980E-02   6896.8 7.924E+01 3.352E+12 1.318E-01 2.576E+00 2.000E+05 0.000E+00 0.000E+00 7.569E+05
9.72981798E-02   6936.6 9.709E+01 3.973E+12 1.477E-01 2.801E+00 2.000E+05 0.000E+00 0.000E+00 7.571E+05
1.18501253E-01   6980.2 1.182E+02 4.719E+12 1.670E-01 3.076E+00 2.000E+05 0.000E+00 0.000E+00 7.580E+05
1.43380276E-01   7028.0 1.430E+02 5.618E+12 1.907E-01 3.416E+00 2.000E+05 0.000E+00 0.000E+00 7.595E+05
1.72263311E-01   7081.8 1.718E+02 6.717E+12 2.204E-01 3.844E+00 2.000E+05 0.000E+00 0.000E+00 7.615E+05
2.05308404E-01   7144.6 2.047E+02 8.097E+12 2.592E-01 4.400E+00 2.000E+05 0.000E+00 0.000E+00 7.642E+05
2.42459351E-01   7217.2 2.417E+02 9.840E+12 3.101E-01 5.131E+00 2.000E+05 0.000E+00 0.000E+00 7.676E+05
2.83428635E-01   7302.1 2.824E+02 1.208E+13 3.791E-01 6.118E+00 2.000E+05 7.781E-06 0.000E+00 7.719E+05
3.27584090E-01   7402.0 3.263E+02 1.501E+13 4.749E-01 7.482E+00 2.000E+05 7.267E-04 2.693E+01 7.773E+05
3.73934211E-01   7519.6 3.723E+02 1.889E+13 6.120E-01 9.417E+00 2.000E+05 6.309E-03 1.156E+02 7.841E+05
4.21145342E-01   7658.7 4.190E+02 2.412E+13 8.142E-01 1.222E+01 2.000E+05 3.171E-02 2.098E+02 7.930E+05
4.67670852E-01   7822.1 4.648E+02 3.124E+13 1.121E+00 1.638E+01 2.000E+05 1.492E-01 3.290E+02 8.046E+05
5.11988819E-01   8012.4 5.083E+02 4.090E+13 1.595E+00 2.265E+01 2.000E+05 9.749E-01 5.363E+02 8.199E+05
5.52803646E-01   8234.2 5.480E+02 5.408E+13 2.347E+00 3.226E+01 2.000E+05 1.078E+01 1.018E+03 8.406E+05
5.89336715E-01   8490.4 5.831E+02 7.172E+13 3.535E+00 4.686E+01 2.000E+05 1.651E+02 2.313E+03 8.684E+05
6.21464213E-01   8783.9 6.134E+02 9.453E+13 5.373E+00 6.857E+01 2.000E+05 2.159E+03 5.825E+03 9.060E+05
6.49847618E-01   9117.3 6.395E+02 1.222E+14 8.001E+00 9.812E+01 2.000E+05 1.437E+04 1.385E+04 9.561E+05
6.75827776E-01   9493.0 6.624E+02 1.525E+14 1.125E+01 1.330E+02 2.000E+05 3.694E+04 2.560E+04 1.020E+06
7.01882893E-01   9917.1 6.846E+02 1.812E+14 1.428E+01 1.640E+02 2.000E+05 4.138E+04 2.986E+04 1.096E+06
7.31315049E-01  10394.8 7.090E+02 2.035E+14 1.562E+01 1.755E+02 2.000E+05 1.964E+04 1.869E+04 1.179E+06
7.70055175E-01  10935.3 7.411E+02 2.183E+14 1.484E+01 1.653E+02 2.000E+05 2.925E+03 6.680E+03 1.266E+06
8.27725167E-01  11549.7 7.900E+02 2.292E+14 1.259E+01 1.408E+02 2.000E+05 9.493E+01 1.757E+03 1.363E+06
9.21549160E-01  12249.4 8.719E+02 2.431E+14 1.008E+01 1.134E+02 2.000E+05 1.215E+00 4.356E+02 1.475E+06
1.07834443E+00  13032.2 1.013E+03 2.677E+14 8.082E+00 9.142E+01 2.000E+05 1.400E-02 1.111E+02 1.574E+06
1.33477042E+00  13904.6 1.248E+03 3.108E+14 6.723E+00 7.587E+01 2.000E+05 2.530E-04 3.346E+01 1.623E+06
1.73231858E+00  14847.4 1.618E+03 3.798E+14 5.966E+00 6.683E+01 2.000E+05 5.511E-04 5.154E+01 1.637E+06
2.31345463E+00  15875.1 2.161E+03 4.794E+14 5.570E+00 6.198E+01 2.000E+05 1.140E-03 1.117E+02 1.673E+06
3.12678055E+00  16979.5 2.925E+03 6.132E+14 5.384E+00 5.962E+01 2.000E+05 7.825E-04 7.250E+01 1.755E+06
4.24605982E+00  18185.6 3.979E+03 7.848E+14 5.228E+00 5.777E+01 2.000E+05 1.529E-04 0.000E+00 1.878E+06
5.77664043E+00  19483.7 5.422E+03 1.002E+15 5.119E+00 5.646E+01 2.000E+05 0.000E+00 0.000E+00 2.011E+06
7.85304491E+00  20897.1 7.382E+03 1.274E+15 5.053E+00 5.567E+01 2.000E+05 0.000E+00 0.000E+00 2.130E+06
1.06357533E+01  22415.7 1.001E+04 1.612E+15 5.066E+00 5.575E+01 2.000E+05 0.000E+00 0.000E+00 2.231E+06
1.43114512E+01  24061.9 1.348E+04 2.023E+15 5.148E+00 5.648E+01 2.000E+05 0.000E+00 0.000E+00 2.323E+06
1.90950859E+01  25829.5 1.800E+04 2.517E+15 5.309E+00 5.569E+01 2.000E+05 0.000E+00 0.000E+00 2.411E+06
PRADK 7.8645E+00
BEGIN                    ITERATION  15 COMPLETED
