TEFF   4750.  GRAVITY 2.50000 LTE
TITLE  [-2.0] N(He)/Ntot=0.0784 VTURB=2.0  L/H=1.25 ODFNEW
OPACITY IFOP 1 1 1 1 1 1 1 1 1 1 1 1 1 0 1 0 0 0 0 0
CONVECTION ON   1.25 TURBULENCE OFF  0.00  0.00  0.00  0.00
ABUNDANCE SCALE   0.01000 ABUNDANCE CHANGE 1 0.92160 2 0.07844
ABUNDANCE CHANGE  3 -10.94  4 -10.64  5  -9.49  6  -3.52  7  -4.12  8  -3.21
ABUNDANCE CHANGE  9  -7.48 10  -3.96 11  -5.71 12  -4.46 13  -5.57 14  -4.49
ABUNDANCE CHANGE 15  -6.59 16  -4.71 17  -6.54 18  -5.64 19  -6.92 20  -5.68
ABUNDANCE CHANGE 21  -8.87 22  -7.02 23  -8.04 24  -6.37 25  -6.65 26  -4.54
ABUNDANCE CHANGE 27  -7.12 28  -5.79 29  -7.83 30  -7.44 31  -9.16 32  -8.63
ABUNDANCE CHANGE 33  -9.67 34  -8.63 35  -9.41 36  -8.73 37  -9.44 38  -9.07
ABUNDANCE CHANGE 39  -9.80 40  -9.44 41 -10.62 42 -10.12 43 -20.00 44 -10.20
ABUNDANCE CHANGE 45 -10.92 46 -10.35 47 -11.10 48 -10.27 49 -10.38 50 -10.04
ABUNDANCE CHANGE 51 -11.04 52  -9.80 53 -10.53 54  -9.87 55 -10.91 56  -9.91
ABUNDANCE CHANGE 57 -10.87 58 -10.46 59 -11.33 60 -10.54 61 -20.00 62 -11.03
ABUNDANCE CHANGE 63 -11.53 64 -10.92 65 -11.69 66 -10.90 67 -11.78 68 -11.11
ABUNDANCE CHANGE 69 -12.04 70 -10.96 71 -11.98 72 -11.16 73 -12.17 74 -10.93
ABUNDANCE CHANGE 75 -11.76 76 -10.59 77 -10.69 78 -10.24 79 -11.03 80 -10.91
ABUNDANCE CHANGE 81 -11.14 82 -10.09 83 -11.33 84 -20.00 85 -20.00 86 -20.00
ABUNDANCE CHANGE 87 -20.00 88 -20.00 89 -20.00 90 -11.95 91 -20.00 92 -12.54
ABUNDANCE CHANGE 93 -20.00 94 -20.00 95 -20.00 96 -20.00 97 -20.00 98 -20.00
ABUNDANCE CHANGE 99 -20.00
READ DECK6 72 RHOX,T,P,XNE,ABROSS,ACCRAD,VTURB, FLXCNV,VCONV,VELSND
1.95209552E-02   3072.8 6.173E+00 1.279E+07 6.831E-06 4.635E-04 2.000E+05 0.000E+00 0.000E+00 6.310E+05
2.58047053E-02   3095.9 8.160E+00 1.672E+07 7.324E-06 4.697E-04 2.000E+05 0.000E+00 0.000E+00 6.215E+05
3.36240401E-02   3114.3 1.063E+01 2.148E+07 7.845E-06 4.801E-04 2.000E+05 0.000E+00 0.000E+00 6.144E+05
4.33218064E-02   3137.9 1.370E+01 2.745E+07 8.466E-06 4.827E-04 2.000E+05 0.000E+00 0.000E+00 6.100E+05
5.52855215E-02   3161.2 1.748E+01 3.476E+07 9.158E-06 4.876E-04 2.000E+05 0.000E+00 0.000E+00 6.071E+05
6.99906669E-02   3191.3 2.213E+01 4.395E+07 9.961E-06 4.784E-04 2.000E+05 0.000E+00 0.000E+00 6.061E+05
8.80019194E-02   3218.8 2.783E+01 5.509E+07 1.085E-05 4.736E-04 2.000E+05 0.000E+00 0.000E+00 6.056E+05
1.09997870E-01   3247.2 3.478E+01 6.870E+07 1.188E-05 4.684E-04 2.000E+05 0.000E+00 0.000E+00 6.058E+05
1.36753653E-01   3276.5 4.325E+01 8.531E+07 1.304E-05 4.626E-04 2.000E+05 0.000E+00 0.000E+00 6.065E+05
1.69187969E-01   3305.3 5.350E+01 1.054E+08 1.437E-05 4.603E-04 2.000E+05 0.000E+00 0.000E+00 6.075E+05
2.08388865E-01   3338.0 6.590E+01 1.300E+08 1.588E-05 4.510E-04 2.000E+05 0.000E+00 0.000E+00 6.093E+05
2.55638523E-01   3369.3 8.084E+01 1.596E+08 1.759E-05 4.431E-04 2.000E+05 0.000E+00 0.000E+00 6.111E+05
3.12390578E-01   3399.4 9.879E+01 1.952E+08 1.957E-05 4.383E-04 2.000E+05 0.000E+00 0.000E+00 6.129E+05
3.80298484E-01   3430.1 1.203E+02 2.379E+08 2.184E-05 4.332E-04 2.000E+05 0.000E+00 0.000E+00 6.149E+05
4.61274200E-01   3459.3 1.459E+02 2.888E+08 2.446E-05 4.323E-04 2.000E+05 0.000E+00 0.000E+00 6.169E+05
5.58218712E-01   3491.6 1.765E+02 3.508E+08 2.711E-05 4.106E-04 2.000E+05 0.000E+00 0.000E+00 6.192E+05
6.74664545E-01   3522.8 2.133E+02 4.256E+08 3.017E-05 3.890E-04 2.000E+05 0.000E+00 0.000E+00 6.215E+05
8.13621886E-01   3551.8 2.573E+02 5.148E+08 3.384E-05 3.748E-04 2.000E+05 0.000E+00 0.000E+00 6.235E+05
9.78301457E-01   3579.3 3.094E+02 6.207E+08 3.819E-05 3.657E-04 2.000E+05 0.000E+00 0.000E+00 6.254E+05
1.17244888E+00   3606.2 3.708E+02 7.465E+08 4.329E-05 3.594E-04 2.000E+05 0.000E+00 0.000E+00 6.273E+05
1.40029491E+00   3632.5 4.428E+02 8.951E+08 4.929E-05 3.552E-04 2.000E+05 0.000E+00 0.000E+00 6.290E+05
1.66690371E+00   3649.8 5.271E+02 1.061E+09 5.621E-05 3.656E-04 2.000E+05 0.000E+00 0.000E+00 6.297E+05
1.97828438E+00   3667.9 6.256E+02 1.255E+09 6.425E-05 3.791E-04 2.000E+05 0.000E+00 0.000E+00 6.305E+05
2.34151455E+00   3684.8 7.405E+02 1.479E+09 7.344E-05 3.947E-04 2.000E+05 0.000E+00 0.000E+00 6.310E+05
2.76505822E+00   3701.6 8.744E+02 1.738E+09 8.403E-05 4.132E-04 2.000E+05 0.000E+00 0.000E+00 6.315E+05
3.25857237E+00   3717.9 1.030E+03 2.039E+09 9.619E-05 4.345E-04 2.000E+05 0.000E+00 0.000E+00 6.320E+05
3.83309336E+00   3734.8 1.212E+03 2.389E+09 1.103E-04 4.592E-04 2.000E+05 0.000E+00 0.000E+00 6.324E+05
4.50139463E+00   3751.5 1.423E+03 2.794E+09 1.264E-04 4.873E-04 2.000E+05 0.000E+00 0.000E+00 6.328E+05
5.27823881E+00   3768.3 1.669E+03 3.264E+09 1.451E-04 5.200E-04 2.000E+05 0.000E+00 0.000E+00 6.331E+05
6.18022684E+00   3785.7 1.954E+03 3.810E+09 1.667E-04 5.575E-04 2.000E+05 0.000E+00 0.000E+00 6.334E+05
7.22744235E+00   3802.2 2.286E+03 4.438E+09 1.915E-04 6.016E-04 2.000E+05 0.000E+00 0.000E+00 6.336E+05
8.44107914E+00   3826.6 2.669E+03 5.218E+09 2.207E-04 6.332E-04 2.000E+05 0.000E+00 0.000E+00 6.349E+05
9.84961728E+00   3845.1 3.115E+03 6.083E+09 2.528E-04 6.692E-04 2.000E+05 0.000E+00 0.000E+00 6.353E+05
1.14891848E+01   3863.7 3.633E+03 7.091E+09 2.897E-04 7.119E-04 2.000E+05 0.000E+00 0.000E+00 6.356E+05
1.33986283E+01   3880.7 4.237E+03 8.243E+09 3.314E-04 7.616E-04 2.000E+05 0.000E+00 0.000E+00 6.356E+05
1.56242697E+01   3897.1 4.941E+03 9.572E+09 3.791E-04 8.193E-04 2.000E+05 0.000E+00 0.000E+00 6.354E+05
1.82193706E+01   3912.8 5.761E+03 1.110E+10 4.335E-04 8.862E-04 2.000E+05 0.000E+00 0.000E+00 6.350E+05
2.12448535E+01   3928.8 6.718E+03 1.287E+10 4.961E-04 9.634E-04 2.000E+05 0.000E+00 0.000E+00 6.345E+05
2.47697852E+01   3945.1 7.833E+03 1.493E+10 5.681E-04 1.053E-03 2.000E+05 0.000E+00 0.000E+00 6.340E+05
2.88707023E+01   3962.6 9.130E+03 1.735E+10 6.517E-04 1.156E-03 2.000E+05 0.000E+00 0.000E+00 6.335E+05
3.36323867E+01   3981.8 1.064E+04 2.020E+10 7.493E-04 1.276E-03 2.000E+05 0.000E+00 0.000E+00 6.335E+05
3.91455970E+01   4003.9 1.238E+04 2.362E+10 8.646E-04 1.415E-03 2.000E+05 0.000E+00 0.000E+00 6.337E+05
4.55039454E+01   4028.9 1.439E+04 2.773E+10 1.002E-03 1.579E-03 2.000E+05 0.000E+00 0.000E+00 6.345E+05
5.28013959E+01   4057.8 1.670E+04 3.276E+10 1.167E-03 1.772E-03 2.000E+05 0.000E+00 0.000E+00 6.360E+05
6.11210267E+01   4091.5 1.933E+04 3.903E+10 1.371E-03 2.003E-03 2.000E+05 0.000E+00 0.000E+00 6.383E+05
7.05219143E+01   4131.0 2.230E+04 4.704E+10 1.626E-03 2.287E-03 2.000E+05 0.000E+00 0.000E+00 6.416E+05
8.10195681E+01   4177.3 2.562E+04 5.758E+10 1.956E-03 2.643E-03 2.000E+05 0.000E+00 0.000E+00 6.461E+05
9.25503762E+01   4231.8 2.927E+04 7.203E+10 2.398E-03 3.111E-03 2.000E+05 0.000E+00 0.000E+00 6.521E+05
1.04948202E+02   4295.6 3.319E+04 9.261E+10 3.011E-03 3.743E-03 2.000E+05 0.000E+00 0.000E+00 6.595E+05
1.17936534E+02   4369.5 3.730E+04 1.231E+11 3.889E-03 4.632E-03 2.000E+05 0.000E+00 0.000E+00 6.684E+05
1.31067231E+02   4457.9 4.145E+04 1.719E+11 5.249E-03 6.004E-03 2.000E+05 0.000E+00 0.000E+00 6.793E+05
1.43709441E+02   4564.5 4.544E+04 2.551E+11 7.442E-03 8.167E-03 2.000E+05 0.000E+00 0.000E+00 6.922E+05
1.55514673E+02   4680.7 4.918E+04 3.893E+11 1.071E-02 1.130E-02 2.000E+05 3.927E-08 9.362E+02 7.054E+05
1.66181363E+02   4820.6 5.255E+04 6.361E+11 1.625E-02 1.657E-02 2.000E+05 8.963E-05 1.228E+04 7.202E+05
1.75296315E+02   4989.2 5.543E+04 1.115E+12 2.604E-02 2.582E-02 2.000E+05 2.524E-03 3.736E+04 7.365E+05
1.82741917E+02   5185.9 5.779E+04 2.061E+12 4.330E-02 4.171E-02 2.000E+05 1.489E-02 6.778E+04 7.537E+05
1.88522683E+02   5426.6 5.961E+04 4.117E+12 7.621E-02 6.985E-02 2.000E+05 3.135E-02 8.686E+04 7.723E+05
1.92920386E+02   5679.9 6.101E+04 8.020E+12 1.310E-01 1.069E-01 2.000E+05 1.398E-01 1.445E+05 7.898E+05
1.96521347E+02   5900.2 6.214E+04 1.370E+13 2.027E-01 1.346E-01 2.000E+05 3.052E-01 1.891E+05 8.033E+05
1.99752471E+02   6093.7 6.316E+04 2.128E+13 2.909E-01 1.483E-01 2.000E+05 4.691E-01 2.191E+05 8.137E+05
2.02825003E+02   6272.0 6.414E+04 3.119E+13 3.997E-01 1.519E-01 2.000E+05 6.058E-01 2.387E+05 8.222E+05
2.05860358E+02   6437.8 6.510E+04 4.372E+13 5.312E-01 1.503E-01 2.000E+05 7.061E-01 2.503E+05 8.289E+05
2.08938170E+02   6597.0 6.607E+04 5.956E+13 6.921E-01 1.487E-01 2.000E+05 7.778E-01 2.576E+05 8.344E+05
2.12114530E+02   6751.0 6.707E+04 7.927E+13 8.880E-01 1.475E-01 2.000E+05 8.280E-01 2.612E+05 8.388E+05
2.15434107E+02   6902.0 6.812E+04 1.037E+14 1.127E+00 1.462E-01 2.000E+05 8.646E-01 2.623E+05 8.423E+05
2.18937830E+02   7050.6 6.923E+04 1.337E+14 1.419E+00 1.479E-01 2.000E+05 8.936E-01 2.647E+05 8.451E+05
2.22647430E+02   7202.1 7.040E+04 1.715E+14 1.785E+00 1.454E-01 2.000E+05 9.135E-01 2.602E+05 8.473E+05
2.26615799E+02   7344.3 7.166E+04 2.149E+14 2.209E+00 1.452E-01 2.000E+05 9.331E-01 2.626E+05 8.490E+05
2.30841893E+02   7501.8 7.299E+04 2.730E+14 2.783E+00 1.453E-01 2.000E+05 9.457E-01 2.577E+05 8.504E+05
2.35391757E+02   7640.0 7.443E+04 3.347E+14 3.400E+00 1.394E-01 2.000E+05 9.568E-01 2.539E+05 8.516E+05
2.40294961E+02   7797.7 7.598E+04 4.186E+14 4.255E+00 1.423E-01 2.000E+05 9.661E-01 2.534E+05 8.530E+05
2.45587596E+02   7939.9 7.765E+04 5.090E+14 5.197E+00 1.457E-01 2.000E+05 9.708E-01 2.466E+05 8.544E+05
PRADK 6.7644E-01
BEGIN                    ITERATION  15 COMPLETED
