TEFF   8000.  GRAVITY 4.00000 LTE
TITLE  [-2.0] N(He)/Ntot=0.0784 VTURB=2.0  L/H=1.25 ODFNEW
OPACITY IFOP 1 1 1 1 1 1 1 1 1 1 1 1 1 0 1 0 0 0 0 0
CONVECTION ON   1.25 TURBULENCE OFF  0.00  0.00  0.00  0.00
ABUNDANCE SCALE   0.01000 ABUNDANCE CHANGE 1 0.92160 2 0.07844
ABUNDANCE CHANGE  3 -10.94  4 -10.64  5  -9.49  6  -3.52  7  -4.12  8  -3.21
ABUNDANCE CHANGE  9  -7.48 10  -3.96 11  -5.71 12  -4.46 13  -5.57 14  -4.49
ABUNDANCE CHANGE 15  -6.59 16  -4.71 17  -6.54 18  -5.64 19  -6.92 20  -5.68
ABUNDANCE CHANGE 21  -8.87 22  -7.02 23  -8.04 24  -6.37 25  -6.65 26  -4.54
ABUNDANCE CHANGE 27  -7.12 28  -5.79 29  -7.83 30  -7.44 31  -9.16 32  -8.63
ABUNDANCE CHANGE 33  -9.67 34  -8.63 35  -9.41 36  -8.73 37  -9.44 38  -9.07
ABUNDANCE CHANGE 39  -9.80 40  -9.44 41 -10.62 42 -10.12 43 -20.00 44 -10.20
ABUNDANCE CHANGE 45 -10.92 46 -10.35 47 -11.10 48 -10.27 49 -10.38 50 -10.04
ABUNDANCE CHANGE 51 -11.04 52  -9.80 53 -10.53 54  -9.87 55 -10.91 56  -9.91
ABUNDANCE CHANGE 57 -10.87 58 -10.46 59 -11.33 60 -10.54 61 -20.00 62 -11.03
ABUNDANCE CHANGE 63 -11.53 64 -10.92 65 -11.69 66 -10.90 67 -11.78 68 -11.11
ABUNDANCE CHANGE 69 -12.04 70 -10.96 71 -11.98 72 -11.16 73 -12.17 74 -10.93
ABUNDANCE CHANGE 75 -11.76 76 -10.59 77 -10.69 78 -10.24 79 -11.03 80 -10.91
ABUNDANCE CHANGE 81 -11.14 82 -10.09 83 -11.33 84 -20.00 85 -20.00 86 -20.00
ABUNDANCE CHANGE 87 -20.00 88 -20.00 89 -20.00 90 -11.95 91 -20.00 92 -12.54
ABUNDANCE CHANGE 93 -20.00 94 -20.00 95 -20.00 96 -20.00 97 -20.00 98 -20.00
ABUNDANCE CHANGE 99 -20.00
READ DECK6 72 RHOX,T,P,XNE,ABROSS,ACCRAD,VTURB, FLXCNV,VCONV,VELSND
7.69194709E-06   5447.9 7.692E-02 4.667E+09 1.734E-02 3.200E-01 2.000E+05 0.000E+00 0.000E+00 2.947E+06
1.04334378E-05   5448.0 1.043E-01 5.475E+09 1.511E-02 3.039E-01 2.000E+05 0.000E+00 0.000E+00 2.637E+06
1.46333152E-05   5451.8 1.463E-01 6.591E+09 1.313E-02 2.900E-01 2.000E+05 0.000E+00 0.000E+00 2.338E+06
2.11062600E-05   5455.5 2.111E-01 8.042E+09 1.130E-02 2.771E-01 2.000E+05 0.000E+00 0.000E+00 2.063E+06
3.11914293E-05   5462.4 3.119E-01 1.001E+10 9.751E-03 2.665E-01 2.000E+05 0.000E+00 0.000E+00 1.815E+06
4.67330942E-05   5471.8 4.673E-01 1.262E+10 8.469E-03 2.580E-01 2.000E+05 0.000E+00 0.000E+00 1.598E+06
7.03991151E-05   5485.3 7.040E-01 1.611E+10 7.480E-03 2.518E-01 2.000E+05 0.000E+00 0.000E+00 1.414E+06
1.05751500E-04   5502.7 1.057E+00 2.074E+10 6.750E-03 2.476E-01 2.000E+05 0.000E+00 0.000E+00 1.261E+06
1.57141935E-04   5525.9 1.571E+00 2.693E+10 6.286E-03 2.453E-01 2.000E+05 0.000E+00 0.000E+00 1.137E+06
2.29774892E-04   5551.6 2.298E+00 3.488E+10 6.005E-03 2.442E-01 2.000E+05 0.000E+00 0.000E+00 1.040E+06
3.29471311E-04   5581.7 3.295E+00 4.521E+10 5.926E-03 2.444E-01 2.000E+05 0.000E+00 0.000E+00 9.640E+05
4.62008774E-04   5615.6 4.620E+00 5.844E+10 6.030E-03 2.459E-01 2.000E+05 0.000E+00 0.000E+00 9.059E+05
6.33415220E-04   5651.7 6.334E+00 7.503E+10 6.289E-03 2.483E-01 2.000E+05 0.000E+00 0.000E+00 8.622E+05
8.50253752E-04   5689.1 8.502E+00 9.548E+10 6.691E-03 2.517E-01 2.000E+05 0.000E+00 0.000E+00 8.296E+05
1.11958762E-03   5727.6 1.120E+01 1.205E+11 7.239E-03 2.561E-01 2.000E+05 0.000E+00 0.000E+00 8.052E+05
1.44951862E-03   5766.0 1.449E+01 1.506E+11 7.922E-03 2.617E-01 2.000E+05 0.000E+00 0.000E+00 7.872E+05
1.84968515E-03   5804.2 1.850E+01 1.865E+11 8.745E-03 2.685E-01 2.000E+05 0.000E+00 0.000E+00 7.738E+05
2.33156258E-03   5841.6 2.332E+01 2.288E+11 9.709E-03 2.766E-01 2.000E+05 0.000E+00 0.000E+00 7.639E+05
2.90907220E-03   5878.2 2.909E+01 2.785E+11 1.082E-02 2.861E-01 2.000E+05 0.000E+00 0.000E+00 7.567E+05
3.59881806E-03   5914.0 3.599E+01 3.365E+11 1.210E-02 2.974E-01 2.000E+05 0.000E+00 0.000E+00 7.515E+05
4.42030154E-03   5949.1 4.420E+01 4.042E+11 1.357E-02 3.103E-01 2.000E+05 0.000E+00 0.000E+00 7.478E+05
5.39650857E-03   5983.7 5.396E+01 4.830E+11 1.524E-02 3.250E-01 2.000E+05 0.000E+00 0.000E+00 7.454E+05
6.55428371E-03   6018.0 6.554E+01 5.747E+11 1.715E-02 3.415E-01 2.000E+05 0.000E+00 0.000E+00 7.439E+05
7.92531306E-03   6051.7 7.925E+01 6.810E+11 1.932E-02 3.597E-01 2.000E+05 0.000E+00 0.000E+00 7.431E+05
9.54730493E-03   6085.1 9.547E+01 8.040E+11 2.178E-02 3.796E-01 2.000E+05 0.000E+00 0.000E+00 7.430E+05
1.14662022E-02   6117.4 1.147E+02 9.450E+11 2.454E-02 4.012E-01 2.000E+05 0.000E+00 0.000E+00 7.434E+05
1.37394537E-02   6148.4 1.374E+02 1.105E+12 2.760E-02 4.242E-01 2.000E+05 0.000E+00 0.000E+00 7.442E+05
1.64394211E-02   6177.2 1.644E+02 1.285E+12 3.093E-02 4.485E-01 2.000E+05 0.000E+00 0.000E+00 7.454E+05
1.96591714E-02   6203.3 1.966E+02 1.485E+12 3.451E-02 4.743E-01 2.000E+05 0.000E+00 0.000E+00 7.469E+05
2.35169629E-02   6226.6 2.352E+02 1.706E+12 3.833E-02 5.018E-01 2.000E+05 0.000E+00 0.000E+00 7.487E+05
2.81585563E-02   6247.4 2.816E+02 1.949E+12 4.241E-02 5.317E-01 2.000E+05 0.000E+00 0.000E+00 7.508E+05
3.37582963E-02   6266.6 3.376E+02 2.221E+12 4.685E-02 5.649E-01 2.000E+05 0.000E+00 0.000E+00 7.532E+05
4.05161728E-02   6285.5 4.051E+02 2.530E+12 5.180E-02 6.025E-01 2.000E+05 0.000E+00 0.000E+00 7.557E+05
4.86597356E-02   6304.7 4.866E+02 2.883E+12 5.738E-02 6.449E-01 2.000E+05 0.000E+00 0.000E+00 7.583E+05
5.84497475E-02   6324.7 5.845E+02 3.291E+12 6.373E-02 6.927E-01 2.000E+05 0.000E+00 0.000E+00 7.611E+05
7.01864727E-02   6345.8 7.018E+02 3.764E+12 7.099E-02 7.469E-01 2.000E+05 0.000E+00 0.000E+00 7.639E+05
8.42188315E-02   6368.1 8.421E+02 4.311E+12 7.927E-02 8.084E-01 2.000E+05 0.000E+00 0.000E+00 7.669E+05
1.00958580E-01   6391.4 1.010E+03 4.944E+12 8.871E-02 8.781E-01 2.000E+05 0.000E+00 0.000E+00 7.698E+05
1.20875072E-01   6416.4 1.209E+03 5.683E+12 9.957E-02 9.587E-01 2.000E+05 0.000E+00 0.000E+00 7.727E+05
1.44512167E-01   6442.8 1.445E+03 6.542E+12 1.120E-01 1.051E+00 2.000E+05 0.000E+00 0.000E+00 7.757E+05
1.72497474E-01   6471.0 1.725E+03 7.550E+12 1.263E-01 1.160E+00 2.000E+05 0.000E+00 0.000E+00 7.787E+05
2.05498842E-01   6502.3 2.055E+03 8.750E+12 1.432E-01 1.288E+00 2.000E+05 0.000E+00 0.000E+00 7.817E+05
2.44209225E-01   6537.6 2.442E+03 1.020E+13 1.633E-01 1.445E+00 2.000E+05 0.000E+00 0.000E+00 7.847E+05
2.89274552E-01   6578.8 2.892E+03 1.199E+13 1.879E-01 1.639E+00 2.000E+05 0.000E+00 0.000E+00 7.876E+05
3.41202672E-01   6627.8 3.412E+03 1.426E+13 2.188E-01 1.885E+00 2.000E+05 0.000E+00 0.000E+00 7.904E+05
4.00236655E-01   6687.1 4.002E+03 1.720E+13 2.586E-01 2.205E+00 2.000E+05 0.000E+00 0.000E+00 7.931E+05
4.66276457E-01   6758.6 4.662E+03 2.108E+13 3.110E-01 2.631E+00 2.000E+05 0.000E+00 0.000E+00 7.957E+05
5.38770167E-01   6845.2 5.387E+03 2.635E+13 3.818E-01 3.212E+00 2.000E+05 0.000E+00 0.000E+00 7.982E+05
6.16532297E-01   6950.4 6.164E+03 3.367E+13 4.808E-01 4.033E+00 2.000E+05 0.000E+00 0.000E+00 8.005E+05
6.97704979E-01   7077.8 6.976E+03 4.410E+13 6.236E-01 5.230E+00 2.000E+05 0.000E+00 0.000E+00 8.027E+05
7.79667144E-01   7233.4 7.795E+03 5.949E+13 8.392E-01 7.048E+00 2.000E+05 7.332E-01 0.000E+00 8.050E+05
8.59291158E-01   7420.3 8.590E+03 8.256E+13 1.176E+00 9.914E+00 2.000E+05 2.635E+01 5.215E+02 8.076E+05
9.33294763E-01   7645.4 9.329E+03 1.181E+14 1.729E+00 1.466E+01 2.000E+05 8.656E+02 1.602E+03 8.114E+05
9.98609785E-01   7915.4 9.981E+03 1.743E+14 2.686E+00 2.291E+01 2.000E+05 3.957E+04 4.861E+03 8.175E+05
1.05289462E+00   8239.4 1.052E+04 2.648E+14 4.445E+00 3.807E+01 2.000E+05 2.287E+06 1.658E+04 8.279E+05
1.09550645E+00   8617.5 1.095E+04 4.087E+14 7.745E+00 6.635E+01 2.000E+05 5.972E+07 6.131E+04 8.446E+05
1.12679565E+00   9084.4 1.126E+04 6.505E+14 1.454E+01 1.229E+02 2.000E+05 4.117E+08 1.729E+05 8.729E+05
1.14870686E+00   9613.4 1.147E+04 1.014E+15 2.719E+01 2.077E+02 2.000E+05 2.002E+09 2.997E+05 9.159E+05
1.16583780E+00  10049.6 1.164E+04 1.376E+15 4.206E+01 2.461E+02 2.000E+05 5.133E+09 4.995E+05 9.607E+05
1.18206458E+00  10379.7 1.180E+04 1.676E+15 5.527E+01 2.345E+02 2.000E+05 8.321E+09 5.911E+05 1.000E+06
1.19912597E+00  10679.8 1.196E+04 1.956E+15 6.815E+01 2.178E+02 2.000E+05 1.061E+10 6.512E+05 1.040E+06
1.21801972E+00  10968.2 1.215E+04 2.221E+15 8.038E+01 2.077E+02 2.000E+05 1.219E+10 6.957E+05 1.080E+06
1.23971341E+00  11282.3 1.236E+04 2.490E+15 9.200E+01 2.126E+02 2.000E+05 1.285E+10 7.356E+05 1.127E+06
1.26558587E+00  11645.4 1.261E+04 2.761E+15 1.005E+02 2.244E+02 2.000E+05 1.303E+10 7.437E+05 1.181E+06
1.29791819E+00  12083.1 1.293E+04 3.018E+15 1.043E+02 3.236E+02 2.000E+05 1.086E+10 8.151E+05 1.245E+06
1.34362460E+00  13073.7 1.337E+04 3.271E+15 8.931E+01 4.967E+02 2.000E+05 5.013E+09 5.602E+05 1.379E+06
1.42671420E+00  14628.1 1.416E+04 3.289E+15 5.345E+01 3.973E+02 2.000E+05 7.541E+08 8.831E+04 1.571E+06
1.61727696E+00  16298.4 1.601E+04 3.400E+15 3.290E+01 2.544E+02 2.000E+05 1.584E+06 1.761E+04 1.679E+06
1.98776165E+00  17905.3 1.963E+04 3.856E+15 2.533E+01 1.943E+02 2.000E+05 1.619E+04 9.370E+03 1.745E+06
2.58658985E+00  19566.5 2.551E+04 4.650E+15 2.216E+01 1.700E+02 2.000E+05 2.396E+03 3.297E+03 1.878E+06
3.46505402E+00  21254.9 3.415E+04 5.770E+15 2.078E+01 1.587E+02 2.000E+05 9.621E+01 0.000E+00 2.042E+06
4.68318677E+00  23024.4 4.614E+04 7.217E+15 2.029E+01 1.511E+02 2.000E+05 9.621E+01 0.000E+00 2.195E+06
PRADK 5.4897E+00
BEGIN                    ITERATION  15 COMPLETED
