TEFF   7000.  GRAVITY 0.50000 LTE
TITLE  [-2.0] N(He)/Ntot=0.0784 VTURB=2.0  L/H=1.25 ODFNEW
OPACITY IFOP 1 1 1 1 1 1 1 1 1 1 1 1 1 0 1 0 0 0 0 0
CONVECTION ON   1.25 TURBULENCE OFF  0.00  0.00  0.00  0.00
ABUNDANCE SCALE   0.01000 ABUNDANCE CHANGE 1 0.92160 2 0.07844
ABUNDANCE CHANGE  3 -10.94  4 -10.64  5  -9.49  6  -3.52  7  -4.12  8  -3.21
ABUNDANCE CHANGE  9  -7.48 10  -3.96 11  -5.71 12  -4.46 13  -5.57 14  -4.49
ABUNDANCE CHANGE 15  -6.59 16  -4.71 17  -6.54 18  -5.64 19  -6.92 20  -5.68
ABUNDANCE CHANGE 21  -8.87 22  -7.02 23  -8.04 24  -6.37 25  -6.65 26  -4.54
ABUNDANCE CHANGE 27  -7.12 28  -5.79 29  -7.83 30  -7.44 31  -9.16 32  -8.63
ABUNDANCE CHANGE 33  -9.67 34  -8.63 35  -9.41 36  -8.73 37  -9.44 38  -9.07
ABUNDANCE CHANGE 39  -9.80 40  -9.44 41 -10.62 42 -10.12 43 -20.00 44 -10.20
ABUNDANCE CHANGE 45 -10.92 46 -10.35 47 -11.10 48 -10.27 49 -10.38 50 -10.04
ABUNDANCE CHANGE 51 -11.04 52  -9.80 53 -10.53 54  -9.87 55 -10.91 56  -9.91
ABUNDANCE CHANGE 57 -10.87 58 -10.46 59 -11.33 60 -10.54 61 -20.00 62 -11.03
ABUNDANCE CHANGE 63 -11.53 64 -10.92 65 -11.69 66 -10.90 67 -11.78 68 -11.11
ABUNDANCE CHANGE 69 -12.04 70 -10.96 71 -11.98 72 -11.16 73 -12.17 74 -10.93
ABUNDANCE CHANGE 75 -11.76 76 -10.59 77 -10.69 78 -10.24 79 -11.03 80 -10.91
ABUNDANCE CHANGE 81 -11.14 82 -10.09 83 -11.33 84 -20.00 85 -20.00 86 -20.00
ABUNDANCE CHANGE 87 -20.00 88 -20.00 89 -20.00 90 -11.95 91 -20.00 92 -12.54
ABUNDANCE CHANGE 93 -20.00 94 -20.00 95 -20.00 96 -20.00 97 -20.00 98 -20.00
ABUNDANCE CHANGE 99 -20.00
READ DECK6 72 RHOX,T,P,XNE,ABROSS,ACCRAD,VTURB, FLXCNV,VCONV,VELSND
9.66175036E-06   4320.9 2.983E-05 1.997E+06 1.380E-02 7.461E-02 2.000E+05 0.000E+00 0.000E+00 8.045E+07
1.31169680E-05   4321.8 4.051E-05 2.350E+06 1.194E-02 6.623E-02 2.000E+05 0.000E+00 0.000E+00 7.362E+07
1.84767057E-05   4323.5 5.713E-05 2.827E+06 1.019E-02 5.834E-02 2.000E+05 0.000E+00 0.000E+00 6.610E+07
2.68989572E-05   4326.2 8.330E-05 3.472E+06 8.594E-03 5.116E-02 2.000E+05 0.000E+00 5.252E+08 5.835E+07
4.03438658E-05   4331.2 1.252E-04 4.367E+06 7.221E-03 4.500E-02 2.000E+05 0.000E+00 4.223E+08 5.068E+07
6.16678965E-05   4338.6 1.917E-04 5.597E+06 6.079E-03 3.988E-02 2.000E+05 0.000E+00 3.169E+08 4.355E+07
9.53008643E-05   4349.0 2.968E-04 7.301E+06 5.164E-03 3.576E-02 2.000E+05 0.000E+00 2.329E+08 3.712E+07
1.47720388E-04   4363.0 4.607E-04 9.672E+06 4.451E-03 3.253E-02 2.000E+05 0.000E+00 1.694E+08 3.147E+07
2.27925444E-04   4381.5 7.118E-04 1.301E+07 3.921E-03 3.010E-02 2.000E+05 0.000E+00 1.225E+08 2.659E+07
3.47941767E-04   4404.0 1.088E-03 1.768E+07 3.532E-03 2.827E-02 2.000E+05 0.000E+00 8.777E+07 2.244E+07
5.23369286E-04   4430.8 1.638E-03 2.423E+07 3.259E-03 2.689E-02 2.000E+05 0.000E+00 6.275E+07 1.896E+07
7.74151750E-04   4460.8 2.424E-03 3.331E+07 3.069E-03 2.583E-02 2.000E+05 0.000E+00 4.466E+07 1.605E+07
1.12580135E-03   4493.7 3.527E-03 4.583E+07 2.943E-03 2.501E-02 2.000E+05 0.000E+00 3.168E+07 1.363E+07
1.61131524E-03   4528.4 5.050E-03 6.289E+07 2.859E-03 2.436E-02 2.000E+05 0.000E+00 2.221E+07 1.163E+07
2.27466334E-03   4563.9 7.132E-03 8.578E+07 2.800E-03 2.381E-02 2.000E+05 0.000E+00 1.525E+07 9.965E+06
3.17713438E-03   4599.1 9.965E-03 1.160E+08 2.746E-03 2.314E-02 2.000E+05 0.000E+00 1.019E+07 8.580E+06
4.40418377E-03   4633.8 1.382E-02 1.556E+08 2.693E-03 2.242E-02 2.000E+05 0.000E+00 6.651E+06 7.415E+06
6.07212645E-03   4668.3 1.905E-02 2.076E+08 2.643E-03 2.175E-02 2.000E+05 0.000E+00 4.213E+06 6.427E+06
8.33801253E-03   4702.8 2.617E-02 2.761E+08 2.595E-03 2.112E-02 2.000E+05 0.000E+00 2.560E+06 5.582E+06
1.14130509E-02   4737.6 3.583E-02 3.661E+08 2.551E-03 2.052E-02 2.000E+05 0.000E+00 2.419E+05 4.858E+06
1.55828254E-02   4772.5 4.893E-02 4.842E+08 2.509E-03 1.994E-02 2.000E+05 0.000E+00 1.206E+05 4.235E+06
2.12411541E-02   4806.8 6.671E-02 6.374E+08 2.464E-03 1.942E-02 2.000E+05 0.000E+00 5.879E+04 3.701E+06
2.89396358E-02   4840.1 9.091E-02 8.348E+08 2.411E-03 1.894E-02 2.000E+05 0.000E+00 2.742E+04 3.242E+06
3.94502225E-02   4872.6 1.239E-01 1.089E+09 2.351E-03 1.849E-02 2.000E+05 0.000E+00 1.211E+04 2.847E+06
5.38316445E-02   4904.8 1.692E-01 1.417E+09 2.291E-03 1.811E-02 2.000E+05 0.000E+00 4.966E+03 2.505E+06
7.34821417E-02   4937.9 2.309E-01 1.848E+09 2.241E-03 1.782E-02 2.000E+05 0.000E+00 1.779E+03 2.208E+06
1.00154826E-01   4973.3 3.148E-01 2.423E+09 2.212E-03 1.766E-02 2.000E+05 0.000E+00 4.113E+02 1.951E+06
1.35927998E-01   5012.2 4.273E-01 3.198E+09 2.215E-03 1.765E-02 2.000E+05 0.000E+00 0.000E+00 1.730E+06
1.83196000E-01   5054.5 5.759E-01 4.245E+09 2.252E-03 1.780E-02 2.000E+05 0.000E+00 0.000E+00 1.542E+06
2.44637586E-01   5100.4 7.691E-01 5.659E+09 2.329E-03 1.813E-02 2.000E+05 0.000E+00 0.000E+00 1.385E+06
3.23165132E-01   5149.7 1.016E+00 7.560E+09 2.450E-03 1.863E-02 2.000E+05 0.000E+00 0.000E+00 1.254E+06
4.21908943E-01   5201.9 1.326E+00 1.010E+10 2.616E-03 1.930E-02 2.000E+05 0.000E+00 0.000E+00 1.147E+06
5.44505055E-01   5255.4 1.712E+00 1.341E+10 2.825E-03 2.010E-02 2.000E+05 0.000E+00 0.000E+00 1.060E+06
6.95449241E-01   5308.2 2.186E+00 1.764E+10 3.064E-03 2.098E-02 2.000E+05 0.000E+00 0.000E+00 9.910E+05
8.81173381E-01   5357.8 2.769E+00 2.283E+10 3.314E-03 2.186E-02 2.000E+05 0.000E+00 0.000E+00 9.361E+05
1.11109596E+00   5402.4 3.491E+00 2.901E+10 3.556E-03 2.273E-02 2.000E+05 0.000E+00 0.000E+00 8.929E+05
1.39779180E+00   5442.9 4.391E+00 3.633E+10 3.794E-03 2.364E-02 2.000E+05 0.000E+00 0.000E+00 8.585E+05
1.75632243E+00   5480.8 5.516E+00 4.511E+10 4.046E-03 2.465E-02 2.000E+05 0.000E+00 0.000E+00 8.309E+05
2.20398965E+00   5517.5 6.921E+00 5.569E+10 4.330E-03 2.583E-02 2.000E+05 0.000E+00 0.000E+00 8.088E+05
2.76011502E+00   5553.9 8.664E+00 6.855E+10 4.663E-03 2.725E-02 2.000E+05 0.000E+00 0.000E+00 7.911E+05
3.44599161E+00   5590.5 1.081E+01 8.420E+10 5.062E-03 2.900E-02 2.000E+05 0.000E+00 0.000E+00 7.772E+05
4.28383326E+00   5628.6 1.344E+01 1.034E+11 5.556E-03 3.121E-02 2.000E+05 0.000E+00 0.000E+00 7.662E+05
5.29539796E+00   5669.1 1.660E+01 1.273E+11 6.176E-03 3.402E-02 2.000E+05 0.000E+00 0.000E+00 7.577E+05
6.49999232E+00   5713.3 2.037E+01 1.573E+11 6.967E-03 3.767E-02 2.000E+05 0.000E+00 0.000E+00 7.512E+05
7.91122556E+00   5762.8 2.478E+01 1.958E+11 8.002E-03 4.251E-02 2.000E+05 0.000E+00 0.000E+00 7.463E+05
9.53246217E+00   5819.8 2.983E+01 2.462E+11 9.389E-03 4.908E-02 2.000E+05 0.000E+00 0.000E+00 7.425E+05
1.13521849E+01   5886.6 3.549E+01 3.139E+11 1.130E-02 5.821E-02 2.000E+05 0.000E+00 0.000E+00 7.397E+05
1.33406213E+01   5965.5 4.165E+01 4.069E+11 1.399E-02 7.123E-02 2.000E+05 0.000E+00 0.000E+00 7.376E+05
1.54462618E+01   6059.8 4.814E+01 5.388E+11 1.793E-02 9.050E-02 2.000E+05 2.413E-11 0.000E+00 7.363E+05
1.75947940E+01   6172.9 5.471E+01 7.310E+11 2.391E-02 1.202E-01 2.000E+05 9.826E-08 7.926E-01 7.359E+05
1.96909819E+01   6309.7 6.104E+01 1.021E+12 3.353E-02 1.684E-01 2.000E+05 2.728E-06 1.192E+01 7.367E+05
2.16288382E+01   6475.1 6.677E+01 1.471E+12 4.983E-02 2.514E-01 2.000E+05 8.850E-05 3.322E+01 7.398E+05
2.33081262E+01   6675.9 7.154E+01 2.193E+12 7.947E-02 4.048E-01 2.000E+05 6.074E-03 1.007E+02 7.464E+05
2.46543133E+01   6919.2 7.508E+01 3.379E+12 1.376E-01 7.083E-01 2.000E+05 8.082E-01 3.967E+02 7.587E+05
2.56481903E+01   7208.7 7.725E+01 5.312E+12 2.576E-01 1.334E+00 2.000E+05 1.488E+02 1.966E+03 7.801E+05
2.63338022E+01   7544.2 7.813E+01 8.323E+12 5.092E-01 2.626E+00 2.000E+05 2.175E+04 1.109E+04 8.151E+05
2.67930608E+01   7924.5 7.788E+01 1.259E+13 1.011E+00 5.112E+00 2.000E+05 4.972E+05 5.976E+04 8.701E+05
2.71114571E+01   8344.6 7.666E+01 1.760E+13 1.852E+00 9.123E+00 2.000E+05 1.658E+06 1.761E+05 9.517E+05
2.73652067E+01   8806.8 7.460E+01 2.186E+13 2.823E+00 1.348E+01 2.000E+05 2.305E+06 2.294E+05 1.062E+06
2.76210829E+01   9307.0 7.168E+01 2.363E+13 3.264E+00 1.520E+01 2.000E+05 1.526E+06 2.178E+05 1.193E+06
2.79611058E+01   9861.6 6.789E+01 2.286E+13 2.920E+00 1.336E+01 2.000E+05 4.135E+05 7.665E+04 1.362E+06
2.85063326E+01  10462.3 6.320E+01 2.065E+13 2.239E+00 1.017E+01 2.000E+05 1.016E+04 2.579E+04 1.585E+06
2.95011633E+01  11136.9 5.783E+01 1.794E+13 1.599E+00 7.256E+00 2.000E+05 2.756E+02 1.260E+04 1.813E+06
3.13655606E+01  11871.3 5.239E+01 1.531E+13 1.142E+00 5.173E+00 2.000E+05 3.452E+01 8.528E+03 2.025E+06
3.47717213E+01  12685.0 4.806E+01 1.323E+13 8.570E-01 3.880E+00 2.000E+05 1.546E+01 7.612E+03 2.237E+06
4.05335555E+01  13567.0 4.615E+01 1.205E+13 7.079E-01 3.202E+00 2.000E+05 1.199E+01 7.811E+03 2.521E+06
4.95142054E+01  14533.5 4.773E+01 1.179E+13 6.239E-01 2.820E+00 2.000E+05 8.079E+00 6.787E+03 2.917E+06
6.27987568E+01  15574.3 5.399E+01 1.252E+13 5.734E-01 2.591E+00 2.000E+05 3.753E+00 4.924E+03 3.250E+06
8.17141111E+01  16708.5 6.616E+01 1.432E+13 5.458E-01 2.466E+00 2.000E+05 1.157E+00 2.877E+03 3.480E+06
1.07814570E+02  17925.2 8.514E+01 1.718E+13 5.338E-01 2.411E+00 2.000E+05 2.017E-01 1.083E+03 3.649E+06
1.43182673E+02  19246.6 1.122E+02 2.110E+13 5.282E-01 2.381E+00 2.000E+05 7.918E+01 1.738E+02 3.792E+06
1.90405625E+02  20661.8 1.501E+02 2.629E+13 5.310E-01 2.340E+00 2.000E+05 1.584E+02 1.793E+04 3.915E+06
PRADK 3.2183E+00
BEGIN                    ITERATION  15 COMPLETED
