TEFF   7250.  GRAVITY 3.50000 LTE
TITLE  [-2.0] N(He)/Ntot=0.0784 VTURB=2.0  L/H=1.25 ODFNEW
OPACITY IFOP 1 1 1 1 1 1 1 1 1 1 1 1 1 0 1 0 0 0 0 0
CONVECTION ON   1.25 TURBULENCE OFF  0.00  0.00  0.00  0.00
ABUNDANCE SCALE   0.01000 ABUNDANCE CHANGE 1 0.92160 2 0.07844
ABUNDANCE CHANGE  3 -10.94  4 -10.64  5  -9.49  6  -3.52  7  -4.12  8  -3.21
ABUNDANCE CHANGE  9  -7.48 10  -3.96 11  -5.71 12  -4.46 13  -5.57 14  -4.49
ABUNDANCE CHANGE 15  -6.59 16  -4.71 17  -6.54 18  -5.64 19  -6.92 20  -5.68
ABUNDANCE CHANGE 21  -8.87 22  -7.02 23  -8.04 24  -6.37 25  -6.65 26  -4.54
ABUNDANCE CHANGE 27  -7.12 28  -5.79 29  -7.83 30  -7.44 31  -9.16 32  -8.63
ABUNDANCE CHANGE 33  -9.67 34  -8.63 35  -9.41 36  -8.73 37  -9.44 38  -9.07
ABUNDANCE CHANGE 39  -9.80 40  -9.44 41 -10.62 42 -10.12 43 -20.00 44 -10.20
ABUNDANCE CHANGE 45 -10.92 46 -10.35 47 -11.10 48 -10.27 49 -10.38 50 -10.04
ABUNDANCE CHANGE 51 -11.04 52  -9.80 53 -10.53 54  -9.87 55 -10.91 56  -9.91
ABUNDANCE CHANGE 57 -10.87 58 -10.46 59 -11.33 60 -10.54 61 -20.00 62 -11.03
ABUNDANCE CHANGE 63 -11.53 64 -10.92 65 -11.69 66 -10.90 67 -11.78 68 -11.11
ABUNDANCE CHANGE 69 -12.04 70 -10.96 71 -11.98 72 -11.16 73 -12.17 74 -10.93
ABUNDANCE CHANGE 75 -11.76 76 -10.59 77 -10.69 78 -10.24 79 -11.03 80 -10.91
ABUNDANCE CHANGE 81 -11.14 82 -10.09 83 -11.33 84 -20.00 85 -20.00 86 -20.00
ABUNDANCE CHANGE 87 -20.00 88 -20.00 89 -20.00 90 -11.95 91 -20.00 92 -12.54
ABUNDANCE CHANGE 93 -20.00 94 -20.00 95 -20.00 96 -20.00 97 -20.00 98 -20.00
ABUNDANCE CHANGE 99 -20.00
READ DECK6 72 RHOX,T,P,XNE,ABROSS,ACCRAD,VTURB, FLXCNV,VCONV,VELSND
6.79064101E-05   4888.0 2.147E-01 1.511E+09 1.964E-03 6.388E-02 2.000E+05 0.000E+00 0.000E+00 2.499E+06
9.14393006E-05   4901.2 2.891E-01 1.833E+09 1.816E-03 6.321E-02 2.000E+05 0.000E+00 0.000E+00 2.243E+06
1.25673905E-04   4910.0 3.974E-01 2.215E+09 1.649E-03 6.235E-02 2.000E+05 0.000E+00 0.000E+00 2.008E+06
1.75372999E-04   4926.9 5.545E-01 2.768E+09 1.534E-03 6.173E-02 2.000E+05 0.000E+00 0.000E+00 1.784E+06
2.46604248E-04   4945.0 7.798E-01 3.485E+09 1.437E-03 6.107E-02 2.000E+05 0.000E+00 0.000E+00 1.586E+06
3.46795833E-04   4968.4 1.097E+00 4.462E+09 1.379E-03 6.050E-02 2.000E+05 0.000E+00 0.000E+00 1.415E+06
4.84539268E-04   4995.2 1.532E+00 5.753E+09 1.351E-03 5.995E-02 2.000E+05 0.000E+00 0.000E+00 1.272E+06
6.69650735E-04   5025.7 2.118E+00 7.457E+09 1.356E-03 5.941E-02 2.000E+05 0.000E+00 0.000E+00 1.156E+06
9.12912549E-04   5058.7 2.887E+00 9.661E+09 1.389E-03 5.886E-02 2.000E+05 0.000E+00 0.000E+00 1.063E+06
1.22623847E-03   5093.5 3.878E+00 1.248E+10 1.452E-03 5.838E-02 2.000E+05 0.000E+00 0.000E+00 9.900E+05
1.62275298E-03   5129.4 5.131E+00 1.603E+10 1.541E-03 5.796E-02 2.000E+05 0.000E+00 0.000E+00 9.332E+05
2.11753320E-03   5165.5 6.696E+00 2.042E+10 1.656E-03 5.763E-02 2.000E+05 0.000E+00 0.000E+00 8.893E+05
2.72838000E-03   5200.9 8.628E+00 2.577E+10 1.796E-03 5.743E-02 2.000E+05 0.000E+00 0.000E+00 8.556E+05
3.47648605E-03   5235.6 1.099E+01 3.222E+10 1.963E-03 5.742E-02 2.000E+05 0.000E+00 0.000E+00 8.296E+05
4.38668242E-03   5269.3 1.387E+01 3.992E+10 2.157E-03 5.765E-02 2.000E+05 0.000E+00 0.000E+00 8.096E+05
5.48807113E-03   5302.1 1.735E+01 4.907E+10 2.383E-03 5.810E-02 2.000E+05 0.000E+00 0.000E+00 7.942E+05
6.81501975E-03   5334.0 2.155E+01 5.986E+10 2.642E-03 5.879E-02 2.000E+05 0.000E+00 0.000E+00 7.824E+05
8.40791720E-03   5365.1 2.659E+01 7.254E+10 2.940E-03 5.971E-02 2.000E+05 0.000E+00 0.000E+00 7.735E+05
1.03145069E-02   5395.2 3.262E+01 8.734E+10 3.279E-03 6.092E-02 2.000E+05 0.000E+00 0.000E+00 7.668E+05
1.25916399E-02   5424.4 3.982E+01 1.045E+11 3.664E-03 6.247E-02 2.000E+05 0.000E+00 0.000E+00 7.618E+05
1.53075621E-02   5452.5 4.841E+01 1.244E+11 4.099E-03 6.433E-02 2.000E+05 0.000E+00 0.000E+00 7.582E+05
1.85437575E-02   5479.7 5.864E+01 1.473E+11 4.589E-03 6.654E-02 2.000E+05 0.000E+00 0.000E+00 7.557E+05
2.23975368E-02   5506.0 7.082E+01 1.737E+11 5.140E-03 6.912E-02 2.000E+05 0.000E+00 0.000E+00 7.541E+05
2.69829763E-02   5531.7 8.532E+01 2.040E+11 5.763E-03 7.213E-02 2.000E+05 0.000E+00 0.000E+00 7.532E+05
3.24342876E-02   5556.9 1.026E+02 2.389E+11 6.468E-03 7.560E-02 2.000E+05 0.000E+00 0.000E+00 7.529E+05
3.89088423E-02   5581.8 1.230E+02 2.791E+11 7.265E-03 7.961E-02 2.000E+05 0.000E+00 0.000E+00 7.531E+05
4.65902216E-02   5606.6 1.473E+02 3.255E+11 8.172E-03 8.413E-02 2.000E+05 0.000E+00 0.000E+00 7.537E+05
5.56918642E-02   5631.3 1.761E+02 3.790E+11 9.200E-03 8.916E-02 2.000E+05 0.000E+00 0.000E+00 7.546E+05
6.64691088E-02   5655.9 2.102E+02 4.405E+11 1.036E-02 9.474E-02 2.000E+05 0.000E+00 0.000E+00 7.557E+05
7.92324289E-02   5679.7 2.505E+02 5.104E+11 1.166E-02 1.008E-01 2.000E+05 0.000E+00 0.000E+00 7.571E+05
9.43629657E-02   5702.7 2.984E+02 5.899E+11 1.311E-02 1.076E-01 2.000E+05 0.000E+00 0.000E+00 7.587E+05
1.12339856E-01   5724.0 3.552E+02 6.782E+11 1.469E-02 1.149E-01 2.000E+05 0.000E+00 0.000E+00 7.604E+05
1.33748787E-01   5744.2 4.229E+02 7.775E+11 1.644E-02 1.231E-01 2.000E+05 0.000E+00 0.000E+00 7.623E+05
1.59306351E-01   5762.5 5.038E+02 8.873E+11 1.834E-02 1.320E-01 2.000E+05 0.000E+00 0.000E+00 7.642E+05
1.89878682E-01   5780.0 6.004E+02 1.011E+12 2.044E-02 1.421E-01 2.000E+05 0.000E+00 0.000E+00 7.663E+05
2.26474171E-01   5797.0 7.161E+02 1.150E+12 2.276E-02 1.534E-01 2.000E+05 0.000E+00 0.000E+00 7.684E+05
2.70257344E-01   5814.2 8.546E+02 1.308E+12 2.539E-02 1.662E-01 2.000E+05 0.000E+00 0.000E+00 7.706E+05
3.22580777E-01   5831.7 1.020E+03 1.490E+12 2.835E-02 1.807E-01 2.000E+05 0.000E+00 0.000E+00 7.728E+05
3.84983288E-01   5850.3 1.217E+03 1.701E+12 3.174E-02 1.975E-01 2.000E+05 0.000E+00 0.000E+00 7.750E+05
4.59192714E-01   5870.5 1.452E+03 1.948E+12 3.565E-02 2.171E-01 2.000E+05 0.000E+00 0.000E+00 7.773E+05
5.47137934E-01   5892.8 1.730E+03 2.239E+12 4.020E-02 2.400E-01 2.000E+05 0.000E+00 0.000E+00 7.796E+05
6.50844955E-01   5918.1 2.058E+03 2.589E+12 4.558E-02 2.672E-01 2.000E+05 0.000E+00 0.000E+00 7.819E+05
7.72426086E-01   5947.3 2.442E+03 3.016E+12 5.202E-02 3.002E-01 2.000E+05 0.000E+00 0.000E+00 7.843E+05
9.13854795E-01   5981.9 2.890E+03 3.547E+12 5.991E-02 3.408E-01 2.000E+05 0.000E+00 0.000E+00 7.867E+05
1.07673634E+00   6023.2 3.405E+03 4.222E+12 6.975E-02 3.918E-01 2.000E+05 0.000E+00 0.000E+00 7.892E+05
1.26199884E+00   6073.4 3.990E+03 5.105E+12 8.236E-02 4.576E-01 2.000E+05 0.000E+00 0.000E+00 7.919E+05
1.46956829E+00   6134.3 4.647E+03 6.282E+12 9.883E-02 5.438E-01 2.000E+05 0.000E+00 0.000E+00 7.946E+05
1.69798060E+00   6208.6 5.369E+03 7.899E+12 1.210E-01 6.601E-01 2.000E+05 0.000E+00 0.000E+00 7.974E+05
1.94396007E+00   6299.1 6.147E+03 1.018E+13 1.516E-01 8.215E-01 2.000E+05 0.000E+00 0.000E+00 8.002E+05
2.20230956E+00   6409.0 6.963E+03 1.349E+13 1.951E-01 1.052E+00 2.000E+05 0.000E+00 0.000E+00 8.030E+05
2.46588449E+00   6542.2 7.796E+03 1.843E+13 2.592E-01 1.394E+00 2.000E+05 0.000E+00 0.000E+00 8.054E+05
2.72575436E+00   6703.6 8.618E+03 2.604E+13 3.572E-01 1.922E+00 2.000E+05 8.056E-01 0.000E+00 8.074E+05
2.97192776E+00   6898.1 9.396E+03 3.813E+13 5.140E-01 2.775E+00 2.000E+05 5.221E+01 5.588E+02 8.089E+05
3.19463958E+00   7131.6 1.010E+04 5.788E+13 7.772E-01 4.230E+00 2.000E+05 2.350E+03 2.123E+03 8.100E+05
3.38500046E+00   7413.9 1.070E+04 9.139E+13 1.250E+00 6.894E+00 2.000E+05 1.360E+05 7.150E+03 8.117E+05
3.53835192E+00   7744.1 1.118E+04 1.479E+14 2.131E+00 1.194E+01 2.000E+05 5.879E+06 2.627E+04 8.159E+05
3.65246301E+00   8153.5 1.154E+04 2.512E+14 4.008E+00 2.280E+01 2.000E+05 5.744E+07 8.648E+04 8.259E+05
3.72823891E+00   8659.8 1.178E+04 4.436E+14 8.352E+00 4.539E+01 2.000E+05 7.778E+08 1.649E+05 8.470E+05
3.77886419E+00   9125.6 1.194E+04 6.967E+14 1.550E+01 6.644E+01 2.000E+05 2.861E+09 3.921E+05 8.754E+05
3.82012746E+00   9446.7 1.206E+04 9.177E+14 2.285E+01 6.597E+01 2.000E+05 5.535E+09 5.003E+05 9.002E+05
3.86004785E+00   9693.9 1.219E+04 1.113E+15 2.999E+01 5.814E+01 2.000E+05 7.643E+09 5.499E+05 9.222E+05
3.90179067E+00   9909.5 1.232E+04 1.301E+15 3.737E+01 5.085E+01 2.000E+05 9.066E+09 5.825E+05 9.436E+05
3.94725198E+00  10110.8 1.246E+04 1.489E+15 4.507E+01 4.510E+01 2.000E+05 1.002E+10 6.041E+05 9.655E+05
3.99812651E+00  10307.0 1.262E+04 1.682E+15 5.317E+01 4.090E+01 2.000E+05 1.059E+10 6.193E+05 9.883E+05
4.05605518E+00  10504.5 1.280E+04 1.883E+15 6.187E+01 3.795E+01 2.000E+05 1.100E+10 6.300E+05 1.013E+06
4.12287753E+00  10707.3 1.301E+04 2.094E+15 7.114E+01 3.673E+01 2.000E+05 1.126E+10 6.465E+05 1.039E+06
4.20060628E+00  10930.7 1.325E+04 2.327E+15 8.134E+01 3.531E+01 2.000E+05 1.136E+10 6.518E+05 1.070E+06
4.29203303E+00  11158.0 1.354E+04 2.562E+15 9.135E+01 3.580E+01 2.000E+05 1.161E+10 6.681E+05 1.102E+06
4.40132329E+00  11442.4 1.388E+04 2.837E+15 1.012E+02 3.842E+01 2.000E+05 1.154E+10 6.951E+05 1.143E+06
4.53457053E+00  11770.3 1.429E+04 3.124E+15 1.092E+02 3.871E+01 2.000E+05 1.151E+10 6.788E+05 1.191E+06
4.70187165E+00  12142.5 1.482E+04 3.410E+15 1.137E+02 5.497E+01 2.000E+05 1.154E+10 7.623E+05 1.244E+06
4.93209301E+00  12998.4 1.553E+04 3.754E+15 1.036E+02 7.404E+01 2.000E+05 1.059E+10 7.583E+05 1.359E+06
PRADK 3.7060E+00
BEGIN                    ITERATION  15 COMPLETED
