TEFF   6750.  GRAVITY 1.00000 LTE
TITLE  [-2.0] N(He)/Ntot=0.0784 VTURB=2.0  L/H=1.25 ODFNEW
OPACITY IFOP 1 1 1 1 1 1 1 1 1 1 1 1 1 0 1 0 0 0 0 0
CONVECTION ON   1.25 TURBULENCE OFF  0.00  0.00  0.00  0.00
ABUNDANCE SCALE   0.01000 ABUNDANCE CHANGE 1 0.92160 2 0.07844
ABUNDANCE CHANGE  3 -10.94  4 -10.64  5  -9.49  6  -3.52  7  -4.12  8  -3.21
ABUNDANCE CHANGE  9  -7.48 10  -3.96 11  -5.71 12  -4.46 13  -5.57 14  -4.49
ABUNDANCE CHANGE 15  -6.59 16  -4.71 17  -6.54 18  -5.64 19  -6.92 20  -5.68
ABUNDANCE CHANGE 21  -8.87 22  -7.02 23  -8.04 24  -6.37 25  -6.65 26  -4.54
ABUNDANCE CHANGE 27  -7.12 28  -5.79 29  -7.83 30  -7.44 31  -9.16 32  -8.63
ABUNDANCE CHANGE 33  -9.67 34  -8.63 35  -9.41 36  -8.73 37  -9.44 38  -9.07
ABUNDANCE CHANGE 39  -9.80 40  -9.44 41 -10.62 42 -10.12 43 -20.00 44 -10.20
ABUNDANCE CHANGE 45 -10.92 46 -10.35 47 -11.10 48 -10.27 49 -10.38 50 -10.04
ABUNDANCE CHANGE 51 -11.04 52  -9.80 53 -10.53 54  -9.87 55 -10.91 56  -9.91
ABUNDANCE CHANGE 57 -10.87 58 -10.46 59 -11.33 60 -10.54 61 -20.00 62 -11.03
ABUNDANCE CHANGE 63 -11.53 64 -10.92 65 -11.69 66 -10.90 67 -11.78 68 -11.11
ABUNDANCE CHANGE 69 -12.04 70 -10.96 71 -11.98 72 -11.16 73 -12.17 74 -10.93
ABUNDANCE CHANGE 75 -11.76 76 -10.59 77 -10.69 78 -10.24 79 -11.03 80 -10.91
ABUNDANCE CHANGE 81 -11.14 82 -10.09 83 -11.33 84 -20.00 85 -20.00 86 -20.00
ABUNDANCE CHANGE 87 -20.00 88 -20.00 89 -20.00 90 -11.95 91 -20.00 92 -12.54
ABUNDANCE CHANGE 93 -20.00 94 -20.00 95 -20.00 96 -20.00 97 -20.00 98 -20.00
ABUNDANCE CHANGE 99 -20.00
READ DECK6 72 RHOX,T,P,XNE,ABROSS,ACCRAD,VTURB, FLXCNV,VCONV,VELSND
5.23830414E-05   4247.6 5.228E-04 6.297E+06 2.546E-03 1.959E-02 2.000E+05 0.000E+00 0.000E+00 3.202E+07
7.07065694E-05   4256.9 7.057E-04 7.630E+06 2.309E-03 1.869E-02 2.000E+05 0.000E+00 0.000E+00 2.860E+07
9.79984818E-05   4262.6 9.781E-04 9.219E+06 2.038E-03 1.764E-02 2.000E+05 0.000E+00 0.000E+00 2.541E+07
1.39014132E-04   4273.2 1.388E-03 1.151E+07 1.819E-03 1.678E-02 2.000E+05 0.000E+00 4.288E+07 2.225E+07
2.00467835E-04   4286.3 2.001E-03 1.465E+07 1.630E-03 1.602E-02 2.000E+05 0.000E+00 3.258E+07 1.929E+07
2.91289986E-04   4303.3 2.908E-03 1.902E+07 1.481E-03 1.538E-02 2.000E+05 0.000E+00 2.485E+07 1.660E+07
4.23530665E-04   4324.1 4.228E-03 2.509E+07 1.367E-03 1.483E-02 2.000E+05 0.000E+00 1.858E+07 1.421E+07
6.12971989E-04   4348.5 6.120E-03 3.349E+07 1.283E-03 1.435E-02 2.000E+05 0.000E+00 1.379E+07 1.214E+07
8.79712370E-04   4376.3 8.783E-03 4.512E+07 1.224E-03 1.395E-02 2.000E+05 0.000E+00 1.016E+07 1.036E+07
1.24935362E-03   4406.8 1.247E-02 6.103E+07 1.186E-03 1.361E-02 2.000E+05 0.000E+00 7.378E+06 8.860E+06
1.75561243E-03   4438.8 1.753E-02 8.247E+07 1.160E-03 1.330E-02 2.000E+05 0.000E+00 5.272E+06 7.599E+06
2.44380708E-03   4471.6 2.440E-02 1.111E+08 1.141E-03 1.300E-02 2.000E+05 0.000E+00 3.708E+06 6.540E+06
3.37536440E-03   4504.5 3.371E-02 1.488E+08 1.125E-03 1.272E-02 2.000E+05 0.000E+00 2.556E+06 5.648E+06
4.63375967E-03   4537.4 4.627E-02 1.983E+08 1.111E-03 1.247E-02 2.000E+05 0.000E+00 1.717E+06 4.893E+06
6.33179714E-03   4570.1 6.323E-02 2.630E+08 1.099E-03 1.223E-02 2.000E+05 0.000E+00 1.110E+06 4.252E+06
8.62262670E-03   4602.7 8.611E-02 3.475E+08 1.086E-03 1.188E-02 2.000E+05 0.000E+00 1.699E+05 3.704E+06
1.17122096E-02   4635.4 1.170E-01 4.578E+08 1.074E-03 1.153E-02 2.000E+05 0.000E+00 7.564E+04 3.234E+06
1.58765826E-02   4667.8 1.586E-01 6.011E+08 1.063E-03 1.120E-02 2.000E+05 0.000E+00 3.027E+04 2.831E+06
2.14910426E-02   4699.8 2.146E-01 7.861E+08 1.051E-03 1.089E-02 2.000E+05 0.000E+00 8.028E+03 2.487E+06
2.90700596E-02   4731.0 2.904E-01 1.023E+09 1.037E-03 1.061E-02 2.000E+05 0.000E+00 0.000E+00 2.192E+06
3.93168955E-02   4761.3 3.927E-01 1.325E+09 1.022E-03 1.037E-02 2.000E+05 0.000E+00 0.000E+00 1.940E+06
5.31638843E-02   4791.5 5.310E-01 1.713E+09 1.010E-03 1.019E-02 2.000E+05 0.000E+00 0.000E+00 1.724E+06
7.18114912E-02   4821.8 7.173E-01 2.213E+09 1.003E-03 1.012E-02 2.000E+05 0.000E+00 0.000E+00 1.541E+06
9.67245983E-02   4854.1 9.662E-01 2.868E+09 1.007E-03 1.010E-02 2.000E+05 0.000E+00 0.000E+00 1.386E+06
1.29574609E-01   4888.9 1.294E+00 3.733E+09 1.026E-03 1.016E-02 2.000E+05 0.000E+00 0.000E+00 1.256E+06
1.72231245E-01   4926.2 1.720E+00 4.873E+09 1.061E-03 1.028E-02 2.000E+05 0.000E+00 0.000E+00 1.149E+06
2.26745589E-01   4965.9 2.265E+00 6.369E+09 1.116E-03 1.047E-02 2.000E+05 0.000E+00 0.000E+00 1.063E+06
2.95329596E-01   5007.8 2.950E+00 8.317E+09 1.191E-03 1.072E-02 2.000E+05 0.000E+00 0.000E+00 9.930E+05
3.80413147E-01   5051.0 3.800E+00 1.083E+10 1.288E-03 1.106E-02 2.000E+05 0.000E+00 0.000E+00 9.375E+05
4.84646971E-01   5095.5 4.841E+00 1.403E+10 1.410E-03 1.147E-02 2.000E+05 0.000E+00 0.000E+00 8.937E+05
6.11044451E-01   5140.3 6.104E+00 1.807E+10 1.557E-03 1.195E-02 2.000E+05 0.000E+00 0.000E+00 8.591E+05
7.63182772E-01   5184.7 7.623E+00 2.308E+10 1.730E-03 1.249E-02 2.000E+05 0.000E+00 0.000E+00 8.320E+05
9.45654273E-01   5227.2 9.445E+00 2.914E+10 1.924E-03 1.308E-02 2.000E+05 0.000E+00 0.000E+00 8.109E+05
1.16465674E+00   5266.6 1.163E+01 3.627E+10 2.134E-03 1.372E-02 2.000E+05 0.000E+00 0.000E+00 7.946E+05
1.42844070E+00   5302.3 1.427E+01 4.450E+10 2.358E-03 1.441E-02 2.000E+05 0.000E+00 0.000E+00 7.819E+05
1.74742983E+00   5334.6 1.745E+01 5.394E+10 2.596E-03 1.518E-02 2.000E+05 0.000E+00 0.000E+00 7.722E+05
2.13403066E+00   5364.4 2.131E+01 6.480E+10 2.856E-03 1.604E-02 2.000E+05 0.000E+00 0.000E+00 7.648E+05
2.60256250E+00   5392.5 2.599E+01 7.737E+10 3.145E-03 1.704E-02 2.000E+05 0.000E+00 0.000E+00 7.592E+05
3.16896603E+00   5420.1 3.164E+01 9.209E+10 3.476E-03 1.821E-02 2.000E+05 0.000E+00 0.000E+00 7.551E+05
3.85086151E+00   5447.7 3.845E+01 1.094E+11 3.859E-03 1.960E-02 2.000E+05 0.000E+00 0.000E+00 7.521E+05
4.66726314E+00   5476.3 4.660E+01 1.301E+11 4.312E-03 2.126E-02 2.000E+05 0.000E+00 0.000E+00 7.500E+05
5.63798833E+00   5506.5 5.628E+01 1.550E+11 4.852E-03 2.327E-02 2.000E+05 0.000E+00 0.000E+00 7.487E+05
6.78324388E+00   5539.4 6.771E+01 1.854E+11 5.510E-03 2.575E-02 2.000E+05 0.000E+00 0.000E+00 7.480E+05
8.12114885E+00   5576.2 8.105E+01 2.231E+11 6.323E-03 2.885E-02 2.000E+05 0.000E+00 0.000E+00 7.478E+05
9.66601803E+00   5618.2 9.645E+01 2.711E+11 7.350E-03 3.281E-02 2.000E+05 0.000E+00 0.000E+00 7.478E+05
1.14244087E+01   5667.4 1.140E+02 3.336E+11 8.680E-03 3.799E-02 2.000E+05 0.000E+00 0.000E+00 7.480E+05
1.33913702E+01   5725.6 1.336E+02 4.170E+11 1.045E-02 4.492E-02 2.000E+05 0.000E+00 0.000E+00 7.483E+05
1.55463526E+01   5795.2 1.550E+02 5.315E+11 1.286E-02 5.447E-02 2.000E+05 0.000E+00 0.000E+00 7.486E+05
1.78493665E+01   5878.9 1.779E+02 6.934E+11 1.627E-02 6.805E-02 2.000E+05 0.000E+00 0.000E+00 7.486E+05
2.02395780E+01   5979.8 2.016E+02 9.290E+11 2.125E-02 8.801E-02 2.000E+05 0.000E+00 0.000E+00 7.485E+05
2.26367388E+01   6101.4 2.253E+02 1.283E+12 2.880E-02 1.187E-01 2.000E+05 1.144E-06 0.000E+00 7.480E+05
2.49433689E+01   6248.6 2.481E+02 1.833E+12 4.086E-02 1.682E-01 2.000E+05 8.246E-05 1.886E+01 7.475E+05
2.70541167E+01   6426.7 2.688E+02 2.719E+12 6.126E-02 2.536E-01 2.000E+05 4.351E-03 7.348E+01 7.476E+05
2.88696503E+01   6642.9 2.863E+02 4.200E+12 9.830E-02 4.115E-01 2.000E+05 3.590E-01 2.586E+02 7.495E+05
3.03164093E+01   6904.9 3.000E+02 6.754E+12 1.713E-01 7.277E-01 2.000E+05 5.149E+01 1.062E+03 7.553E+05
3.13727968E+01   7217.6 3.095E+02 1.120E+13 3.259E-01 1.402E+00 2.000E+05 1.199E+04 5.257E+03 7.679E+05
3.20808280E+01   7583.5 3.151E+02 1.881E+13 6.711E-01 2.904E+00 2.000E+05 8.396E+05 3.098E+04 7.908E+05
3.25260392E+01   8003.8 3.177E+02 3.118E+13 1.448E+00 6.241E+00 2.000E+05 7.190E+06 1.246E+05 8.291E+05
3.28018224E+01   8477.2 3.179E+02 4.920E+13 3.069E+00 1.273E+01 2.000E+05 1.747E+08 2.407E+05 8.896E+05
3.29859649E+01   8965.9 3.167E+02 6.919E+13 5.551E+00 2.045E+01 2.000E+05 7.833E+08 7.854E+05 9.721E+05
3.31444096E+01   9406.5 3.146E+02 8.395E+13 7.762E+00 2.569E+01 2.000E+05 1.350E+09 1.191E+06 1.058E+06
3.33108554E+01   9902.5 3.116E+02 9.328E+13 8.909E+00 3.108E+01 2.000E+05 1.028E+09 1.132E+06 1.157E+06
3.35316612E+01  10558.3 3.069E+02 9.521E+13 7.994E+00 3.044E+01 2.000E+05 3.035E+08 4.473E+05 1.280E+06
3.38917068E+01  11297.4 3.008E+02 9.062E+13 5.899E+00 2.320E+01 2.000E+05 1.073E+07 1.277E+05 1.435E+06
3.45824986E+01  12118.7 2.946E+02 8.382E+13 3.976E+00 1.563E+01 2.000E+05 1.413E+05 3.111E+04 1.597E+06
3.59465538E+01  12986.5 2.908E+02 7.766E+13 2.713E+00 1.065E+01 2.000E+05 1.620E+03 1.272E+04 1.691E+06
3.85494580E+01  13943.9 2.935E+02 7.366E+13 1.953E+00 7.660E+00 2.000E+05 1.456E+02 8.055E+03 1.739E+06
4.31353264E+01  14955.8 3.085E+02 7.324E+13 1.550E+00 6.054E+00 2.000E+05 3.808E+01 5.178E+03 1.854E+06
5.06328770E+01  16065.4 3.422E+02 7.653E+13 1.296E+00 5.060E+00 2.000E+05 7.793E+00 2.501E+03 2.060E+06
6.22815668E+01  17244.0 4.039E+02 8.451E+13 1.139E+00 4.440E+00 2.000E+05 7.742E-01 1.105E+03 2.244E+06
7.95573230E+01  18526.6 5.035E+02 9.821E+13 1.045E+00 4.073E+00 2.000E+05 1.031E-01 3.527E+02 2.379E+06
1.04031641E+02  19895.1 6.511E+02 1.183E+14 9.986E-01 3.862E+00 2.000E+05 1.419E-01 8.889E+02 2.485E+06
PRADK 2.7841E+00
BEGIN                    ITERATION  15 COMPLETED
