TEFF   4250.  GRAVITY 5.00000 LTE
TITLE  [-2.0] N(He)/Ntot=0.0784 VTURB=2.0  L/H=1.25 ODFNEW
OPACITY IFOP 1 1 1 1 1 1 1 1 1 1 1 1 1 0 1 0 0 0 0 0
CONVECTION ON   1.25 TURBULENCE OFF  0.00  0.00  0.00  0.00
ABUNDANCE SCALE   0.01000 ABUNDANCE CHANGE 1 0.92160 2 0.07844
ABUNDANCE CHANGE  3 -10.94  4 -10.64  5  -9.49  6  -3.52  7  -4.12  8  -3.21
ABUNDANCE CHANGE  9  -7.48 10  -3.96 11  -5.71 12  -4.46 13  -5.57 14  -4.49
ABUNDANCE CHANGE 15  -6.59 16  -4.71 17  -6.54 18  -5.64 19  -6.92 20  -5.68
ABUNDANCE CHANGE 21  -8.87 22  -7.02 23  -8.04 24  -6.37 25  -6.65 26  -4.54
ABUNDANCE CHANGE 27  -7.12 28  -5.79 29  -7.83 30  -7.44 31  -9.16 32  -8.63
ABUNDANCE CHANGE 33  -9.67 34  -8.63 35  -9.41 36  -8.73 37  -9.44 38  -9.07
ABUNDANCE CHANGE 39  -9.80 40  -9.44 41 -10.62 42 -10.12 43 -20.00 44 -10.20
ABUNDANCE CHANGE 45 -10.92 46 -10.35 47 -11.10 48 -10.27 49 -10.38 50 -10.04
ABUNDANCE CHANGE 51 -11.04 52  -9.80 53 -10.53 54  -9.87 55 -10.91 56  -9.91
ABUNDANCE CHANGE 57 -10.87 58 -10.46 59 -11.33 60 -10.54 61 -20.00 62 -11.03
ABUNDANCE CHANGE 63 -11.53 64 -10.92 65 -11.69 66 -10.90 67 -11.78 68 -11.11
ABUNDANCE CHANGE 69 -12.04 70 -10.96 71 -11.98 72 -11.16 73 -12.17 74 -10.93
ABUNDANCE CHANGE 75 -11.76 76 -10.59 77 -10.69 78 -10.24 79 -11.03 80 -10.91
ABUNDANCE CHANGE 81 -11.14 82 -10.09 83 -11.33 84 -20.00 85 -20.00 86 -20.00
ABUNDANCE CHANGE 87 -20.00 88 -20.00 89 -20.00 90 -11.95 91 -20.00 92 -12.54
ABUNDANCE CHANGE 93 -20.00 94 -20.00 95 -20.00 96 -20.00 97 -20.00 98 -20.00
ABUNDANCE CHANGE 99 -20.00
READ DECK6 72 RHOX,T,P,XNE,ABROSS,ACCRAD,VTURB, FLXCNV,VCONV,VELSND
3.77876326E-03   2951.4 3.779E+02 2.317E+08 3.529E-05 6.491E-04 2.000E+05 0.000E+00 0.000E+00 4.905E+05
4.92198854E-03   2970.4 4.922E+02 2.950E+08 4.252E-05 6.601E-04 2.000E+05 0.000E+00 0.000E+00 4.893E+05
6.19612348E-03   2984.8 6.196E+02 3.613E+08 5.058E-05 6.702E-04 2.000E+05 0.000E+00 0.000E+00 4.878E+05
7.63900197E-03   3000.4 7.639E+02 4.378E+08 5.905E-05 6.789E-04 2.000E+05 0.000E+00 0.000E+00 4.871E+05
9.29515303E-03   3016.2 9.295E+02 5.260E+08 6.823E-05 6.870E-04 2.000E+05 0.000E+00 0.000E+00 4.866E+05
1.12142024E-02   3032.7 1.121E+03 6.295E+08 7.826E-05 6.923E-04 2.000E+05 0.000E+00 0.000E+00 4.865E+05
1.34507143E-02   3049.6 1.345E+03 7.509E+08 8.937E-05 6.972E-04 2.000E+05 0.000E+00 0.000E+00 4.866E+05
1.60660640E-02   3066.8 1.607E+03 8.938E+08 1.018E-04 7.029E-04 2.000E+05 0.000E+00 0.000E+00 4.868E+05
1.91311028E-02   3084.5 1.913E+03 1.062E+09 1.157E-04 7.094E-04 2.000E+05 0.000E+00 0.000E+00 4.871E+05
2.27275078E-02   3102.3 2.273E+03 1.261E+09 1.315E-04 7.170E-04 2.000E+05 0.000E+00 0.000E+00 4.875E+05
2.69500049E-02   3120.3 2.695E+03 1.494E+09 1.493E-04 7.261E-04 2.000E+05 0.000E+00 0.000E+00 4.879E+05
3.19098324E-02   3138.5 3.191E+03 1.769E+09 1.694E-04 7.372E-04 2.000E+05 0.000E+00 0.000E+00 4.884E+05
3.77530450E-02   3156.9 3.775E+03 2.094E+09 1.915E-04 7.501E-04 2.000E+05 0.000E+00 0.000E+00 4.888E+05
4.46365250E-02   3175.2 4.464E+03 2.475E+09 2.171E-04 7.652E-04 2.000E+05 0.000E+00 0.000E+00 4.892E+05
5.27275440E-02   3193.3 5.273E+03 2.921E+09 2.464E-04 7.839E-04 2.000E+05 0.000E+00 0.000E+00 4.896E+05
6.22279122E-02   3211.2 6.223E+03 3.441E+09 2.800E-04 8.072E-04 2.000E+05 0.000E+00 0.000E+00 4.899E+05
7.33719475E-02   3228.9 7.337E+03 4.046E+09 3.184E-04 8.353E-04 2.000E+05 0.000E+00 0.000E+00 4.901E+05
8.64343814E-02   3246.4 8.643E+03 4.751E+09 3.623E-04 8.686E-04 2.000E+05 0.000E+00 0.000E+00 4.903E+05
1.01744181E-01   3263.7 1.017E+04 5.570E+09 4.120E-04 9.075E-04 2.000E+05 0.000E+00 0.000E+00 4.903E+05
1.19778120E-01   3281.0 1.198E+04 6.529E+09 4.650E-04 9.516E-04 2.000E+05 0.000E+00 0.000E+00 4.904E+05
1.41034406E-01   3298.1 1.410E+04 7.648E+09 5.272E-04 1.002E-03 2.000E+05 0.000E+00 0.000E+00 4.903E+05
1.65995300E-01   3314.9 1.660E+04 8.943E+09 5.995E-04 1.060E-03 2.000E+05 0.000E+00 0.000E+00 4.902E+05
1.95287035E-01   3331.3 1.953E+04 1.044E+10 6.807E-04 1.125E-03 2.000E+05 0.000E+00 0.000E+00 4.899E+05
2.29667179E-01   3347.1 2.297E+04 1.217E+10 7.738E-04 1.198E-03 2.000E+05 0.000E+00 0.000E+00 4.895E+05
2.69990558E-01   3362.8 2.700E+04 1.417E+10 8.800E-04 1.280E-03 2.000E+05 0.000E+00 0.000E+00 4.890E+05
3.17249262E-01   3376.8 3.172E+04 1.642E+10 1.001E-03 1.374E-03 2.000E+05 0.000E+00 0.000E+00 4.881E+05
3.73104000E-01   3392.6 3.731E+04 1.913E+10 1.122E-03 1.473E-03 2.000E+05 0.000E+00 0.000E+00 4.874E+05
4.39423923E-01   3406.0 4.394E+04 2.216E+10 1.263E-03 1.585E-03 2.000E+05 0.000E+00 0.000E+00 4.862E+05
5.17878271E-01   3420.5 5.179E+04 2.576E+10 1.425E-03 1.713E-03 2.000E+05 0.000E+00 0.000E+00 4.852E+05
6.10472343E-01   3432.4 6.105E+04 2.976E+10 1.612E-03 1.856E-03 2.000E+05 0.000E+00 0.000E+00 4.835E+05
7.19556127E-01   3445.0 7.196E+04 3.444E+10 1.826E-03 2.019E-03 2.000E+05 0.000E+00 0.000E+00 4.819E+05
8.47901794E-01   3456.6 8.479E+04 3.975E+10 2.070E-03 2.205E-03 2.000E+05 0.000E+00 0.000E+00 4.801E+05
9.99143764E-01   3469.6 9.992E+04 4.602E+10 2.332E-03 2.406E-03 2.000E+05 0.000E+00 0.000E+00 4.785E+05
1.18388247E+00   3484.4 1.184E+05 5.373E+10 2.479E-03 2.530E-03 2.000E+05 0.000E+00 0.000E+00 4.770E+05
1.41485764E+00   3500.7 1.415E+05 6.328E+10 2.658E-03 2.689E-03 2.000E+05 0.000E+00 0.000E+00 4.755E+05
1.70037201E+00   3517.7 1.701E+05 7.494E+10 2.881E-03 2.889E-03 2.000E+05 0.000E+00 0.000E+00 4.740E+05
2.05000575E+00   3536.0 2.050E+05 8.918E+10 3.150E-03 3.130E-03 2.000E+05 0.000E+00 0.000E+00 4.726E+05
2.47443695E+00   3556.2 2.475E+05 1.066E+11 3.475E-03 3.418E-03 2.000E+05 0.000E+00 0.000E+00 4.715E+05
2.98528440E+00   3578.1 2.986E+05 1.278E+11 3.866E-03 3.757E-03 2.000E+05 0.000E+00 0.000E+00 4.707E+05
3.59828534E+00   3601.6 3.599E+05 1.535E+11 4.291E-03 4.136E-03 2.000E+05 0.000E+00 0.000E+00 4.702E+05
4.33249666E+00   3625.9 4.333E+05 1.844E+11 4.794E-03 4.592E-03 2.000E+05 0.000E+00 0.000E+00 4.698E+05
5.15432125E+00   3684.8 5.155E+05 2.352E+11 6.084E-03 5.709E-03 2.000E+05 1.014E-03 5.934E+03 4.761E+05
6.01960780E+00   3740.1 6.020E+05 2.933E+11 7.658E-03 6.994E-03 2.000E+05 2.614E-03 7.832E+03 4.820E+05
6.94059994E+00   3792.1 6.941E+05 3.591E+11 9.518E-03 8.453E-03 2.000E+05 4.981E-03 9.374E+03 4.876E+05
7.95809989E+00   3844.5 7.958E+05 4.372E+11 1.121E-02 9.721E-03 2.000E+05 1.229E-02 1.226E+04 4.933E+05
9.11268915E+00   3898.0 9.113E+05 5.313E+11 1.315E-02 1.108E-02 2.000E+05 1.810E-02 1.350E+04 4.991E+05
1.04219196E+01   3953.1 1.042E+06 6.452E+11 1.552E-02 1.261E-02 2.000E+05 3.285E-02 1.597E+04 5.050E+05
1.19002406E+01   4009.8 1.190E+06 7.823E+11 1.835E-02 1.426E-02 2.000E+05 4.615E-02 1.732E+04 5.112E+05
1.35647294E+01   4067.8 1.356E+06 9.468E+11 2.178E-02 1.600E-02 2.000E+05 7.581E-02 1.988E+04 5.174E+05
1.54299259E+01   4127.7 1.543E+06 1.144E+12 2.597E-02 1.779E-02 2.000E+05 9.994E-02 2.113E+04 5.240E+05
1.75153027E+01   4188.5 1.752E+06 1.380E+12 3.098E-02 1.950E-02 2.000E+05 1.481E-01 2.349E+04 5.306E+05
1.98424593E+01   4252.0 1.984E+06 1.664E+12 3.707E-02 2.106E-02 2.000E+05 1.980E-01 2.519E+04 5.375E+05
2.24366589E+01   4316.3 2.244E+06 2.005E+12 4.434E-02 2.230E-02 2.000E+05 2.490E-01 2.638E+04 5.445E+05
2.53230049E+01   4383.5 2.532E+06 2.422E+12 5.327E-02 2.318E-02 2.000E+05 3.468E-01 2.913E+04 5.519E+05
2.85203746E+01   4452.3 2.852E+06 2.934E+12 6.424E-02 2.359E-02 2.000E+05 3.816E-01 2.870E+04 5.594E+05
3.20517795E+01   4522.2 3.205E+06 3.567E+12 7.767E-02 2.352E-02 2.000E+05 5.177E-01 3.212E+04 5.669E+05
3.59318926E+01   4595.9 3.593E+06 4.382E+12 9.453E-02 2.294E-02 2.000E+05 5.472E-01 3.085E+04 5.750E+05
4.01928880E+01   4667.9 4.019E+06 5.398E+12 1.146E-01 2.194E-02 2.000E+05 6.688E-01 3.351E+04 5.828E+05
4.48365984E+01   4746.4 4.484E+06 6.778E+12 1.414E-01 2.091E-02 2.000E+05 7.180E-01 3.292E+04 5.914E+05
4.98662371E+01   4820.6 4.987E+06 8.491E+12 1.739E-01 1.978E-02 2.000E+05 7.835E-01 3.338E+04 5.993E+05
5.52660342E+01   4901.5 5.527E+06 1.086E+13 2.179E-01 1.898E-02 2.000E+05 8.460E-01 3.446E+04 6.082E+05
6.10380669E+01   4978.1 6.104E+06 1.382E+13 2.708E-01 1.801E-02 2.000E+05 8.682E-01 3.266E+04 6.164E+05
6.71932785E+01   5059.9 6.719E+06 1.784E+13 3.406E-01 1.760E-02 2.000E+05 9.177E-01 3.487E+04 6.253E+05
7.37380006E+01   5139.9 7.374E+06 2.297E+13 4.260E-01 1.698E-02 2.000E+05 9.258E-01 3.239E+04 6.339E+05
8.07030707E+01   5222.7 8.070E+06 2.978E+13 5.348E-01 1.692E-02 2.000E+05 9.509E-01 3.403E+04 6.428E+05
8.81037691E+01   5306.7 8.810E+06 3.867E+13 6.708E-01 1.689E-02 2.000E+05 9.580E-01 3.279E+04 6.518E+05
9.59758890E+01   5392.5 9.598E+06 5.029E+13 8.407E-01 1.699E-02 2.000E+05 9.666E-01 3.263E+04 6.610E+05
1.04350946E+02   5480.8 1.044E+07 6.557E+13 1.054E+00 1.726E-02 2.000E+05 9.747E-01 3.314E+04 6.705E+05
1.13262474E+02   5571.7 1.133E+07 8.568E+13 1.320E+00 1.749E-02 2.000E+05 9.770E-01 3.160E+04 6.802E+05
1.22759524E+02   5664.8 1.228E+07 1.119E+14 1.651E+00 1.789E-02 2.000E+05 9.835E-01 3.286E+04 6.901E+05
1.32870353E+02   5762.9 1.329E+07 1.471E+14 2.070E+00 1.829E-02 2.000E+05 9.851E-01 3.151E+04 7.006E+05
1.43614375E+02   5862.0 1.436E+07 1.926E+14 2.585E+00 2.026E-02 2.000E+05 9.873E-01 3.178E+04 7.111E+05
PRADK 4.2453E-01
BEGIN                    ITERATION  15 COMPLETED
