TEFF   7000.  GRAVITY 2.00000 LTE
TITLE  [-2.0] N(He)/Ntot=0.0784 VTURB=2.0  L/H=1.25 ODFNEW
OPACITY IFOP 1 1 1 1 1 1 1 1 1 1 1 1 1 0 1 0 0 0 0 0
CONVECTION ON   1.25 TURBULENCE OFF  0.00  0.00  0.00  0.00
ABUNDANCE SCALE   0.01000 ABUNDANCE CHANGE 1 0.92160 2 0.07844
ABUNDANCE CHANGE  3 -10.94  4 -10.64  5  -9.49  6  -3.52  7  -4.12  8  -3.21
ABUNDANCE CHANGE  9  -7.48 10  -3.96 11  -5.71 12  -4.46 13  -5.57 14  -4.49
ABUNDANCE CHANGE 15  -6.59 16  -4.71 17  -6.54 18  -5.64 19  -6.92 20  -5.68
ABUNDANCE CHANGE 21  -8.87 22  -7.02 23  -8.04 24  -6.37 25  -6.65 26  -4.54
ABUNDANCE CHANGE 27  -7.12 28  -5.79 29  -7.83 30  -7.44 31  -9.16 32  -8.63
ABUNDANCE CHANGE 33  -9.67 34  -8.63 35  -9.41 36  -8.73 37  -9.44 38  -9.07
ABUNDANCE CHANGE 39  -9.80 40  -9.44 41 -10.62 42 -10.12 43 -20.00 44 -10.20
ABUNDANCE CHANGE 45 -10.92 46 -10.35 47 -11.10 48 -10.27 49 -10.38 50 -10.04
ABUNDANCE CHANGE 51 -11.04 52  -9.80 53 -10.53 54  -9.87 55 -10.91 56  -9.91
ABUNDANCE CHANGE 57 -10.87 58 -10.46 59 -11.33 60 -10.54 61 -20.00 62 -11.03
ABUNDANCE CHANGE 63 -11.53 64 -10.92 65 -11.69 66 -10.90 67 -11.78 68 -11.11
ABUNDANCE CHANGE 69 -12.04 70 -10.96 71 -11.98 72 -11.16 73 -12.17 74 -10.93
ABUNDANCE CHANGE 75 -11.76 76 -10.59 77 -10.69 78 -10.24 79 -11.03 80 -10.91
ABUNDANCE CHANGE 81 -11.14 82 -10.09 83 -11.33 84 -20.00 85 -20.00 86 -20.00
ABUNDANCE CHANGE 87 -20.00 88 -20.00 89 -20.00 90 -11.95 91 -20.00 92 -12.54
ABUNDANCE CHANGE 93 -20.00 94 -20.00 95 -20.00 96 -20.00 97 -20.00 98 -20.00
ABUNDANCE CHANGE 99 -20.00
READ DECK6 72 RHOX,T,P,XNE,ABROSS,ACCRAD,VTURB, FLXCNV,VCONV,VELSND
4.42779485E-05   4526.2 4.426E-03 5.834E+07 3.012E-03 3.577E-02 2.000E+05 0.000E+00 0.000E+00 1.215E+07
5.97679757E-05   4536.4 5.974E-03 7.059E+07 2.731E-03 3.464E-02 2.000E+05 0.000E+00 0.000E+00 1.086E+07
8.28733215E-05   4541.8 8.283E-03 8.499E+07 2.403E-03 3.328E-02 2.000E+05 0.000E+00 0.000E+00 9.656E+06
1.17612268E-04   4554.0 1.176E-02 1.062E+08 2.150E-03 3.224E-02 2.000E+05 0.000E+00 5.813E+06 8.454E+06
1.69680624E-04   4567.3 1.696E-02 1.344E+08 1.920E-03 3.123E-02 2.000E+05 0.000E+00 4.187E+06 7.347E+06
2.47019202E-04   4584.6 2.469E-02 1.734E+08 1.735E-03 3.024E-02 2.000E+05 0.000E+00 3.135E+06 6.337E+06
3.60387494E-04   4605.7 3.602E-02 2.269E+08 1.588E-03 2.930E-02 2.000E+05 0.000E+00 2.302E+06 5.440E+06
5.23942329E-04   4631.0 5.237E-02 3.010E+08 1.481E-03 2.842E-02 2.000E+05 0.000E+00 1.669E+06 4.659E+06
7.55769120E-04   4660.1 7.555E-02 4.028E+08 1.405E-03 2.755E-02 2.000E+05 0.000E+00 1.182E+06 3.992E+06
1.07893961E-03   4692.3 1.079E-01 5.417E+08 1.354E-03 2.669E-02 2.000E+05 0.000E+00 8.119E+05 3.428E+06
1.52295866E-03   4726.8 1.522E-01 7.291E+08 1.322E-03 2.583E-02 2.000E+05 0.000E+00 5.272E+05 2.956E+06
2.12619834E-03   4762.8 2.125E-01 9.790E+08 1.303E-03 2.499E-02 2.000E+05 0.000E+00 1.386E+05 2.564E+06
2.93863827E-03   4799.5 2.938E-01 1.309E+09 1.295E-03 2.426E-02 2.000E+05 0.000E+00 3.348E+04 2.237E+06
4.02534435E-03   4836.4 4.024E-01 1.741E+09 1.295E-03 2.372E-02 2.000E+05 0.000E+00 0.000E+00 1.965E+06
5.47085424E-03   4873.4 5.469E-01 2.302E+09 1.301E-03 2.325E-02 2.000E+05 0.000E+00 0.000E+00 1.739E+06
7.38384371E-03   4910.4 7.382E-01 3.026E+09 1.314E-03 2.284E-02 2.000E+05 0.000E+00 0.000E+00 1.551E+06
9.90142693E-03   4947.3 9.898E-01 3.958E+09 1.336E-03 2.249E-02 2.000E+05 0.000E+00 0.000E+00 1.395E+06
1.31950913E-02   4984.0 1.319E+00 5.149E+09 1.365E-03 2.221E-02 2.000E+05 0.000E+00 0.000E+00 1.266E+06
1.74807990E-02   5020.0 1.748E+00 6.650E+09 1.402E-03 2.198E-02 2.000E+05 0.000E+00 0.000E+00 1.160E+06
2.30323726E-02   5054.7 2.303E+00 8.518E+09 1.447E-03 2.185E-02 2.000E+05 0.000E+00 0.000E+00 1.073E+06
3.01916974E-02   5088.1 3.018E+00 1.082E+10 1.499E-03 2.184E-02 2.000E+05 0.000E+00 0.000E+00 1.003E+06
3.93792720E-02   5120.1 3.937E+00 1.364E+10 1.562E-03 2.196E-02 2.000E+05 0.000E+00 0.000E+00 9.469E+05
5.10814251E-02   5151.9 5.107E+00 1.712E+10 1.643E-03 2.225E-02 2.000E+05 0.000E+00 0.000E+00 9.015E+05
6.58365240E-02   5184.2 6.582E+00 2.141E+10 1.748E-03 2.271E-02 2.000E+05 0.000E+00 0.000E+00 8.654E+05
8.42193172E-02   5217.5 8.420E+00 2.673E+10 1.882E-03 2.332E-02 2.000E+05 0.000E+00 0.000E+00 8.368E+05
1.06828141E-01   5252.1 1.068E+01 3.332E+10 2.053E-03 2.411E-02 2.000E+05 0.000E+00 0.000E+00 8.144E+05
1.34301175E-01   5288.0 1.343E+01 4.144E+10 2.265E-03 2.508E-02 2.000E+05 0.000E+00 0.000E+00 7.969E+05
1.67326794E-01   5325.0 1.673E+01 5.140E+10 2.525E-03 2.622E-02 2.000E+05 0.000E+00 0.000E+00 7.835E+05
2.06699487E-01   5362.4 2.066E+01 6.346E+10 2.833E-03 2.750E-02 2.000E+05 0.000E+00 0.000E+00 7.732E+05
2.53383750E-01   5399.5 2.533E+01 7.787E+10 3.191E-03 2.895E-02 2.000E+05 0.000E+00 0.000E+00 7.654E+05
3.08605546E-01   5435.3 3.085E+01 9.478E+10 3.598E-03 3.054E-02 2.000E+05 0.000E+00 0.000E+00 7.596E+05
3.73969280E-01   5468.9 3.739E+01 1.142E+11 4.049E-03 3.228E-02 2.000E+05 0.000E+00 0.000E+00 7.554E+05
4.51537812E-01   5500.0 4.514E+01 1.364E+11 4.543E-03 3.418E-02 2.000E+05 0.000E+00 0.000E+00 7.525E+05
5.43916283E-01   5528.3 5.437E+01 1.613E+11 5.078E-03 3.627E-02 2.000E+05 0.000E+00 0.000E+00 7.507E+05
6.54267988E-01   5554.3 6.540E+01 1.894E+11 5.663E-03 3.859E-02 2.000E+05 0.000E+00 0.000E+00 7.496E+05
7.86360993E-01   5578.5 7.861E+01 2.211E+11 6.305E-03 4.118E-02 2.000E+05 0.000E+00 0.000E+00 7.493E+05
9.44549573E-01   5601.7 9.442E+01 2.572E+11 7.023E-03 4.413E-02 2.000E+05 0.000E+00 0.000E+00 7.494E+05
1.13388820E+00   5624.2 1.133E+02 2.985E+11 7.828E-03 4.749E-02 2.000E+05 0.000E+00 0.000E+00 7.500E+05
1.36010319E+00   5647.0 1.360E+02 3.463E+11 8.749E-03 5.140E-02 2.000E+05 0.000E+00 0.000E+00 7.509E+05
1.62962258E+00   5670.4 1.629E+02 4.020E+11 9.808E-03 5.594E-02 2.000E+05 0.000E+00 0.000E+00 7.520E+05
1.94946128E+00   5695.3 1.949E+02 4.678E+11 1.105E-02 6.132E-02 2.000E+05 0.000E+00 0.000E+00 7.534E+05
2.32689960E+00   5722.7 2.326E+02 5.469E+11 1.252E-02 6.778E-02 2.000E+05 0.000E+00 0.000E+00 7.550E+05
2.76935919E+00   5753.5 2.768E+02 6.431E+11 1.430E-02 7.564E-02 2.000E+05 0.000E+00 0.000E+00 7.566E+05
3.28346542E+00   5789.2 3.281E+02 7.632E+11 1.650E-02 8.546E-02 2.000E+05 0.000E+00 0.000E+00 7.583E+05
3.87422088E+00   5831.0 3.872E+02 9.157E+11 1.926E-02 9.791E-02 2.000E+05 0.000E+00 0.000E+00 7.601E+05
4.54404084E+00   5880.9 4.541E+02 1.115E+12 2.282E-02 1.141E-01 2.000E+05 0.000E+00 0.000E+00 7.618E+05
5.29133658E+00   5940.6 5.287E+02 1.380E+12 2.752E-02 1.355E-01 2.000E+05 0.000E+00 0.000E+00 7.634E+05
6.10928202E+00   6012.6 6.104E+02 1.743E+12 3.389E-02 1.647E-01 2.000E+05 0.000E+00 0.000E+00 7.649E+05
6.98435764E+00   6099.5 6.977E+02 2.254E+12 4.278E-02 2.058E-01 2.000E+05 0.000E+00 0.000E+00 7.661E+05
7.89551210E+00   6204.6 7.886E+02 2.994E+12 5.563E-02 2.658E-01 2.000E+05 0.000E+00 0.000E+00 7.670E+05
8.81363708E+00   6332.2 8.801E+02 4.104E+12 7.498E-02 3.571E-01 2.000E+05 4.239E-05 0.000E+00 7.675E+05
9.70362176E+00   6486.4 9.688E+02 5.818E+12 1.054E-01 5.027E-01 2.000E+05 4.556E-03 4.168E+01 7.677E+05
1.05268897E+01   6673.6 1.051E+03 8.565E+12 1.560E-01 7.489E-01 2.000E+05 2.187E-01 1.868E+02 7.680E+05
1.12459878E+01   6900.5 1.122E+03 1.311E+13 2.458E-01 1.193E+00 2.000E+05 1.391E+01 6.362E+02 7.695E+05
1.18324114E+01   7173.8 1.180E+03 2.085E+13 4.168E-01 2.053E+00 2.000E+05 1.394E+03 2.398E+03 7.740E+05
1.22751446E+01   7498.8 1.223E+03 3.415E+13 7.644E-01 3.810E+00 2.000E+05 2.070E+05 1.052E+04 7.842E+05
1.25845708E+01   7878.4 1.252E+03 5.677E+13 1.508E+00 7.583E+00 2.000E+05 1.202E+07 5.299E+04 8.030E+05
1.27838602E+01   8334.6 1.270E+03 9.586E+13 3.229E+00 1.625E+01 2.000E+05 1.212E+08 1.973E+05 8.364E+05
1.29060054E+01   8852.8 1.279E+03 1.560E+14 6.901E+00 3.127E+01 2.000E+05 9.677E+08 4.019E+05 8.899E+05
1.29916950E+01   9282.8 1.284E+03 2.143E+14 1.155E+01 3.927E+01 2.000E+05 2.883E+09 8.187E+05 9.479E+05
1.30691398E+01   9610.7 1.289E+03 2.590E+14 1.565E+01 3.800E+01 2.000E+05 4.813E+09 1.003E+06 9.998E+05
1.31495872E+01   9902.6 1.294E+03 2.952E+14 1.918E+01 3.738E+01 2.000E+05 5.925E+09 1.108E+06 1.050E+06
1.32401042E+01  10221.7 1.300E+03 3.279E+14 2.204E+01 4.025E+01 2.000E+05 6.349E+09 1.184E+06 1.106E+06
1.33488401E+01  10615.0 1.305E+03 3.554E+14 2.355E+01 5.624E+01 2.000E+05 4.994E+09 1.261E+06 1.174E+06
1.34983008E+01  11405.4 1.310E+03 3.730E+14 2.075E+01 7.750E+01 2.000E+05 1.967E+09 7.204E+05 1.298E+06
1.37618782E+01  12543.7 1.319E+03 3.586E+14 1.298E+01 5.829E+01 2.000E+05 1.852E+08 1.104E+05 1.478E+06
1.43514824E+01  13711.7 1.351E+03 3.405E+14 7.848E+00 3.570E+01 2.000E+05 3.332E+05 1.938E+04 1.611E+06
1.56037103E+01  14946.3 1.440E+03 3.366E+14 5.197E+00 2.361E+01 2.000E+05 1.703E+03 8.755E+03 1.641E+06
1.79409687E+01  16187.7 1.626E+03 3.564E+14 4.001E+00 1.803E+01 2.000E+05 1.955E+02 4.454E+03 1.722E+06
2.18348618E+01  17528.4 1.952E+03 3.997E+14 3.318E+00 1.497E+01 2.000E+05 2.258E+01 1.342E+03 1.882E+06
2.78806164E+01  18915.0 2.472E+03 4.712E+14 2.938E+00 1.319E+01 2.000E+05 5.246E-01 5.356E+01 2.041E+06
3.67078929E+01  20397.4 3.243E+03 5.741E+14 2.729E+00 1.227E+01 2.000E+05 5.246E-01 0.000E+00 2.163E+06
PRADK 3.2173E+00
BEGIN                    ITERATION  15 COMPLETED
