TEFF   4000.  GRAVITY 0.00000 LTE
TITLE  [-2.0] N(He)/Ntot=0.0784 VTURB=2.0  L/H=1.25 ODFNEW
OPACITY IFOP 1 1 1 1 1 1 1 1 1 1 1 1 1 0 1 0 0 0 0 0
CONVECTION ON   1.25 TURBULENCE OFF  0.00  0.00  0.00  0.00
ABUNDANCE SCALE   0.01000 ABUNDANCE CHANGE 1 0.92160 2 0.07844
ABUNDANCE CHANGE  3 -10.94  4 -10.64  5  -9.49  6  -3.52  7  -4.12  8  -3.21
ABUNDANCE CHANGE  9  -7.48 10  -3.96 11  -5.71 12  -4.46 13  -5.57 14  -4.49
ABUNDANCE CHANGE 15  -6.59 16  -4.71 17  -6.54 18  -5.64 19  -6.92 20  -5.68
ABUNDANCE CHANGE 21  -8.87 22  -7.02 23  -8.04 24  -6.37 25  -6.65 26  -4.54
ABUNDANCE CHANGE 27  -7.12 28  -5.79 29  -7.83 30  -7.44 31  -9.16 32  -8.63
ABUNDANCE CHANGE 33  -9.67 34  -8.63 35  -9.41 36  -8.73 37  -9.44 38  -9.07
ABUNDANCE CHANGE 39  -9.80 40  -9.44 41 -10.62 42 -10.12 43 -20.00 44 -10.20
ABUNDANCE CHANGE 45 -10.92 46 -10.35 47 -11.10 48 -10.27 49 -10.38 50 -10.04
ABUNDANCE CHANGE 51 -11.04 52  -9.80 53 -10.53 54  -9.87 55 -10.91 56  -9.91
ABUNDANCE CHANGE 57 -10.87 58 -10.46 59 -11.33 60 -10.54 61 -20.00 62 -11.03
ABUNDANCE CHANGE 63 -11.53 64 -10.92 65 -11.69 66 -10.90 67 -11.78 68 -11.11
ABUNDANCE CHANGE 69 -12.04 70 -10.96 71 -11.98 72 -11.16 73 -12.17 74 -10.93
ABUNDANCE CHANGE 75 -11.76 76 -10.59 77 -10.69 78 -10.24 79 -11.03 80 -10.91
ABUNDANCE CHANGE 81 -11.14 82 -10.09 83 -11.33 84 -20.00 85 -20.00 86 -20.00
ABUNDANCE CHANGE 87 -20.00 88 -20.00 89 -20.00 90 -11.95 91 -20.00 92 -12.54
ABUNDANCE CHANGE 93 -20.00 94 -20.00 95 -20.00 96 -20.00 97 -20.00 98 -20.00
ABUNDANCE CHANGE 99 -20.00
READ DECK6 72 RHOX,T,P,XNE,ABROSS,ACCRAD,VTURB, FLXCNV,VCONV,VELSND
2.40881940E-02   1995.0 2.409E-02 6.052E+03 5.536E-06 9.211E-05 2.000E+05 0.000E+00 0.000E+00 1.205E+06
3.12073123E-02   1995.0 3.120E-02 7.703E+03 6.959E-06 9.773E-05 2.000E+05 0.000E+00 0.000E+00 1.007E+06
3.88646407E-02   1995.0 3.886E-02 9.449E+03 8.532E-06 1.039E-04 2.000E+05 0.000E+00 0.000E+00 8.719E+05
4.73950933E-02   1997.9 4.739E-02 1.140E+04 1.001E-05 1.091E-04 2.000E+05 0.000E+00 0.000E+00 7.801E+05
5.76471851E-02   2009.1 5.764E-02 1.382E+04 1.056E-05 1.080E-04 2.000E+05 0.000E+00 0.000E+00 7.240E+05
7.05681912E-02   2020.3 7.056E-02 1.687E+04 1.120E-05 1.074E-04 2.000E+05 0.000E+00 0.000E+00 6.725E+05
8.68321989E-02   2032.5 8.682E-02 2.070E+04 1.183E-05 1.065E-04 2.000E+05 0.000E+00 0.000E+00 6.280E+05
1.07441196E-01   2045.5 1.074E-01 2.556E+04 1.241E-05 1.053E-04 2.000E+05 0.000E+00 0.000E+00 5.895E+05
1.33690584E-01   2059.1 1.337E-01 3.174E+04 1.297E-05 1.038E-04 2.000E+05 0.000E+00 0.000E+00 5.562E+05
1.67353567E-01   2074.6 1.673E-01 3.971E+04 1.343E-05 1.015E-04 2.000E+05 0.000E+00 0.000E+00 5.291E+05
2.10900620E-01   2092.0 2.109E-01 5.009E+04 1.381E-05 9.849E-05 2.000E+05 0.000E+00 0.000E+00 5.071E+05
2.67177954E-01   2109.3 2.672E-01 6.350E+04 1.429E-05 9.543E-05 2.000E+05 0.000E+00 0.000E+00 4.880E+05
3.39930428E-01   2127.6 3.399E-01 8.091E+04 1.467E-05 9.206E-05 2.000E+05 0.000E+00 0.000E+00 4.725E+05
4.34883281E-01   2147.0 4.349E-01 1.038E+05 1.492E-05 8.855E-05 2.000E+05 0.000E+00 0.000E+00 4.602E+05
5.60112678E-01   2169.0 5.601E-01 1.344E+05 1.501E-05 8.421E-05 2.000E+05 0.000E+00 0.000E+00 4.513E+05
7.27075289E-01   2193.8 7.270E-01 1.761E+05 1.495E-05 7.930E-05 2.000E+05 0.000E+00 0.000E+00 4.451E+05
9.50634961E-01   2220.0 9.506E-01 2.332E+05 1.488E-05 7.475E-05 2.000E+05 0.000E+00 0.000E+00 4.408E+05
1.25084284E+00   2247.1 1.251E+00 3.115E+05 1.474E-05 7.078E-05 2.000E+05 0.000E+00 0.000E+00 4.378E+05
1.65677474E+00   2277.0 1.657E+00 4.217E+05 1.448E-05 6.663E-05 2.000E+05 0.000E+00 0.000E+00 4.367E+05
2.21040514E+00   2310.3 2.210E+00 5.810E+05 1.409E-05 6.265E-05 2.000E+05 0.000E+00 0.000E+00 4.373E+05
2.96927101E+00   2345.5 2.969E+00 8.128E+05 1.371E-05 5.909E-05 2.000E+05 0.000E+00 0.000E+00 4.390E+05
4.01433724E+00   2383.2 4.015E+00 1.157E+06 1.321E-05 5.595E-05 2.000E+05 0.000E+00 0.000E+00 4.417E+05
5.47076357E+00   2426.5 5.471E+00 1.698E+06 1.255E-05 5.312E-05 2.000E+05 0.000E+00 0.000E+00 4.464E+05
7.52066166E+00   2474.1 7.522E+00 2.564E+06 1.187E-05 5.053E-05 2.000E+05 0.000E+00 0.000E+00 4.523E+05
1.04291871E+01   2528.1 1.043E+01 4.013E+06 1.108E-05 4.813E-05 2.000E+05 0.000E+00 0.000E+00 4.601E+05
1.46090122E+01   2590.6 1.461E+01 6.571E+06 1.023E-05 4.669E-05 2.000E+05 0.000E+00 0.000E+00 4.703E+05
2.06418197E+01   2664.7 2.065E+01 1.131E+07 9.490E-06 4.550E-05 2.000E+05 0.000E+00 0.000E+00 4.838E+05
2.92153913E+01   2748.6 2.923E+01 1.999E+07 9.062E-06 4.495E-05 2.000E+05 0.000E+00 0.000E+00 5.000E+05
4.06514964E+01   2835.6 4.067E+01 3.438E+07 9.470E-06 4.519E-05 2.000E+05 0.000E+00 0.000E+00 5.168E+05
5.47813182E+01   2916.2 5.480E+01 5.486E+07 1.049E-05 4.563E-05 2.000E+05 0.000E+00 0.000E+00 5.315E+05
7.15016169E+01   2986.7 7.151E+01 8.100E+07 1.196E-05 4.628E-05 2.000E+05 0.000E+00 0.000E+00 5.433E+05
9.09943853E+01   3047.7 9.100E+01 1.126E+08 1.372E-05 4.703E-05 2.000E+05 0.000E+00 0.000E+00 5.526E+05
1.13563017E+02   3100.1 1.136E+02 1.494E+08 1.584E-05 4.789E-05 2.000E+05 0.000E+00 0.000E+00 5.598E+05
1.39724786E+02   3144.6 1.397E+02 1.917E+08 1.814E-05 4.901E-05 2.000E+05 0.000E+00 0.000E+00 5.653E+05
1.70235861E+02   3184.7 1.702E+02 2.410E+08 2.072E-05 5.024E-05 2.000E+05 0.000E+00 0.000E+00 5.698E+05
2.05906377E+02   3220.2 2.059E+02 2.978E+08 2.360E-05 5.170E-05 2.000E+05 0.000E+00 0.000E+00 5.734E+05
2.47757366E+02   3251.8 2.478E+02 3.634E+08 2.678E-05 5.360E-05 2.000E+05 0.000E+00 0.000E+00 5.761E+05
2.96985720E+02   3281.4 2.970E+02 4.402E+08 3.035E-05 5.596E-05 2.000E+05 0.000E+00 0.000E+00 5.785E+05
3.54828143E+02   3310.0 3.548E+02 5.304E+08 3.450E-05 5.878E-05 2.000E+05 0.000E+00 0.000E+00 5.807E+05
4.22532229E+02   3339.6 4.225E+02 6.377E+08 3.938E-05 6.183E-05 2.000E+05 0.000E+00 0.000E+00 5.831E+05
5.01595424E+02   3368.8 5.016E+02 7.636E+08 4.498E-05 6.550E-05 2.000E+05 0.000E+00 0.000E+00 5.855E+05
5.93775079E+02   3399.9 5.937E+02 9.135E+08 5.152E-05 6.990E-05 2.000E+05 0.000E+00 0.000E+00 5.882E+05
7.00940393E+02   3433.3 7.009E+02 1.093E+09 5.918E-05 7.514E-05 2.000E+05 0.000E+00 0.000E+00 5.914E+05
8.25180923E+02   3471.7 8.251E+02 1.310E+09 6.814E-05 8.103E-05 2.000E+05 0.000E+00 0.000E+00 5.955E+05
9.70459378E+02   3511.6 9.704E+02 1.569E+09 7.706E-05 8.561E-05 2.000E+05 0.000E+00 0.000E+00 5.998E+05
1.14078453E+03   3555.4 1.141E+03 1.885E+09 8.822E-05 9.184E-05 2.000E+05 0.000E+00 0.000E+00 6.047E+05
1.33807393E+03   3605.4 1.338E+03 2.271E+09 1.022E-04 9.956E-05 2.000E+05 0.000E+00 0.000E+00 6.106E+05
1.56252711E+03   3665.3 1.562E+03 2.753E+09 1.213E-04 1.100E-04 2.000E+05 0.000E+00 0.000E+00 6.181E+05
1.81188725E+03   3733.7 1.812E+03 3.357E+09 1.471E-04 1.242E-04 2.000E+05 0.000E+00 0.000E+00 6.267E+05
2.08327778E+03   3813.4 2.083E+03 4.172E+09 1.819E-04 1.432E-04 2.000E+05 0.000E+00 0.000E+00 6.365E+05
2.37474917E+03   3900.9 2.375E+03 5.374E+09 2.271E-04 1.655E-04 2.000E+05 0.000E+00 0.000E+00 6.469E+05
2.67801233E+03   3998.0 2.678E+03 7.362E+09 3.005E-04 2.022E-04 2.000E+05 0.000E+00 0.000E+00 6.577E+05
2.97353428E+03   4105.4 2.973E+03 1.087E+10 4.255E-04 2.642E-04 2.000E+05 0.000E+00 0.000E+00 6.691E+05
3.24270514E+03   4224.6 3.242E+03 1.728E+10 6.430E-04 3.698E-04 2.000E+05 2.228E-15 6.992E+00 6.808E+05
3.47375185E+03   4357.3 3.473E+03 2.932E+10 1.025E-03 5.511E-04 2.000E+05 1.012E-08 1.147E+03 6.931E+05
3.66235078E+03   4506.6 3.662E+03 5.263E+10 1.711E-03 8.737E-04 2.000E+05 6.434E-07 4.557E+03 7.060E+05
3.81067213E+03   4675.9 3.810E+03 9.925E+10 2.942E-03 1.444E-03 2.000E+05 2.011E-05 1.436E+04 7.197E+05
3.92376904E+03   4870.8 3.923E+03 1.968E+11 5.226E-03 2.503E-03 2.000E+05 3.785E-04 3.833E+04 7.344E+05
4.00722691E+03   5095.7 4.006E+03 4.078E+11 9.598E-03 4.557E-03 2.000E+05 7.897E-04 4.928E+04 7.500E+05
4.06644904E+03   5360.4 4.065E+03 8.900E+11 1.837E-02 8.604E-03 2.000E+05 3.974E-03 8.474E+04 7.660E+05
4.10720869E+03   5656.1 4.105E+03 1.953E+12 3.563E-02 1.536E-02 2.000E+05 5.562E-02 2.029E+05 7.803E+05
4.13628059E+03   5936.6 4.134E+03 3.831E+12 6.380E-02 2.178E-02 2.000E+05 2.804E-01 3.513E+05 7.893E+05
4.15937184E+03   6168.7 4.156E+03 6.390E+12 1.007E-01 2.369E-02 2.000E+05 5.225E-01 4.337E+05 7.933E+05
4.17995473E+03   6356.2 4.176E+03 9.405E+12 1.438E-01 2.277E-02 2.000E+05 6.758E-01 4.647E+05 7.944E+05
4.19979489E+03   6517.2 4.196E+03 1.288E+13 1.938E-01 2.164E-02 2.000E+05 7.708E-01 4.777E+05 7.945E+05
4.21978734E+03   6662.7 4.215E+03 1.690E+13 2.525E-01 2.070E-02 2.000E+05 8.313E-01 4.815E+05 7.941E+05
4.24051104E+03   6797.3 4.235E+03 2.150E+13 3.214E-01 1.969E-02 2.000E+05 8.738E-01 4.812E+05 7.936E+05
4.26237371E+03   6926.2 4.257E+03 2.684E+13 4.038E-01 1.885E-02 2.000E+05 9.040E-01 4.783E+05 7.932E+05
4.28571088E+03   7050.1 4.280E+03 3.298E+13 5.018E-01 1.792E-02 2.000E+05 9.259E-01 4.719E+05 7.932E+05
4.31086500E+03   7170.6 4.305E+03 4.002E+13 6.187E-01 1.723E-02 2.000E+05 9.432E-01 4.684E+05 7.936E+05
4.33805543E+03   7292.0 4.331E+03 4.831E+13 7.625E-01 1.632E-02 2.000E+05 9.551E-01 4.571E+05 7.945E+05
4.36766479E+03   7405.8 4.360E+03 5.733E+13 9.267E-01 1.694E-02 2.000E+05 9.631E-01 4.549E+05 7.959E+05
PRADK 3.3903E-01
BEGIN                    ITERATION  15 COMPLETED
