TEFF   3750.  GRAVITY 3.50000 LTE
TITLE  [-2.0] N(He)/Ntot=0.0784 VTURB=2.0  L/H=1.25 ODFNEW
OPACITY IFOP 1 1 1 1 1 1 1 1 1 1 1 1 1 0 1 0 0 0 0 0
CONVECTION ON   1.25 TURBULENCE OFF  0.00  0.00  0.00  0.00
ABUNDANCE SCALE   0.01000 ABUNDANCE CHANGE 1 0.92160 2 0.07844
ABUNDANCE CHANGE  3 -10.94  4 -10.64  5  -9.49  6  -3.52  7  -4.12  8  -3.21
ABUNDANCE CHANGE  9  -7.48 10  -3.96 11  -5.71 12  -4.46 13  -5.57 14  -4.49
ABUNDANCE CHANGE 15  -6.59 16  -4.71 17  -6.54 18  -5.64 19  -6.92 20  -5.68
ABUNDANCE CHANGE 21  -8.87 22  -7.02 23  -8.04 24  -6.37 25  -6.65 26  -4.54
ABUNDANCE CHANGE 27  -7.12 28  -5.79 29  -7.83 30  -7.44 31  -9.16 32  -8.63
ABUNDANCE CHANGE 33  -9.67 34  -8.63 35  -9.41 36  -8.73 37  -9.44 38  -9.07
ABUNDANCE CHANGE 39  -9.80 40  -9.44 41 -10.62 42 -10.12 43 -20.00 44 -10.20
ABUNDANCE CHANGE 45 -10.92 46 -10.35 47 -11.10 48 -10.27 49 -10.38 50 -10.04
ABUNDANCE CHANGE 51 -11.04 52  -9.80 53 -10.53 54  -9.87 55 -10.91 56  -9.91
ABUNDANCE CHANGE 57 -10.87 58 -10.46 59 -11.33 60 -10.54 61 -20.00 62 -11.03
ABUNDANCE CHANGE 63 -11.53 64 -10.92 65 -11.69 66 -10.90 67 -11.78 68 -11.11
ABUNDANCE CHANGE 69 -12.04 70 -10.96 71 -11.98 72 -11.16 73 -12.17 74 -10.93
ABUNDANCE CHANGE 75 -11.76 76 -10.59 77 -10.69 78 -10.24 79 -11.03 80 -10.91
ABUNDANCE CHANGE 81 -11.14 82 -10.09 83 -11.33 84 -20.00 85 -20.00 86 -20.00
ABUNDANCE CHANGE 87 -20.00 88 -20.00 89 -20.00 90 -11.95 91 -20.00 92 -12.54
ABUNDANCE CHANGE 93 -20.00 94 -20.00 95 -20.00 96 -20.00 97 -20.00 98 -20.00
ABUNDANCE CHANGE 99 -20.00
READ DECK6 72 RHOX,T,P,XNE,ABROSS,ACCRAD,VTURB, FLXCNV,VCONV,VELSND
1.78761048E-03   2218.7 5.653E+00 1.194E+06 7.460E-05 2.632E-04 2.000E+05 0.000E+00 0.000E+00 3.887E+05
2.35129531E-03   2231.6 7.435E+00 1.559E+06 8.321E-05 2.880E-04 2.000E+05 0.000E+00 0.000E+00 3.873E+05
3.02485887E-03   2244.7 9.565E+00 1.994E+06 9.290E-05 3.158E-04 2.000E+05 0.000E+00 0.000E+00 3.864E+05
3.83234377E-03   2251.3 1.212E+01 2.499E+06 1.030E-04 3.489E-04 2.000E+05 0.000E+00 0.000E+00 3.839E+05
4.80804391E-03   2258.3 1.520E+01 3.104E+06 1.131E-04 3.835E-04 2.000E+05 0.000E+00 0.000E+00 3.816E+05
5.99043499E-03   2266.0 1.894E+01 3.833E+06 1.248E-04 4.248E-04 2.000E+05 0.000E+00 0.000E+00 3.796E+05
7.41142725E-03   2273.7 2.344E+01 4.703E+06 1.392E-04 4.771E-04 2.000E+05 0.000E+00 0.000E+00 3.777E+05
9.10595135E-03   2282.8 2.880E+01 5.741E+06 1.559E-04 5.395E-04 2.000E+05 0.000E+00 0.000E+00 3.763E+05
1.11385186E-02   2288.1 3.522E+01 6.949E+06 1.714E-04 6.007E-04 2.000E+05 0.000E+00 0.000E+00 3.738E+05
1.36406661E-02   2291.1 4.314E+01 8.394E+06 1.835E-04 6.510E-04 2.000E+05 0.000E+00 0.000E+00 3.705E+05
1.67659879E-02   2293.9 5.302E+01 1.016E+07 1.957E-04 7.037E-04 2.000E+05 0.000E+00 0.000E+00 3.671E+05
2.06693834E-02   2297.2 6.536E+01 1.234E+07 2.093E-04 7.637E-04 2.000E+05 0.000E+00 0.000E+00 3.637E+05
2.55199891E-02   2300.6 8.070E+01 1.499E+07 2.253E-04 8.355E-04 2.000E+05 0.000E+00 0.000E+00 3.605E+05
3.15227859E-02   2305.6 9.968E+01 1.825E+07 2.426E-04 9.141E-04 2.000E+05 0.000E+00 0.000E+00 3.577E+05
3.91343524E-02   2308.5 1.238E+02 2.222E+07 2.497E-04 9.460E-04 2.000E+05 0.000E+00 0.000E+00 3.543E+05
4.90117109E-02   2313.4 1.550E+02 2.733E+07 2.566E-04 9.753E-04 2.000E+05 0.000E+00 0.000E+00 3.514E+05
6.17897700E-02   2318.8 1.954E+02 3.381E+07 2.653E-04 1.013E-03 2.000E+05 0.000E+00 0.000E+00 3.487E+05
7.82275081E-02   2325.8 2.474E+02 4.204E+07 2.757E-04 1.057E-03 2.000E+05 0.000E+00 0.000E+00 3.464E+05
9.92385259E-02   2334.5 3.138E+02 5.247E+07 2.887E-04 1.111E-03 2.000E+05 0.000E+00 0.000E+00 3.446E+05
1.26417488E-01   2345.0 3.998E+02 6.590E+07 2.932E-04 1.120E-03 2.000E+05 0.000E+00 0.000E+00 3.433E+05
1.62041690E-01   2358.2 5.124E+02 8.353E+07 2.989E-04 1.129E-03 2.000E+05 0.000E+00 0.000E+00 3.425E+05
2.08490356E-01   2373.2 6.593E+02 1.065E+08 3.068E-04 1.145E-03 2.000E+05 0.000E+00 0.000E+00 3.422E+05
2.68602025E-01   2392.0 8.494E+02 1.367E+08 3.173E-04 1.168E-03 2.000E+05 0.000E+00 0.000E+00 3.427E+05
3.46467492E-01   2415.6 1.096E+03 1.771E+08 3.245E-04 1.163E-03 2.000E+05 0.000E+00 0.000E+00 3.441E+05
4.48462309E-01   2445.1 1.418E+03 2.323E+08 3.295E-04 1.132E-03 2.000E+05 0.000E+00 0.000E+00 3.466E+05
5.81264842E-01   2478.7 1.838E+03 3.066E+08 3.406E-04 1.117E-03 2.000E+05 0.000E+00 0.000E+00 3.499E+05
7.51471428E-01   2519.2 2.376E+03 4.075E+08 3.563E-04 1.106E-03 2.000E+05 4.107E-05 7.607E+03 3.545E+05
9.68395042E-01   2562.4 3.062E+03 5.407E+08 3.729E-04 1.077E-03 2.000E+05 3.319E-04 1.421E+04 3.597E+05
1.24344190E+00   2606.7 3.932E+03 7.146E+08 3.941E-04 1.046E-03 2.000E+05 6.772E-05 7.801E+03 3.650E+05
1.59022987E+00   2647.8 5.029E+03 9.352E+08 4.170E-04 1.007E-03 2.000E+05 4.864E-04 1.404E+04 3.696E+05
2.02530658E+00   2696.9 6.405E+03 1.229E+09 4.452E-04 9.546E-04 2.000E+05 4.235E-04 1.255E+04 3.758E+05
2.56058997E+00   2736.0 8.097E+03 1.585E+09 4.893E-04 9.643E-04 2.000E+05 3.649E-04 1.117E+04 3.799E+05
3.20892872E+00   2785.9 1.015E+04 2.052E+09 5.385E-04 9.428E-04 2.000E+05 1.734E-03 1.770E+04 3.864E+05
4.00014414E+00   2826.0 1.265E+04 2.615E+09 5.857E-04 9.025E-04 2.000E+05 0.000E+00 0.000E+00 3.907E+05
4.95917088E+00   2872.6 1.568E+04 3.345E+09 6.512E-04 8.828E-04 2.000E+05 3.204E-03 1.928E+04 3.964E+05
6.11205322E+00   2918.3 1.933E+04 4.259E+09 7.209E-04 8.450E-04 2.000E+05 7.493E-04 1.122E+04 4.019E+05
7.49219889E+00   2961.5 2.369E+04 5.387E+09 8.086E-04 8.384E-04 2.000E+05 3.258E-03 1.734E+04 4.068E+05
9.11376112E+00   3009.9 2.882E+04 6.838E+09 9.261E-04 8.588E-04 2.000E+05 3.758E-03 1.729E+04 4.128E+05
1.10220133E+01   3051.9 3.485E+04 8.572E+09 1.039E-03 8.528E-04 2.000E+05 2.672E-03 1.464E+04 4.175E+05
1.32882255E+01   3100.8 4.202E+04 1.087E+10 1.169E-03 8.332E-04 2.000E+05 7.185E-03 1.944E+04 4.236E+05
1.59603933E+01   3145.1 5.047E+04 1.366E+10 1.328E-03 8.547E-04 2.000E+05 3.673E-03 1.479E+04 4.286E+05
1.90991388E+01   3193.5 6.040E+04 1.728E+10 1.505E-03 8.727E-04 2.000E+05 9.838E-03 1.965E+04 4.345E+05
2.27909749E+01   3240.8 7.207E+04 2.181E+10 1.708E-03 9.119E-04 2.000E+05 7.446E-03 1.709E+04 4.400E+05
2.71010240E+01   3289.5 8.570E+04 2.755E+10 1.962E-03 9.842E-04 2.000E+05 1.312E-02 1.978E+04 4.458E+05
3.21137508E+01   3339.1 1.016E+05 3.480E+10 2.241E-03 1.067E-03 2.000E+05 1.517E-02 1.988E+04 4.516E+05
3.80431184E+01   3390.2 1.203E+05 4.409E+10 2.503E-03 1.146E-03 2.000E+05 2.089E-02 2.122E+04 4.577E+05
4.50665604E+01   3444.0 1.425E+05 5.614E+10 2.838E-03 1.271E-03 2.000E+05 3.014E-02 2.301E+04 4.641E+05
5.36938857E+01   3501.9 1.698E+05 7.232E+10 2.957E-03 1.361E-03 2.000E+05 4.072E-02 2.437E+04 4.709E+05
6.47204995E+01   3567.0 2.047E+05 9.520E+10 3.093E-03 1.497E-03 2.000E+05 6.321E-02 2.703E+04 4.787E+05
7.81263179E+01   3636.6 2.471E+05 1.261E+11 3.617E-03 1.717E-03 2.000E+05 9.502E-02 2.964E+04 4.871E+05
9.23903456E+01   3702.4 2.922E+05 1.625E+11 4.738E-03 2.016E-03 2.000E+05 1.436E-01 3.282E+04 4.950E+05
1.07063333E+02   3764.6 3.386E+05 2.041E+11 6.042E-03 2.272E-03 2.000E+05 1.971E-01 3.534E+04 5.025E+05
1.22741843E+02   3825.4 3.881E+05 2.524E+11 7.403E-03 2.447E-03 2.000E+05 2.631E-01 3.786E+04 5.100E+05
1.40114680E+02   3888.7 4.431E+05 3.112E+11 8.789E-03 2.515E-03 2.000E+05 3.369E-01 4.011E+04 5.177E+05
1.59564212E+02   3953.7 5.046E+05 3.823E+11 1.053E-02 2.524E-03 2.000E+05 4.139E-01 4.192E+04 5.257E+05
1.81141955E+02   4021.5 5.728E+05 4.684E+11 1.269E-02 2.475E-03 2.000E+05 4.959E-01 4.365E+04 5.340E+05
2.05011378E+02   4090.8 6.483E+05 5.715E+11 1.530E-02 2.383E-03 2.000E+05 5.681E-01 4.466E+04 5.425E+05
2.31386775E+02   4162.7 7.317E+05 6.963E+11 1.848E-02 2.282E-03 2.000E+05 6.409E-01 4.578E+04 5.512E+05
2.60492573E+02   4236.9 8.237E+05 8.487E+11 2.234E-02 2.188E-03 2.000E+05 6.991E-01 4.617E+04 5.603E+05
2.92544401E+02   4313.7 9.251E+05 1.038E+12 2.711E-02 2.122E-03 2.000E+05 7.565E-01 4.685E+04 5.696E+05
3.27646851E+02   4393.7 1.036E+06 1.281E+12 3.314E-02 2.076E-03 2.000E+05 8.021E-01 4.695E+04 5.793E+05
3.65760199E+02   4475.6 1.157E+06 1.596E+12 4.090E-02 2.053E-03 2.000E+05 8.459E-01 4.741E+04 5.893E+05
4.06664645E+02   4560.6 1.286E+06 2.022E+12 5.113E-02 2.046E-03 2.000E+05 8.798E-01 4.742E+04 5.996E+05
4.50190850E+02   4646.7 1.424E+06 2.599E+12 6.425E-02 2.046E-03 2.000E+05 9.086E-01 4.768E+04 6.101E+05
4.96091737E+02   4735.7 1.569E+06 3.401E+12 8.176E-02 2.084E-03 2.000E+05 9.290E-01 4.765E+04 6.210E+05
5.44018212E+02   4825.1 1.720E+06 4.495E+12 1.048E-01 2.118E-03 2.000E+05 9.451E-01 4.774E+04 6.320E+05
5.93663379E+02   4916.7 1.877E+06 6.009E+12 1.354E-01 2.192E-03 2.000E+05 9.565E-01 4.781E+04 6.433E+05
6.44916046E+02   5008.8 2.039E+06 8.059E+12 1.748E-01 2.274E-03 2.000E+05 9.651E-01 4.779E+04 6.547E+05
6.97779274E+02   5103.4 2.207E+06 1.088E+13 2.262E-01 2.383E-03 2.000E+05 9.719E-01 4.796E+04 6.665E+05
7.52325369E+02   5199.4 2.379E+06 1.469E+13 2.919E-01 2.494E-03 2.000E+05 9.771E-01 4.794E+04 6.784E+05
8.08691423E+02   5298.4 2.557E+06 1.990E+13 3.766E-01 2.621E-03 2.000E+05 9.814E-01 4.809E+04 6.907E+05
8.66799936E+02   5399.4 2.741E+06 2.692E+13 4.842E-01 3.003E-03 2.000E+05 9.834E-01 4.820E+04 7.031E+05
PRADK 2.5817E-01
BEGIN                    ITERATION  15 COMPLETED
