TEFF   8500.  GRAVITY 2.50000 LTE
TITLE  [-2.0] N(He)/Ntot=0.0784 VTURB=2.0  L/H=1.25 ODFNEW
OPACITY IFOP 1 1 1 1 1 1 1 1 1 1 1 1 1 0 1 0 0 0 0 0
CONVECTION ON   1.25 TURBULENCE OFF  0.00  0.00  0.00  0.00
ABUNDANCE SCALE   0.01000 ABUNDANCE CHANGE 1 0.92160 2 0.07844
ABUNDANCE CHANGE  3 -10.94  4 -10.64  5  -9.49  6  -3.52  7  -4.12  8  -3.21
ABUNDANCE CHANGE  9  -7.48 10  -3.96 11  -5.71 12  -4.46 13  -5.57 14  -4.49
ABUNDANCE CHANGE 15  -6.59 16  -4.71 17  -6.54 18  -5.64 19  -6.92 20  -5.68
ABUNDANCE CHANGE 21  -8.87 22  -7.02 23  -8.04 24  -6.37 25  -6.65 26  -4.54
ABUNDANCE CHANGE 27  -7.12 28  -5.79 29  -7.83 30  -7.44 31  -9.16 32  -8.63
ABUNDANCE CHANGE 33  -9.67 34  -8.63 35  -9.41 36  -8.73 37  -9.44 38  -9.07
ABUNDANCE CHANGE 39  -9.80 40  -9.44 41 -10.62 42 -10.12 43 -20.00 44 -10.20
ABUNDANCE CHANGE 45 -10.92 46 -10.35 47 -11.10 48 -10.27 49 -10.38 50 -10.04
ABUNDANCE CHANGE 51 -11.04 52  -9.80 53 -10.53 54  -9.87 55 -10.91 56  -9.91
ABUNDANCE CHANGE 57 -10.87 58 -10.46 59 -11.33 60 -10.54 61 -20.00 62 -11.03
ABUNDANCE CHANGE 63 -11.53 64 -10.92 65 -11.69 66 -10.90 67 -11.78 68 -11.11
ABUNDANCE CHANGE 69 -12.04 70 -10.96 71 -11.98 72 -11.16 73 -12.17 74 -10.93
ABUNDANCE CHANGE 75 -11.76 76 -10.59 77 -10.69 78 -10.24 79 -11.03 80 -10.91
ABUNDANCE CHANGE 81 -11.14 82 -10.09 83 -11.33 84 -20.00 85 -20.00 86 -20.00
ABUNDANCE CHANGE 87 -20.00 88 -20.00 89 -20.00 90 -11.95 91 -20.00 92 -12.54
ABUNDANCE CHANGE 93 -20.00 94 -20.00 95 -20.00 96 -20.00 97 -20.00 98 -20.00
ABUNDANCE CHANGE 99 -20.00
READ DECK6 72 RHOX,T,P,XNE,ABROSS,ACCRAD,VTURB, FLXCNV,VCONV,VELSND
5.27841797E-07   5572.1 1.655E-04 9.403E+07 2.526E-01 2.702E+00 2.000E+05 0.000E+00 0.000E+00 9.044E+07
7.07598001E-07   5576.1 2.219E-04 1.229E+08 2.422E-01 2.608E+00 2.000E+05 0.000E+00 0.000E+00 7.186E+07
9.58617580E-07   5581.9 3.006E-04 1.615E+08 2.303E-01 2.500E+00 2.000E+05 0.000E+00 0.000E+00 5.767E+07
1.31237304E-06   5588.4 4.116E-04 2.129E+08 2.168E-01 2.374E+00 2.000E+05 0.000E+00 6.912E+08 4.660E+07
1.81744240E-06   5594.2 5.702E-04 2.813E+08 2.014E-01 2.232E+00 2.000E+05 0.000E+00 4.493E+08 3.778E+07
2.54905080E-06   5598.1 7.999E-04 3.719E+08 1.838E-01 2.071E+00 2.000E+05 0.000E+00 2.643E+08 3.064E+07
3.62772129E-06   5601.2 1.139E-03 4.921E+08 1.649E-01 1.898E+00 2.000E+05 0.000E+00 1.803E+08 2.485E+07
5.24369100E-06   5605.4 1.647E-03 6.523E+08 1.458E-01 1.724E+00 2.000E+05 0.000E+00 1.325E+08 2.015E+07
7.70061477E-06   5610.1 2.420E-03 8.657E+08 1.270E-01 1.553E+00 2.000E+05 0.000E+00 9.579E+07 1.631E+07
1.14818105E-05   5616.9 3.610E-03 1.152E+09 1.096E-01 1.395E+00 2.000E+05 0.000E+00 6.856E+07 1.318E+07
1.73576548E-05   5624.8 5.461E-03 1.534E+09 9.360E-02 1.250E+00 2.000E+05 0.000E+00 4.589E+07 1.064E+07
2.65537707E-05   5634.6 8.358E-03 2.046E+09 7.959E-02 1.123E+00 2.000E+05 0.000E+00 2.985E+07 8.590E+06
4.10209275E-05   5645.3 1.292E-02 2.727E+09 6.732E-02 1.012E+00 2.000E+05 0.000E+00 1.939E+07 6.942E+06
6.37601725E-05   5660.1 2.009E-02 3.654E+09 5.732E-02 9.225E-01 2.000E+05 0.000E+00 1.316E+07 5.630E+06
9.92322507E-05   5678.3 3.127E-02 4.905E+09 4.921E-02 8.503E-01 2.000E+05 0.000E+00 8.713E+06 4.592E+06
1.53868187E-04   5702.1 4.850E-02 6.619E+09 4.297E-02 7.950E-01 2.000E+05 0.000E+00 5.869E+06 3.773E+06
2.36387426E-04   5731.8 7.454E-02 8.971E+09 3.834E-02 7.544E-01 2.000E+05 0.000E+00 3.899E+06 3.130E+06
3.58210138E-04   5767.5 1.130E-01 1.219E+10 3.504E-02 7.258E-01 2.000E+05 0.000E+00 2.574E+06 2.625E+06
5.33404066E-04   5809.8 1.682E-01 1.661E+10 3.292E-02 7.075E-01 2.000E+05 0.000E+00 1.667E+06 2.228E+06
7.79098812E-04   5856.6 2.458E-01 2.255E+10 3.164E-02 6.971E-01 2.000E+05 0.000E+00 3.173E+05 1.917E+06
1.11618845E-03   5907.1 3.521E-01 3.049E+10 3.106E-02 6.934E-01 2.000E+05 0.000E+00 1.449E+05 1.671E+06
1.56967699E-03   5960.1 4.952E-01 4.095E+10 3.104E-02 6.957E-01 2.000E+05 0.000E+00 6.723E+04 1.477E+06
2.17044290E-03   6014.2 6.848E-01 5.449E+10 3.144E-02 7.030E-01 2.000E+05 0.000E+00 2.969E+04 1.324E+06
2.95601627E-03   6069.2 9.326E-01 7.191E+10 3.226E-02 7.159E-01 2.000E+05 0.000E+00 1.233E+04 1.203E+06
3.97051191E-03   6125.2 1.253E+00 9.418E+10 3.351E-02 7.343E-01 2.000E+05 0.000E+00 4.511E+03 1.107E+06
5.26382563E-03   6182.4 1.661E+00 1.226E+11 3.527E-02 7.583E-01 2.000E+05 0.000E+00 1.015E+03 1.031E+06
6.89344255E-03   6240.2 2.175E+00 1.583E+11 3.752E-02 7.861E-01 2.000E+05 0.000E+00 0.000E+00 9.709E+05
8.93116504E-03   6295.8 2.818E+00 2.020E+11 4.005E-02 8.157E-01 2.000E+05 0.000E+00 0.000E+00 9.239E+05
1.14773130E-02   6347.5 3.621E+00 2.543E+11 4.269E-02 8.452E-01 2.000E+05 0.000E+00 0.000E+00 8.867E+05
1.46781026E-02   6392.1 4.630E+00 3.148E+11 4.505E-02 8.720E-01 2.000E+05 0.000E+00 0.000E+00 8.570E+05
1.87472431E-02   6429.3 5.913E+00 3.837E+11 4.700E-02 8.972E-01 2.000E+05 0.000E+00 0.000E+00 8.328E+05
2.39770093E-02   6459.9 7.562E+00 4.621E+11 4.858E-02 9.222E-01 2.000E+05 0.000E+00 0.000E+00 8.130E+05
3.07291976E-02   6487.6 9.691E+00 5.539E+11 5.021E-02 9.513E-01 2.000E+05 0.000E+00 0.000E+00 7.968E+05
3.94047775E-02   6515.5 1.243E+01 6.639E+11 5.232E-02 9.873E-01 2.000E+05 0.000E+00 0.000E+00 7.838E+05
5.04372711E-02   6545.5 1.590E+01 7.974E+11 5.521E-02 1.033E+00 2.000E+05 0.000E+00 0.000E+00 7.737E+05
6.42940465E-02   6577.2 2.027E+01 9.580E+11 5.896E-02 1.087E+00 2.000E+05 0.000E+00 0.000E+00 7.660E+05
8.14917791E-02   6611.1 2.569E+01 1.151E+12 6.372E-02 1.153E+00 2.000E+05 0.000E+00 0.000E+00 7.604E+05
1.02572020E-01   6647.8 3.233E+01 1.384E+12 6.974E-02 1.233E+00 2.000E+05 0.000E+00 0.000E+00 7.566E+05
1.28107814E-01   6687.0 4.037E+01 1.662E+12 7.717E-02 1.329E+00 2.000E+05 0.000E+00 0.000E+00 7.541E+05
1.58734521E-01   6728.4 5.002E+01 1.995E+12 8.618E-02 1.444E+00 2.000E+05 0.000E+00 0.000E+00 7.527E+05
1.95143499E-01   6772.5 6.147E+01 2.393E+12 9.708E-02 1.583E+00 2.000E+05 0.000E+00 0.000E+00 7.523E+05
2.38003048E-01   6820.6 7.496E+01 2.875E+12 1.106E-01 1.756E+00 2.000E+05 0.000E+00 0.000E+00 7.527E+05
2.87858248E-01   6874.2 9.063E+01 3.465E+12 1.276E-01 1.975E+00 2.000E+05 0.000E+00 0.000E+00 7.538E+05
3.45017136E-01   6935.3 1.086E+02 4.203E+12 1.497E-01 2.260E+00 2.000E+05 0.000E+00 0.000E+00 7.557E+05
4.09365537E-01   7006.4 1.288E+02 5.142E+12 1.791E-01 2.641E+00 2.000E+05 0.000E+00 0.000E+00 7.585E+05
4.80286998E-01   7089.6 1.510E+02 6.355E+12 2.192E-01 3.161E+00 2.000E+05 2.301E-06 0.000E+00 7.622E+05
5.56456085E-01   7188.8 1.748E+02 7.964E+12 2.761E-01 3.892E+00 2.000E+05 1.223E-04 2.185E+01 7.671E+05
6.35907061E-01   7305.2 1.996E+02 1.011E+13 3.583E-01 4.939E+00 2.000E+05 1.003E-03 7.713E+01 7.736E+05
7.16208927E-01   7442.4 2.245E+02 1.301E+13 4.809E-01 6.486E+00 2.000E+05 5.150E-03 1.375E+02 7.823E+05
7.94550854E-01   7603.6 2.487E+02 1.699E+13 6.696E-01 8.826E+00 2.000E+05 2.601E-02 2.190E+02 7.938E+05
8.68151344E-01   7793.3 2.712E+02 2.249E+13 9.686E-01 1.243E+01 2.000E+05 1.917E-01 3.671E+02 8.094E+05
9.34792488E-01   8013.4 2.913E+02 2.999E+13 1.451E+00 1.806E+01 2.000E+05 2.498E+00 7.264E+02 8.307E+05
9.93315596E-01   8267.6 3.085E+02 4.008E+13 2.228E+00 2.679E+01 2.000E+05 4.348E+01 1.746E+03 8.599E+05
1.04383379E+00   8557.8 3.228E+02 5.305E+13 3.446E+00 3.986E+01 2.000E+05 5.890E+02 4.593E+03 8.996E+05
1.08778015E+00   8885.8 3.346E+02 6.851E+13 5.196E+00 5.767E+01 2.000E+05 3.598E+03 1.108E+04 9.526E+05
1.12771662E+00   9253.3 3.445E+02 8.485E+13 7.330E+00 7.820E+01 2.000E+05 8.114E+03 1.979E+04 1.020E+06
1.16793251E+00   9664.4 3.537E+02 9.937E+13 9.178E+00 9.444E+01 2.000E+05 7.943E+03 2.107E+04 1.099E+06
1.21402200E+00  10125.4 3.638E+02 1.097E+14 9.915E+00 9.959E+01 2.000E+05 3.244E+03 1.196E+04 1.184E+06
1.27577439E+00  10647.8 3.774E+02 1.157E+14 9.230E+00 9.140E+01 2.000E+05 3.745E+02 4.014E+03 1.275E+06
1.36870165E+00  11237.5 3.990E+02 1.198E+14 7.792E+00 7.729E+01 2.000E+05 9.830E+00 1.097E+03 1.382E+06
1.52055969E+00  11911.9 4.365E+02 1.256E+14 6.224E+00 6.216E+01 2.000E+05 1.400E-01 3.031E+02 1.503E+06
1.77439139E+00  12668.2 5.027E+02 1.369E+14 4.996E+00 5.017E+01 2.000E+05 2.314E-03 8.983E+01 1.601E+06
2.18853982E+00  13510.5 6.148E+02 1.578E+14 4.167E+00 4.182E+01 2.000E+05 7.607E-05 3.418E+01 1.643E+06
2.83074499E+00  14427.0 7.929E+02 1.918E+14 3.689E+00 3.678E+01 2.000E+05 1.469E-04 4.860E+01 1.652E+06
3.76979147E+00  15421.5 1.057E+03 2.417E+14 3.448E+00 3.416E+01 2.000E+05 2.570E-04 8.782E+01 1.689E+06
5.08681852E+00  16496.9 1.429E+03 3.089E+14 3.318E+00 3.271E+01 2.000E+05 1.414E-04 4.087E+01 1.778E+06
6.90840223E+00  17664.8 1.947E+03 3.959E+14 3.203E+00 3.153E+01 2.000E+05 1.339E-05 0.000E+00 1.904E+06
9.41657675E+00  18929.7 2.662E+03 5.069E+14 3.113E+00 3.059E+01 2.000E+05 0.000E+00 0.000E+00 2.033E+06
1.28398852E+01  20299.3 3.641E+03 6.475E+14 3.058E+00 3.003E+01 2.000E+05 0.000E+00 0.000E+00 2.142E+06
1.74495300E+01  21778.1 4.961E+03 8.228E+14 3.051E+00 2.991E+01 2.000E+05 0.000E+00 0.000E+00 2.235E+06
2.35720369E+01  23374.6 6.713E+03 1.038E+15 3.081E+00 3.012E+01 2.000E+05 0.000E+00 0.000E+00 2.322E+06
3.15932975E+01  25092.5 9.010E+03 1.298E+15 3.155E+00 2.968E+01 2.000E+05 0.000E+00 0.000E+00 2.408E+06
PRADK 6.9944E+00
BEGIN                    ITERATION  15 COMPLETED
