TEFF   4500.  GRAVITY 1.00000 LTE
TITLE  [-0.5] N(He)/Ntot=0.0784 VTURB=2.0  L/H=1.25 NOVER
OPACITY IFOP 1 1 1 1 1 1 1 1 1 1 1 1 1 0 1 0 0 0 0 0
CONVECTION ON   1.25 TURBULENCE OFF  0.00  0.00  0.00  0.00
ABUNDANCE SCALE   0.31622 ABUNDANCE CHANGE 1 0.92120 2 0.07841
ABUNDANCE CHANGE  3 -10.94  4 -10.64  5  -9.49  6  -3.52  7  -4.12  8  -3.21
ABUNDANCE CHANGE  9  -7.48 10  -3.96 11  -5.71 12  -4.46 13  -5.57 14  -4.49
ABUNDANCE CHANGE 15  -6.59 16  -4.71 17  -6.54 18  -5.64 19  -6.92 20  -5.68
ABUNDANCE CHANGE 21  -8.87 22  -7.02 23  -8.04 24  -6.37 25  -6.65 26  -4.54
ABUNDANCE CHANGE 27  -7.12 28  -5.79 29  -7.83 30  -7.44 31  -9.16 32  -8.63
ABUNDANCE CHANGE 33  -9.67 34  -8.63 35  -9.41 36  -8.73 37  -9.44 38  -9.07
ABUNDANCE CHANGE 39  -9.80 40  -9.44 41 -10.62 42 -10.12 43 -20.00 44 -10.20
ABUNDANCE CHANGE 45 -10.92 46 -10.35 47 -11.10 48 -10.27 49 -10.38 50 -10.04
ABUNDANCE CHANGE 51 -11.04 52  -9.80 53 -10.53 54  -9.87 55 -10.91 56  -9.91
ABUNDANCE CHANGE 57 -10.87 58 -10.46 59 -11.33 60 -10.54 61 -20.00 62 -11.03
ABUNDANCE CHANGE 63 -11.53 64 -10.92 65 -11.69 66 -10.90 67 -11.78 68 -11.11
ABUNDANCE CHANGE 69 -12.04 70 -10.96 71 -11.98 72 -11.16 73 -12.17 74 -10.93
ABUNDANCE CHANGE 75 -11.76 76 -10.59 77 -10.69 78 -10.24 79 -11.03 80 -10.91
ABUNDANCE CHANGE 81 -11.14 82 -10.09 83 -11.33 84 -20.00 85 -20.00 86 -20.00
ABUNDANCE CHANGE 87 -20.00 88 -20.00 89 -20.00 90 -11.95 91 -20.00 92 -12.54
ABUNDANCE CHANGE 93 -20.00 94 -20.00 95 -20.00 96 -20.00 97 -20.00 98 -20.00
ABUNDANCE CHANGE 99 -20.00
READ DECK6 72 RHOX,T,P,XNE,ABROSS,ACCRAD,VTURB, FLXCNV,VCONV,VELSND
1.52135348E-02   2315.3 1.521E-01 1.120E+06 8.765E-06 1.963E-03 2.000E+05 0.000E+00 0.000E+00 1.136E+06
2.01895987E-02   2343.1 2.019E-01 1.506E+06 9.110E-06 1.810E-03 2.000E+05 0.000E+00 0.000E+00 1.023E+06
2.66287289E-02   2373.2 2.662E-01 2.029E+06 9.311E-06 1.663E-03 2.000E+05 0.000E+00 0.000E+00 9.326E+05
3.50149151E-02   2403.0 3.501E-01 2.730E+06 9.551E-06 1.539E-03 2.000E+05 0.000E+00 0.000E+00 8.560E+05
4.57866666E-02   2437.5 4.578E-01 3.708E+06 1.003E-05 1.405E-03 2.000E+05 0.000E+00 0.000E+00 7.971E+05
5.95082751E-02   2471.3 5.950E-01 5.019E+06 1.044E-05 1.300E-03 2.000E+05 0.000E+00 0.000E+00 7.480E+05
7.72505120E-02   2510.4 7.724E-01 6.920E+06 1.071E-05 1.205E-03 2.000E+05 0.000E+00 0.000E+00 7.103E+05
1.00013850E-01   2551.9 1.000E+00 9.642E+06 1.128E-05 1.122E-03 2.000E+05 0.000E+00 0.000E+00 6.802E+05
1.28640697E-01   2596.6 1.286E+00 1.358E+07 1.203E-05 1.048E-03 2.000E+05 0.000E+00 0.000E+00 6.575E+05
1.64308790E-01   2641.4 1.643E+00 1.909E+07 1.291E-05 9.913E-04 2.000E+05 0.000E+00 0.000E+00 6.396E+05
2.07985709E-01   2688.6 2.080E+00 2.693E+07 1.425E-05 9.470E-04 2.000E+05 0.000E+00 0.000E+00 6.266E+05
2.61033120E-01   2733.9 2.610E+00 3.748E+07 1.557E-05 9.094E-04 2.000E+05 0.000E+00 0.000E+00 6.165E+05
3.25056444E-01   2780.3 3.250E+00 5.191E+07 1.741E-05 8.818E-04 2.000E+05 0.000E+00 0.000E+00 6.094E+05
4.00441819E-01   2825.3 4.004E+00 7.071E+07 1.990E-05 8.623E-04 2.000E+05 0.000E+00 0.000E+00 6.038E+05
4.88872579E-01   2869.0 4.888E+00 9.478E+07 2.252E-05 8.460E-04 2.000E+05 0.000E+00 0.000E+00 6.009E+05
5.92566971E-01   2911.5 5.925E+00 1.252E+08 2.573E-05 8.329E-04 2.000E+05 0.000E+00 0.000E+00 5.987E+05
7.13286905E-01   2953.2 7.132E+00 1.634E+08 2.953E-05 8.248E-04 2.000E+05 0.000E+00 0.000E+00 5.976E+05
8.53901758E-01   2994.0 8.538E+00 2.106E+08 3.373E-05 8.211E-04 2.000E+05 0.000E+00 0.000E+00 5.972E+05
1.01782738E+00   3034.4 1.018E+01 2.688E+08 3.863E-05 8.190E-04 2.000E+05 0.000E+00 0.000E+00 5.975E+05
1.20774997E+00   3073.9 1.208E+01 3.393E+08 4.465E-05 8.144E-04 2.000E+05 0.000E+00 0.000E+00 5.982E+05
1.42732916E+00   3112.4 1.427E+01 4.241E+08 5.138E-05 8.148E-04 2.000E+05 0.000E+00 0.000E+00 5.994E+05
1.68209116E+00   3150.8 1.682E+01 5.264E+08 5.900E-05 8.194E-04 2.000E+05 0.000E+00 0.000E+00 6.009E+05
1.97826108E+00   3188.5 1.978E+01 6.485E+08 6.765E-05 8.175E-04 2.000E+05 0.000E+00 0.000E+00 6.025E+05
2.32245216E+00   3226.0 2.322E+01 7.945E+08 7.767E-05 8.178E-04 2.000E+05 0.000E+00 0.000E+00 6.045E+05
2.72242353E+00   3262.4 2.722E+01 9.666E+08 8.909E-05 8.253E-04 2.000E+05 0.000E+00 0.000E+00 6.065E+05
3.18718602E+00   3298.7 3.187E+01 1.171E+09 1.023E-04 8.415E-04 2.000E+05 0.000E+00 0.000E+00 6.086E+05
3.72760319E+00   3334.9 3.727E+01 1.413E+09 1.171E-04 8.429E-04 2.000E+05 0.000E+00 0.000E+00 6.109E+05
4.35719416E+00   3370.8 4.357E+01 1.698E+09 1.340E-04 8.445E-04 2.000E+05 0.000E+00 0.000E+00 6.133E+05
5.09114468E+00   3405.6 5.091E+01 2.031E+09 1.533E-04 8.558E-04 2.000E+05 0.000E+00 0.000E+00 6.156E+05
5.94587335E+00   3440.5 5.945E+01 2.424E+09 1.757E-04 8.776E-04 2.000E+05 0.000E+00 0.000E+00 6.180E+05
6.94563263E+00   3474.3 6.945E+01 2.884E+09 1.986E-04 8.762E-04 2.000E+05 0.000E+00 0.000E+00 6.204E+05
8.15605134E+00   3513.8 8.155E+01 3.466E+09 2.147E-04 7.249E-04 2.000E+05 0.000E+00 0.000E+00 6.234E+05
9.63413668E+00   3549.7 9.633E+01 4.154E+09 2.366E-04 6.402E-04 2.000E+05 0.000E+00 0.000E+00 6.260E+05
1.14155958E+01   3567.6 1.141E+02 4.873E+09 2.627E-04 6.334E-04 2.000E+05 0.000E+00 0.000E+00 6.269E+05
1.35454032E+01   3594.6 1.354E+02 5.787E+09 2.943E-04 6.300E-04 2.000E+05 0.000E+00 0.000E+00 6.287E+05
1.60692795E+01   3626.4 1.607E+02 6.906E+09 3.326E-04 6.264E-04 2.000E+05 0.000E+00 0.000E+00 6.311E+05
1.90302128E+01   3641.4 1.903E+02 8.060E+09 3.798E-04 6.768E-04 2.000E+05 0.000E+00 0.000E+00 6.318E+05
2.24891841E+01   3652.6 2.249E+02 9.342E+09 4.335E-04 7.473E-04 2.000E+05 0.000E+00 0.000E+00 6.322E+05
2.64977083E+01   3671.9 2.650E+02 1.091E+10 5.026E-04 8.411E-04 2.000E+05 0.000E+00 0.000E+00 6.334E+05
3.11062034E+01   3691.4 3.110E+02 1.270E+10 5.831E-04 9.479E-04 2.000E+05 0.000E+00 0.000E+00 6.346E+05
3.63885549E+01   3714.4 3.639E+02 1.480E+10 6.808E-04 1.076E-03 2.000E+05 0.000E+00 0.000E+00 6.362E+05
4.24015909E+01   3740.8 4.240E+02 1.727E+10 8.002E-04 1.235E-03 2.000E+05 0.000E+00 0.000E+00 6.381E+05
4.91875686E+01   3771.8 4.918E+02 2.017E+10 9.505E-04 1.447E-03 2.000E+05 0.000E+00 0.000E+00 6.406E+05
5.67637217E+01   3814.9 5.676E+02 2.375E+10 1.137E-03 1.703E-03 2.000E+05 0.000E+00 0.000E+00 6.443E+05
6.53816881E+01   3867.8 6.537E+02 2.814E+10 1.309E-03 1.800E-03 2.000E+05 0.000E+00 0.000E+00 6.491E+05
7.53764734E+01   3918.7 7.537E+02 3.318E+10 1.505E-03 1.933E-03 2.000E+05 0.000E+00 0.000E+00 6.535E+05
8.69542530E+01   3974.4 8.694E+02 3.919E+10 1.735E-03 2.103E-03 2.000E+05 0.000E+00 0.000E+00 6.585E+05
1.00396657E+02   4036.5 1.004E+03 4.637E+10 1.985E-03 2.267E-03 2.000E+05 0.000E+00 0.000E+00 6.640E+05
1.16080133E+02   4105.1 1.161E+03 5.495E+10 2.268E-03 2.452E-03 2.000E+05 0.000E+00 0.000E+00 6.702E+05
1.34378907E+02   4183.4 1.344E+03 6.528E+10 2.592E-03 2.666E-03 2.000E+05 0.000E+00 0.000E+00 6.772E+05
1.55780814E+02   4272.3 1.558E+03 7.782E+10 2.950E-03 2.888E-03 2.000E+05 0.000E+00 0.000E+00 6.851E+05
1.80782260E+02   4373.5 1.807E+03 9.347E+10 3.380E-03 3.158E-03 2.000E+05 0.000E+00 0.000E+00 6.938E+05
2.09533383E+02   4493.1 2.095E+03 1.147E+11 3.977E-03 3.588E-03 2.000E+05 0.000E+00 0.000E+00 7.038E+05
2.41692140E+02   4629.6 2.416E+03 1.475E+11 4.810E-03 4.165E-03 2.000E+05 0.000E+00 0.000E+00 7.147E+05
2.76257254E+02   4782.6 2.762E+03 2.055E+11 6.156E-03 5.068E-03 2.000E+05 0.000E+00 0.000E+00 7.263E+05
3.10440078E+02   4956.8 3.103E+03 3.168E+11 8.777E-03 7.010E-03 2.000E+05 0.000E+00 0.000E+00 7.387E+05
3.40955740E+02   5157.3 3.408E+03 5.403E+11 1.367E-02 1.066E-02 2.000E+05 1.191E-09 6.987E+02 7.519E+05
3.66197334E+02   5386.4 3.660E+03 9.979E+11 2.274E-02 1.746E-02 2.000E+05 1.600E-07 3.529E+03 7.653E+05
3.85710618E+02   5654.1 3.855E+03 1.978E+12 4.049E-02 3.090E-02 2.000E+05 7.766E-06 1.273E+04 7.779E+05
4.00031431E+02   5956.4 3.998E+03 4.042E+12 7.488E-02 5.729E-02 2.000E+05 2.549E-04 4.028E+04 7.874E+05
4.10037624E+02   6309.2 4.097E+03 8.588E+12 1.468E-01 1.125E-01 2.000E+05 1.457E-03 7.034E+04 7.921E+05
4.16709230E+02   6700.8 4.163E+03 1.810E+13 2.970E-01 2.163E-01 2.000E+05 1.621E-02 1.487E+05 7.917E+05
4.21106223E+02   7096.0 4.205E+03 3.530E+13 5.874E-01 3.362E-01 2.000E+05 2.310E-01 3.423E+05 7.910E+05
4.24379398E+02   7387.7 4.237E+03 5.516E+13 9.610E-01 3.472E-01 2.000E+05 5.526E-01 4.510E+05 7.933E+05
4.27237044E+02   7604.5 4.265E+03 7.513E+13 1.377E+00 3.010E-01 2.000E+05 7.203E-01 4.707E+05 7.974E+05
4.30040927E+02   7767.1 4.292E+03 9.364E+13 1.799E+00 2.642E-01 2.000E+05 8.112E-01 4.765E+05 8.018E+05
4.32928559E+02   7920.7 4.320E+03 1.143E+14 2.308E+00 2.410E-01 2.000E+05 8.661E-01 4.762E+05 8.070E+05
4.36000786E+02   8050.1 4.350E+03 1.343E+14 2.840E+00 2.162E-01 2.000E+05 9.019E-01 4.736E+05 8.122E+05
4.39325319E+02   8183.3 4.383E+03 1.576E+14 3.504E+00 2.017E-01 2.000E+05 9.259E-01 4.703E+05 8.184E+05
4.42971291E+02   8301.4 4.418E+03 1.809E+14 4.211E+00 1.841E-01 2.000E+05 9.437E-01 4.670E+05 8.246E+05
4.46994658E+02   8428.6 4.458E+03 2.087E+14 5.113E+00 1.739E-01 2.000E+05 9.561E-01 4.628E+05 8.320E+05
4.51468122E+02   8543.0 4.502E+03 2.364E+14 6.069E+00 1.708E-01 2.000E+05 9.637E-01 4.594E+05 8.392E+05
PRADK 5.4640E-01
BEGIN                    ITERATION  15 COMPLETED
