TEFF   8250.  GRAVITY 3.50000 LTE
TITLE  [-0.5] N(He)/Ntot=0.0784 VTURB=2.0  L/H=1.25 NOVER
OPACITY IFOP 1 1 1 1 1 1 1 1 1 1 1 1 1 0 1 0 0 0 0 0
CONVECTION ON   1.25 TURBULENCE OFF  0.00  0.00  0.00  0.00
ABUNDANCE SCALE   0.31622 ABUNDANCE CHANGE 1 0.92120 2 0.07841
ABUNDANCE CHANGE  3 -10.94  4 -10.64  5  -9.49  6  -3.52  7  -4.12  8  -3.21
ABUNDANCE CHANGE  9  -7.48 10  -3.96 11  -5.71 12  -4.46 13  -5.57 14  -4.49
ABUNDANCE CHANGE 15  -6.59 16  -4.71 17  -6.54 18  -5.64 19  -6.92 20  -5.68
ABUNDANCE CHANGE 21  -8.87 22  -7.02 23  -8.04 24  -6.37 25  -6.65 26  -4.54
ABUNDANCE CHANGE 27  -7.12 28  -5.79 29  -7.83 30  -7.44 31  -9.16 32  -8.63
ABUNDANCE CHANGE 33  -9.67 34  -8.63 35  -9.41 36  -8.73 37  -9.44 38  -9.07
ABUNDANCE CHANGE 39  -9.80 40  -9.44 41 -10.62 42 -10.12 43 -20.00 44 -10.20
ABUNDANCE CHANGE 45 -10.92 46 -10.35 47 -11.10 48 -10.27 49 -10.38 50 -10.04
ABUNDANCE CHANGE 51 -11.04 52  -9.80 53 -10.53 54  -9.87 55 -10.91 56  -9.91
ABUNDANCE CHANGE 57 -10.87 58 -10.46 59 -11.33 60 -10.54 61 -20.00 62 -11.03
ABUNDANCE CHANGE 63 -11.53 64 -10.92 65 -11.69 66 -10.90 67 -11.78 68 -11.11
ABUNDANCE CHANGE 69 -12.04 70 -10.96 71 -11.98 72 -11.16 73 -12.17 74 -10.93
ABUNDANCE CHANGE 75 -11.76 76 -10.59 77 -10.69 78 -10.24 79 -11.03 80 -10.91
ABUNDANCE CHANGE 81 -11.14 82 -10.09 83 -11.33 84 -20.00 85 -20.00 86 -20.00
ABUNDANCE CHANGE 87 -20.00 88 -20.00 89 -20.00 90 -11.95 91 -20.00 92 -12.54
ABUNDANCE CHANGE 93 -20.00 94 -20.00 95 -20.00 96 -20.00 97 -20.00 98 -20.00
ABUNDANCE CHANGE 99 -20.00
READ DECK6 72 RHOX,T,P,XNE,ABROSS,ACCRAD,VTURB, FLXCNV,VCONV,VELSND
2.40994707E-05   5058.7 7.618E-02 1.555E+09 5.533E-03 1.235E+00 2.000E+05 0.000E+00 0.000E+00 3.942E+06
3.22519171E-05   5090.1 1.019E-01 1.986E+09 5.378E-03 1.209E+00 2.000E+05 0.000E+00 0.000E+00 3.491E+06
4.34888601E-05   5119.6 1.375E-01 2.527E+09 5.179E-03 1.174E+00 2.000E+05 0.000E+00 0.000E+00 3.092E+06
5.89211141E-05   5154.8 1.863E-01 3.276E+09 5.071E-03 1.135E+00 2.000E+05 0.000E+00 0.000E+00 2.728E+06
7.98601890E-05   5192.8 2.524E-01 4.275E+09 5.012E-03 1.093E+00 2.000E+05 0.000E+00 0.000E+00 2.407E+06
1.07987541E-04   5232.8 3.414E-01 5.596E+09 4.995E-03 1.051E+00 2.000E+05 0.000E+00 0.000E+00 2.129E+06
1.45474283E-04   5274.2 4.599E-01 7.328E+09 5.015E-03 1.009E+00 2.000E+05 0.000E+00 0.000E+00 1.891E+06
1.95091895E-04   5316.4 6.167E-01 9.578E+09 5.069E-03 9.686E-01 2.000E+05 0.000E+00 0.000E+00 1.688E+06
2.60342485E-04   5359.1 8.230E-01 1.248E+10 5.155E-03 9.286E-01 2.000E+05 0.000E+00 0.000E+00 1.516E+06
3.45627141E-04   5402.0 1.093E+00 1.620E+10 5.275E-03 8.897E-01 2.000E+05 0.000E+00 0.000E+00 1.372E+06
4.56495494E-04   5444.3 1.443E+00 2.090E+10 5.423E-03 8.528E-01 2.000E+05 0.000E+00 0.000E+00 1.252E+06
6.00017110E-04   5485.5 1.897E+00 2.677E+10 5.595E-03 8.189E-01 2.000E+05 0.000E+00 0.000E+00 1.152E+06
7.85226889E-04   5525.0 2.482E+00 3.402E+10 5.790E-03 7.906E-01 2.000E+05 0.000E+00 0.000E+00 1.070E+06
1.02341339E-03   5563.2 3.235E+00 4.292E+10 6.017E-03 7.695E-01 2.000E+05 0.000E+00 0.000E+00 1.002E+06
1.32808326E-03   5600.5 4.199E+00 5.386E+10 6.294E-03 7.566E-01 2.000E+05 0.000E+00 0.000E+00 9.470E+05
1.71466353E-03   5637.9 5.421E+00 6.732E+10 6.645E-03 7.494E-01 2.000E+05 0.000E+00 0.000E+00 9.019E+05
2.20024929E-03   5675.9 6.956E+00 8.392E+10 7.094E-03 7.464E-01 2.000E+05 0.000E+00 0.000E+00 8.654E+05
2.80306572E-03   5715.0 8.862E+00 1.044E+11 7.664E-03 7.465E-01 2.000E+05 0.000E+00 0.000E+00 8.362E+05
3.54253388E-03   5755.3 1.120E+01 1.295E+11 8.378E-03 7.494E-01 2.000E+05 0.000E+00 0.000E+00 8.129E+05
4.43964843E-03   5796.7 1.404E+01 1.602E+11 9.255E-03 7.561E-01 2.000E+05 0.000E+00 0.000E+00 7.945E+05
5.51732924E-03   5839.1 1.744E+01 1.975E+11 1.032E-02 7.649E-01 2.000E+05 0.000E+00 0.000E+00 7.801E+05
6.80112832E-03   5882.3 2.150E+01 2.425E+11 1.159E-02 7.756E-01 2.000E+05 0.000E+00 0.000E+00 7.689E+05
8.31964246E-03   5926.4 2.630E+01 2.969E+11 1.311E-02 7.882E-01 2.000E+05 0.000E+00 0.000E+00 7.604E+05
1.01053776E-02   5971.2 3.195E+01 3.622E+11 1.490E-02 8.027E-01 2.000E+05 0.000E+00 0.000E+00 7.538E+05
1.21955151E-02   6016.6 3.856E+01 4.404E+11 1.701E-02 8.204E-01 2.000E+05 0.000E+00 0.000E+00 7.489E+05
1.46335720E-02   6062.3 4.626E+01 5.334E+11 1.947E-02 8.397E-01 2.000E+05 0.000E+00 0.000E+00 7.454E+05
1.74712759E-02   6108.0 5.523E+01 6.435E+11 2.232E-02 8.605E-01 2.000E+05 0.000E+00 0.000E+00 7.429E+05
2.07714234E-02   6153.4 6.567E+01 7.729E+11 2.560E-02 8.831E-01 2.000E+05 0.000E+00 0.000E+00 7.413E+05
2.46115322E-02   6197.7 7.781E+01 9.235E+11 2.931E-02 9.093E-01 2.000E+05 0.000E+00 0.000E+00 7.404E+05
2.90883027E-02   6240.6 9.196E+01 1.098E+12 3.349E-02 9.391E-01 2.000E+05 0.000E+00 0.000E+00 7.400E+05
3.43190603E-02   6282.2 1.085E+02 1.298E+12 3.819E-02 9.752E-01 2.000E+05 0.000E+00 0.000E+00 7.402E+05
4.04425201E-02   6322.8 1.279E+02 1.530E+12 4.346E-02 1.018E+00 2.000E+05 0.000E+00 0.000E+00 7.408E+05
4.76224463E-02   6362.5 1.506E+02 1.797E+12 4.940E-02 1.068E+00 2.000E+05 0.000E+00 0.000E+00 7.396E+05
5.60488389E-02   6401.7 1.772E+02 2.107E+12 5.612E-02 1.125E+00 2.000E+05 0.000E+00 0.000E+00 7.428E+05
6.59405692E-02   6440.7 2.085E+02 2.466E+12 6.375E-02 1.190E+00 2.000E+05 0.000E+00 0.000E+00 7.442E+05
7.75522718E-02   6479.7 2.452E+02 2.883E+12 7.243E-02 1.265E+00 2.000E+05 0.000E+00 0.000E+00 7.458E+05
9.11776025E-02   6518.9 2.882E+02 3.369E+12 8.234E-02 1.351E+00 2.000E+05 0.000E+00 0.000E+00 7.476E+05
1.07155610E-01   6558.5 3.387E+02 3.935E+12 9.367E-02 1.450E+00 2.000E+05 0.000E+00 0.000E+00 7.496E+05
1.25869635E-01   6599.0 3.979E+02 4.599E+12 1.067E-01 1.566E+00 2.000E+05 0.000E+00 0.000E+00 7.516E+05
1.47749059E-01   6640.4 4.670E+02 5.377E+12 1.219E-01 1.703E+00 2.000E+05 0.000E+00 0.000E+00 7.539E+05
1.73262018E-01   6683.8 5.477E+02 6.300E+12 1.396E-01 1.866E+00 2.000E+05 0.000E+00 0.000E+00 7.561E+05
2.02907427E-01   6729.8 6.414E+02 7.402E+12 1.605E-01 2.062E+00 2.000E+05 0.000E+00 0.000E+00 7.585E+05
2.37178839E-01   6779.7 7.497E+02 8.737E+12 1.858E-01 2.304E+00 2.000E+05 0.000E+00 0.000E+00 7.610E+05
2.76510121E-01   6834.9 8.739E+02 1.038E+13 2.168E-01 2.606E+00 2.000E+05 0.000E+00 0.000E+00 7.635E+05
3.21214217E-01   6897.3 1.015E+03 1.244E+13 2.558E-01 2.994E+00 2.000E+05 0.000E+00 0.000E+00 7.662E+05
3.71355169E-01   6969.8 1.174E+03 1.509E+13 3.066E-01 3.507E+00 2.000E+05 0.000E+00 0.000E+00 7.689E+05
4.26675243E-01   7054.2 1.348E+03 1.856E+13 3.739E-01 4.194E+00 2.000E+05 0.000E+00 0.000E+00 7.718E+05
4.86478133E-01   7154.0 1.537E+03 2.320E+13 4.667E-01 5.149E+00 2.000E+05 0.000E+00 0.000E+00 7.750E+05
5.49539524E-01   7272.0 1.736E+03 2.954E+13 5.982E-01 6.506E+00 2.000E+05 0.000E+00 0.000E+00 7.787E+05
6.14154965E-01   7412.1 1.940E+03 3.837E+13 7.910E-01 8.502E+00 2.000E+05 7.094E-13 1.316E+02 7.832E+05
6.78178499E-01   7578.3 2.142E+03 5.093E+13 1.084E+00 1.153E+01 2.000E+05 1.313E-11 3.311E+02 7.890E+05
7.39132691E-01   7775.8 2.334E+03 6.917E+13 1.553E+00 1.629E+01 2.000E+05 1.434E-10 6.992E+02 7.970E+05
7.94660509E-01   8008.2 2.508E+03 9.582E+13 2.324E+00 2.399E+01 2.000E+05 2.205E-09 1.661E+03 8.081E+05
8.42998709E-01   8280.6 2.660E+03 1.351E+14 3.640E+00 3.680E+01 2.000E+05 5.770E-08 4.738E+03 8.240E+05
8.83276894E-01   8596.6 2.785E+03 1.923E+14 5.935E+00 5.844E+01 2.000E+05 2.196E-06 1.548E+04 8.466E+05
9.15818442E-01   8958.2 2.886E+03 2.734E+14 9.882E+00 9.436E+01 2.000E+05 9.000E-05 5.258E+04 8.786E+05
9.41815133E-01   9369.2 2.965E+03 3.829E+14 1.642E+01 1.516E+02 2.000E+05 1.448E-03 1.333E+05 9.237E+05
9.63174849E-01   9822.9 3.028E+03 5.153E+14 2.576E+01 2.305E+02 2.000E+05 1.024E-02 2.633E+05 9.845E+05
9.82216371E-01  10330.6 3.083E+03 6.563E+14 3.653E+01 3.198E+02 2.000E+05 1.187E-02 2.906E+05 1.063E+06
1.00154844E+00  10901.6 3.137E+03 7.772E+14 4.460E+01 3.894E+02 2.000E+05 1.455E-02 3.356E+05 1.157E+06
1.02488049E+00  11553.0 3.202E+03 8.526E+14 4.482E+01 3.952E+02 2.000E+05 3.279E-03 2.256E+05 1.257E+06
1.05898409E+00  12288.9 3.297E+03 8.830E+14 3.767E+01 3.350E+02 2.000E+05 5.633E-05 6.634E+04 1.360E+06
1.11612332E+00  13102.8 3.461E+03 8.957E+14 2.858E+01 2.536E+02 2.000E+05 2.350E-07 1.219E+04 1.474E+06
1.21836818E+00  13991.0 3.763E+03 9.238E+14 2.120E+01 1.871E+02 2.000E+05 2.331E-09 2.817E+03 1.580E+06
1.39948825E+00  14956.1 4.306E+03 9.968E+14 1.628E+01 1.429E+02 2.000E+05 1.675E-10 1.138E+03 1.631E+06
1.70250831E+00  16000.7 5.225E+03 1.141E+15 1.348E+01 1.179E+02 2.000E+05 1.263E-10 9.440E+02 1.656E+06
2.17074134E+00  17137.6 6.654E+03 1.372E+15 1.205E+01 1.052E+02 2.000E+05 1.070E-10 8.332E+02 1.715E+06
2.85341467E+00  18365.8 8.744E+03 1.700E+15 1.122E+01 9.785E+01 2.000E+05 3.935E-12 2.717E+02 1.818E+06
3.81808781E+00  19699.0 1.170E+04 2.134E+15 1.072E+01 9.341E+01 2.000E+05 0.000E+00 0.000E+00 1.953E+06
5.14537478E+00  21133.9 1.578E+04 2.690E+15 1.051E+01 9.152E+01 2.000E+05 0.000E+00 0.000E+00 2.088E+06
6.93488340E+00  22687.0 2.127E+04 3.383E+15 1.047E+01 9.101E+01 2.000E+05 0.000E+00 0.000E+00 2.206E+06
9.30971958E+00  24354.5 2.857E+04 4.236E+15 1.059E+01 8.885E+01 2.000E+05 0.000E+00 0.000E+00 2.307E+06
PRADK 6.1996E+00
BEGIN                    ITERATION  15 COMPLETED
