TEFF   3750.  GRAVITY 3.50000 LTE
TITLE  [-0.5] N(He)/Ntot=0.0784 VTURB=2.0  L/H=1.25 NOVER
OPACITY IFOP 1 1 1 1 1 1 1 1 1 1 1 1 1 0 1 0 0 0 0 0
CONVECTION ON   1.25 TURBULENCE OFF  0.00  0.00  0.00  0.00
ABUNDANCE SCALE   0.31622 ABUNDANCE CHANGE 1 0.92120 2 0.07841
ABUNDANCE CHANGE  3 -10.94  4 -10.64  5  -9.49  6  -3.52  7  -4.12  8  -3.21
ABUNDANCE CHANGE  9  -7.48 10  -3.96 11  -5.71 12  -4.46 13  -5.57 14  -4.49
ABUNDANCE CHANGE 15  -6.59 16  -4.71 17  -6.54 18  -5.64 19  -6.92 20  -5.68
ABUNDANCE CHANGE 21  -8.87 22  -7.02 23  -8.04 24  -6.37 25  -6.65 26  -4.54
ABUNDANCE CHANGE 27  -7.12 28  -5.79 29  -7.83 30  -7.44 31  -9.16 32  -8.63
ABUNDANCE CHANGE 33  -9.67 34  -8.63 35  -9.41 36  -8.73 37  -9.44 38  -9.07
ABUNDANCE CHANGE 39  -9.80 40  -9.44 41 -10.62 42 -10.12 43 -20.00 44 -10.20
ABUNDANCE CHANGE 45 -10.92 46 -10.35 47 -11.10 48 -10.27 49 -10.38 50 -10.04
ABUNDANCE CHANGE 51 -11.04 52  -9.80 53 -10.53 54  -9.87 55 -10.91 56  -9.91
ABUNDANCE CHANGE 57 -10.87 58 -10.46 59 -11.33 60 -10.54 61 -20.00 62 -11.03
ABUNDANCE CHANGE 63 -11.53 64 -10.92 65 -11.69 66 -10.90 67 -11.78 68 -11.11
ABUNDANCE CHANGE 69 -12.04 70 -10.96 71 -11.98 72 -11.16 73 -12.17 74 -10.93
ABUNDANCE CHANGE 75 -11.76 76 -10.59 77 -10.69 78 -10.24 79 -11.03 80 -10.91
ABUNDANCE CHANGE 81 -11.14 82 -10.09 83 -11.33 84 -20.00 85 -20.00 86 -20.00
ABUNDANCE CHANGE 87 -20.00 88 -20.00 89 -20.00 90 -11.95 91 -20.00 92 -12.54
ABUNDANCE CHANGE 93 -20.00 94 -20.00 95 -20.00 96 -20.00 97 -20.00 98 -20.00
ABUNDANCE CHANGE 99 -20.00
READ DECK6 72 RHOX,T,P,XNE,ABROSS,ACCRAD,VTURB, FLXCNV,VCONV,VELSND
9.65373518E-04   2367.6 3.053E+00 1.628E+07 1.381E-04 4.123E-03 2.000E+05 0.000E+00 0.000E+00 4.417E+05
1.26437724E-03   2385.1 3.998E+00 2.108E+07 1.594E-04 4.176E-03 2.000E+05 0.000E+00 0.000E+00 4.392E+05
1.61269019E-03   2401.7 5.100E+00 2.666E+07 1.812E-04 4.207E-03 2.000E+05 0.000E+00 0.000E+00 4.378E+05
2.01880002E-03   2415.5 6.384E+00 3.302E+07 2.083E-04 4.228E-03 2.000E+05 0.000E+00 0.000E+00 4.365E+05
2.49463305E-03   2429.9 7.889E+00 4.047E+07 2.340E-04 4.239E-03 2.000E+05 0.000E+00 0.000E+00 4.358E+05
3.06603925E-03   2445.2 9.696E+00 4.945E+07 2.582E-04 4.232E-03 2.000E+05 0.000E+00 0.000E+00 4.357E+05
3.75119419E-03   2458.6 1.186E+01 5.997E+07 2.892E-04 4.231E-03 2.000E+05 0.000E+00 0.000E+00 4.353E+05
4.56936784E-03   2472.5 1.445E+01 7.252E+07 3.212E-04 4.224E-03 2.000E+05 0.000E+00 0.000E+00 4.352E+05
5.55794405E-03   2488.0 1.758E+01 8.780E+07 3.523E-04 4.201E-03 2.000E+05 0.000E+00 0.000E+00 4.356E+05
6.77067105E-03   2505.7 2.141E+01 1.068E+08 3.812E-04 4.151E-03 2.000E+05 0.000E+00 0.000E+00 4.365E+05
8.25585081E-03   2522.3 2.611E+01 1.298E+08 4.175E-04 4.096E-03 2.000E+05 0.000E+00 0.000E+00 4.372E+05
1.00652885E-02   2538.9 3.183E+01 1.576E+08 4.567E-04 4.026E-03 2.000E+05 0.000E+00 0.000E+00 4.378E+05
1.22519852E-02   2553.0 3.874E+01 1.903E+08 5.080E-04 3.983E-03 2.000E+05 0.000E+00 0.000E+00 4.379E+05
1.48832185E-02   2568.3 4.706E+01 2.298E+08 5.597E-04 3.931E-03 2.000E+05 0.000E+00 0.000E+00 4.383E+05
1.80787350E-02   2585.0 5.717E+01 2.780E+08 6.127E-04 3.869E-03 2.000E+05 0.000E+00 0.000E+00 4.391E+05
2.19821088E-02   2603.4 6.951E+01 3.375E+08 6.670E-04 3.794E-03 2.000E+05 0.000E+00 0.000E+00 4.401E+05
2.67908413E-02   2624.1 8.472E+01 4.119E+08 7.202E-04 3.691E-03 2.000E+05 0.000E+00 0.000E+00 4.416E+05
3.26781281E-02   2642.4 1.033E+02 5.010E+08 7.921E-04 3.617E-03 2.000E+05 0.000E+00 0.000E+00 4.426E+05
3.97295983E-02   2656.3 1.256E+02 6.033E+08 8.901E-04 3.617E-03 2.000E+05 0.000E+00 0.000E+00 4.425E+05
4.81065892E-02   2670.5 1.521E+02 7.244E+08 9.970E-04 3.637E-03 2.000E+05 0.000E+00 0.000E+00 4.426E+05
5.80794024E-02   2685.1 1.837E+02 8.679E+08 1.117E-03 3.678E-03 2.000E+05 0.000E+00 0.000E+00 4.428E+05
6.99503271E-02   2700.0 2.212E+02 1.038E+09 1.251E-03 3.739E-03 2.000E+05 0.000E+00 0.000E+00 4.430E+05
8.40755994E-02   2715.4 2.659E+02 1.240E+09 1.402E-03 3.819E-03 2.000E+05 0.000E+00 0.000E+00 4.434E+05
1.00955346E-01   2732.2 3.192E+02 1.483E+09 1.561E-03 3.878E-03 2.000E+05 0.000E+00 0.000E+00 4.440E+05
1.20875540E-01   2741.7 3.822E+02 1.751E+09 1.787E-03 4.106E-03 2.000E+05 0.000E+00 0.000E+00 4.431E+05
1.44128979E-01   2752.2 4.558E+02 2.062E+09 2.038E-03 4.367E-03 2.000E+05 0.000E+00 0.000E+00 4.424E+05
1.71124498E-01   2759.4 5.411E+02 2.408E+09 2.356E-03 4.772E-03 2.000E+05 0.000E+00 0.000E+00 4.410E+05
2.02275399E-01   2765.9 6.396E+02 2.799E+09 2.721E-03 5.263E-03 2.000E+05 0.000E+00 0.000E+00 4.395E+05
2.38313575E-01   2772.6 7.536E+02 3.246E+09 3.130E-03 5.818E-03 2.000E+05 0.000E+00 0.000E+00 4.380E+05
2.80237031E-01   2780.3 8.861E+02 3.765E+09 3.573E-03 6.402E-03 2.000E+05 0.000E+00 0.000E+00 4.367E+05
3.29686438E-01   2789.9 1.042E+03 4.379E+09 3.999E-03 6.880E-03 2.000E+05 0.000E+00 0.000E+00 4.357E+05
3.89123930E-01   2798.3 1.230E+03 5.100E+09 4.402E-03 7.266E-03 2.000E+05 0.000E+00 0.000E+00 4.344E+05
4.61618092E-01   2810.9 1.460E+03 6.000E+09 4.790E-03 7.521E-03 2.000E+05 0.000E+00 0.000E+00 4.338E+05
5.50518788E-01   2826.5 1.741E+03 7.118E+09 5.210E-03 7.740E-03 2.000E+05 0.000E+00 0.000E+00 4.338E+05
6.59361343E-01   2845.2 2.085E+03 8.509E+09 5.682E-03 7.952E-03 2.000E+05 0.000E+00 0.000E+00 4.343E+05
7.92338620E-01   2868.2 2.505E+03 1.026E+10 6.207E-03 8.128E-03 2.000E+05 0.000E+00 0.000E+00 4.357E+05
9.54348231E-01   2892.2 3.018E+03 1.240E+10 6.799E-03 8.331E-03 2.000E+05 0.000E+00 0.000E+00 4.372E+05
1.15725537E+00   2919.1 3.659E+03 1.513E+10 7.065E-03 7.869E-03 2.000E+05 0.000E+00 0.000E+00 4.391E+05
1.41631244E+00   2948.7 4.478E+03 1.865E+10 7.420E-03 7.467E-03 2.000E+05 0.000E+00 0.000E+00 4.414E+05
1.74149979E+00   2980.5 5.507E+03 2.315E+10 7.974E-03 7.283E-03 2.000E+05 0.000E+00 0.000E+00 4.439E+05
2.14106885E+00   3015.2 6.770E+03 2.883E+10 8.721E-03 7.262E-03 2.000E+05 0.000E+00 0.000E+00 4.470E+05
2.63054084E+00   3050.8 8.318E+03 3.591E+10 9.432E-03 7.141E-03 2.000E+05 0.000E+00 0.000E+00 4.502E+05
3.23448615E+00   3090.7 1.023E+04 4.499E+10 1.018E-02 6.963E-03 2.000E+05 0.000E+00 0.000E+00 4.542E+05
3.98601824E+00   3132.1 1.260E+04 5.658E+10 1.087E-02 6.669E-03 2.000E+05 0.000E+00 0.000E+00 4.583E+05
4.91626101E+00   3174.4 1.555E+04 7.128E+10 1.181E-02 6.626E-03 2.000E+05 0.000E+00 0.000E+00 4.624E+05
6.05820610E+00   3218.7 1.916E+04 9.000E+10 1.282E-02 6.640E-03 2.000E+05 0.000E+00 0.000E+00 4.668E+05
7.45019622E+00   3264.7 2.356E+04 1.138E+11 1.413E-02 6.884E-03 2.000E+05 0.000E+00 0.000E+00 4.714E+05
9.13800230E+00   3324.9 2.890E+04 1.466E+11 1.546E-02 7.114E-03 2.000E+05 0.000E+00 0.000E+00 4.788E+05
1.12127273E+01   3386.5 3.546E+04 1.899E+11 1.668E-02 7.441E-03 2.000E+05 0.000E+00 0.000E+00 4.862E+05
1.37664078E+01   3457.5 4.353E+04 2.506E+11 1.814E-02 8.105E-03 2.000E+05 1.357E-03 1.323E+04 4.951E+05
1.71983440E+01   3545.6 5.438E+04 3.467E+11 1.642E-02 8.146E-03 2.000E+05 9.391E-03 2.422E+04 5.065E+05
2.17857592E+01   3657.8 6.889E+04 5.094E+11 1.905E-02 9.658E-03 2.000E+05 1.837E-02 2.924E+04 5.214E+05
2.63207175E+01   3762.8 8.323E+04 7.157E+11 2.789E-02 1.296E-02 2.000E+05 5.573E-02 4.179E+04 5.357E+05
3.06235843E+01   3885.5 9.684E+04 1.014E+12 3.773E-02 1.639E-02 2.000E+05 7.162E-02 4.565E+04 5.537E+05
3.49572753E+01   4005.3 1.105E+05 1.398E+12 4.925E-02 1.993E-02 2.000E+05 1.033E-01 5.237E+04 5.715E+05
3.92922479E+01   4152.5 1.243E+05 1.977E+12 6.695E-02 2.485E-02 2.000E+05 1.245E-01 5.744E+04 5.946E+05
4.36040239E+01   4302.0 1.379E+05 2.705E+12 8.854E-02 3.035E-02 2.000E+05 1.442E-01 6.210E+04 6.186E+05
4.79527393E+01   4476.1 1.516E+05 3.677E+12 1.160E-01 3.745E-02 2.000E+05 1.647E-01 6.715E+04 6.465E+05
5.25149546E+01   4665.7 1.661E+05 4.855E+12 1.437E-01 4.422E-02 2.000E+05 1.780E-01 7.059E+04 6.751E+05
5.75449558E+01   4883.6 1.820E+05 6.344E+12 1.707E-01 5.023E-02 2.000E+05 1.964E-01 7.420E+04 7.049E+05
6.31756521E+01   5123.1 1.998E+05 8.429E+12 2.051E-01 5.701E-02 2.000E+05 2.317E-01 7.884E+04 7.331E+05
6.92441877E+01   5379.3 2.190E+05 1.218E+13 2.636E-01 6.563E-02 2.000E+05 3.083E-01 8.663E+04 7.588E+05
7.52510228E+01   5631.4 2.380E+05 1.923E+13 3.706E-01 7.700E-02 2.000E+05 4.309E-01 9.664E+04 7.804E+05
8.08417871E+01   5869.3 2.556E+05 3.111E+13 5.359E-01 8.727E-02 2.000E+05 5.628E-01 1.053E+05 7.984E+05
8.60371784E+01   6086.1 2.721E+05 4.881E+13 7.607E-01 9.454E-02 2.000E+05 6.674E-01 1.104E+05 8.132E+05
9.09787765E+01   6287.8 2.877E+05 7.378E+13 1.053E+00 1.012E-01 2.000E+05 7.454E-01 1.138E+05 8.256E+05
9.58004350E+01   6477.6 3.029E+05 1.077E+14 1.421E+00 1.058E-01 2.000E+05 7.997E-01 1.147E+05 8.362E+05
1.00621934E+02   6658.0 3.182E+05 1.523E+14 1.876E+00 1.099E-01 2.000E+05 8.456E-01 1.165E+05 8.454E+05
1.05514216E+02   6836.1 3.337E+05 2.117E+14 2.453E+00 1.132E-01 2.000E+05 8.750E-01 1.154E+05 8.536E+05
1.10559749E+02   7005.4 3.496E+05 2.863E+14 3.142E+00 1.158E-01 2.000E+05 9.029E-01 1.162E+05 8.605E+05
1.15806037E+02   7180.1 3.662E+05 3.858E+14 4.029E+00 1.182E-01 2.000E+05 9.211E-01 1.146E+05 8.669E+05
1.21304891E+02   7344.0 3.836E+05 5.058E+14 5.068E+00 1.279E-01 2.000E+05 9.325E-01 1.136E+05 8.722E+05
PRADK 2.6331E-01
BEGIN                    ITERATION  15 COMPLETED
