TEFF   5250.  GRAVITY 3.50000 LTE
TITLE  [-0.5] N(He)/Ntot=0.0784 VTURB=2.0  L/H=1.25 NOVER
OPACITY IFOP 1 1 1 1 1 1 1 1 1 1 1 1 1 0 1 0 0 0 0 0
CONVECTION ON   1.25 TURBULENCE OFF  0.00  0.00  0.00  0.00
ABUNDANCE SCALE   0.31622 ABUNDANCE CHANGE 1 0.92120 2 0.07841
ABUNDANCE CHANGE  3 -10.94  4 -10.64  5  -9.49  6  -3.52  7  -4.12  8  -3.21
ABUNDANCE CHANGE  9  -7.48 10  -3.96 11  -5.71 12  -4.46 13  -5.57 14  -4.49
ABUNDANCE CHANGE 15  -6.59 16  -4.71 17  -6.54 18  -5.64 19  -6.92 20  -5.68
ABUNDANCE CHANGE 21  -8.87 22  -7.02 23  -8.04 24  -6.37 25  -6.65 26  -4.54
ABUNDANCE CHANGE 27  -7.12 28  -5.79 29  -7.83 30  -7.44 31  -9.16 32  -8.63
ABUNDANCE CHANGE 33  -9.67 34  -8.63 35  -9.41 36  -8.73 37  -9.44 38  -9.07
ABUNDANCE CHANGE 39  -9.80 40  -9.44 41 -10.62 42 -10.12 43 -20.00 44 -10.20
ABUNDANCE CHANGE 45 -10.92 46 -10.35 47 -11.10 48 -10.27 49 -10.38 50 -10.04
ABUNDANCE CHANGE 51 -11.04 52  -9.80 53 -10.53 54  -9.87 55 -10.91 56  -9.91
ABUNDANCE CHANGE 57 -10.87 58 -10.46 59 -11.33 60 -10.54 61 -20.00 62 -11.03
ABUNDANCE CHANGE 63 -11.53 64 -10.92 65 -11.69 66 -10.90 67 -11.78 68 -11.11
ABUNDANCE CHANGE 69 -12.04 70 -10.96 71 -11.98 72 -11.16 73 -12.17 74 -10.93
ABUNDANCE CHANGE 75 -11.76 76 -10.59 77 -10.69 78 -10.24 79 -11.03 80 -10.91
ABUNDANCE CHANGE 81 -11.14 82 -10.09 83 -11.33 84 -20.00 85 -20.00 86 -20.00
ABUNDANCE CHANGE 87 -20.00 88 -20.00 89 -20.00 90 -11.95 91 -20.00 92 -12.54
ABUNDANCE CHANGE 93 -20.00 94 -20.00 95 -20.00 96 -20.00 97 -20.00 98 -20.00
ABUNDANCE CHANGE 99 -20.00
READ DECK6 72 RHOX,T,P,XNE,ABROSS,ACCRAD,VTURB, FLXCNV,VCONV,VELSND
2.10037668E-03   3327.3 6.642E+00 3.509E+08 6.349E-05 1.122E-02 2.000E+05 0.000E+00 0.000E+00 6.743E+05
2.76536480E-03   3348.3 8.745E+00 4.527E+08 7.027E-05 1.171E-02 2.000E+05 0.000E+00 0.000E+00 6.603E+05
3.56437175E-03   3370.6 1.127E+01 5.745E+08 7.818E-05 1.186E-02 2.000E+05 0.000E+00 0.000E+00 6.508E+05
4.52006444E-03   3394.2 1.429E+01 7.200E+08 8.733E-05 1.181E-02 2.000E+05 0.000E+00 0.000E+00 6.443E+05
5.65802012E-03   3418.0 1.789E+01 8.925E+08 9.800E-05 1.178E-02 2.000E+05 0.000E+00 0.000E+00 6.399E+05
7.00758471E-03   3441.6 2.216E+01 1.096E+09 1.104E-04 1.181E-02 2.000E+05 0.000E+00 0.000E+00 6.368E+05
8.60221563E-03   3464.8 2.720E+01 1.334E+09 1.247E-04 1.189E-02 2.000E+05 0.000E+00 0.000E+00 6.349E+05
1.05229965E-02   3486.2 3.328E+01 1.616E+09 1.355E-04 1.063E-02 2.000E+05 0.000E+00 0.000E+00 6.335E+05
1.28790383E-02   3507.2 4.073E+01 1.957E+09 1.477E-04 9.377E-03 2.000E+05 0.000E+00 0.000E+00 6.326E+05
1.57455579E-02   3528.0 4.979E+01 2.366E+09 1.627E-04 8.399E-03 2.000E+05 0.000E+00 0.000E+00 6.321E+05
1.92003215E-02   3548.9 6.072E+01 2.853E+09 1.807E-04 7.607E-03 2.000E+05 0.000E+00 0.000E+00 6.320E+05
2.33327634E-02   3570.1 7.378E+01 3.431E+09 2.021E-04 6.950E-03 2.000E+05 0.000E+00 0.000E+00 6.323E+05
2.82455233E-02   3592.0 8.932E+01 4.115E+09 2.273E-04 6.405E-03 2.000E+05 0.000E+00 0.000E+00 6.329E+05
3.40589220E-02   3615.3 1.077E+02 4.926E+09 2.566E-04 5.895E-03 2.000E+05 0.000E+00 0.000E+00 6.338E+05
4.08760964E-02   3640.4 1.293E+02 5.883E+09 2.943E-04 5.726E-03 2.000E+05 0.000E+00 0.000E+00 6.351E+05
4.87134663E-02   3664.5 1.540E+02 6.975E+09 3.443E-04 6.256E-03 2.000E+05 0.000E+00 0.000E+00 6.364E+05
5.76452519E-02   3689.1 1.823E+02 8.224E+09 4.029E-04 6.943E-03 2.000E+05 0.000E+00 0.000E+00 6.379E+05
6.78151848E-02   3714.8 2.145E+02 9.656E+09 4.723E-04 7.834E-03 2.000E+05 0.000E+00 0.000E+00 6.395E+05
7.93624177E-02   3741.9 2.510E+02 1.130E+10 5.558E-04 9.010E-03 2.000E+05 0.000E+00 0.000E+00 6.414E+05
9.24125519E-02   3771.1 2.922E+02 1.319E+10 6.576E-04 1.059E-02 2.000E+05 0.000E+00 0.000E+00 6.435E+05
1.07077976E-01   3802.1 3.386E+02 1.536E+10 7.808E-04 1.272E-02 2.000E+05 0.000E+00 0.000E+00 6.459E+05
1.23963658E-01   3838.5 3.920E+02 1.793E+10 8.844E-04 1.221E-02 2.000E+05 0.000E+00 0.000E+00 6.488E+05
1.43830051E-01   3871.7 4.548E+02 2.090E+10 1.003E-03 1.185E-02 2.000E+05 0.000E+00 0.000E+00 6.514E+05
1.67151971E-01   3903.5 5.286E+02 2.435E+10 1.141E-03 1.168E-02 2.000E+05 0.000E+00 0.000E+00 6.539E+05
1.94473706E-01   3934.2 6.150E+02 2.835E+10 1.300E-03 1.163E-02 2.000E+05 0.000E+00 0.000E+00 6.562E+05
2.26424038E-01   3963.9 7.160E+02 3.300E+10 1.483E-03 1.172E-02 2.000E+05 0.000E+00 0.000E+00 6.623E+05
2.63769301E-01   3993.2 8.341E+02 3.839E+10 1.692E-03 1.184E-02 2.000E+05 0.000E+00 0.000E+00 6.607E+05
3.07476229E-01   4022.0 9.723E+02 4.466E+10 1.926E-03 1.196E-02 2.000E+05 0.000E+00 0.000E+00 6.629E+05
3.58672370E-01   4050.4 1.134E+03 5.195E+10 2.193E-03 1.210E-02 2.000E+05 0.000E+00 0.000E+00 6.651E+05
4.18608904E-01   4077.6 1.324E+03 6.040E+10 2.499E-03 1.236E-02 2.000E+05 0.000E+00 0.000E+00 6.671E+05
4.88696191E-01   4104.0 1.545E+03 7.017E+10 2.852E-03 1.274E-02 2.000E+05 0.000E+00 0.000E+00 6.690E+05
5.70567734E-01   4129.5 1.804E+03 8.147E+10 3.257E-03 1.327E-02 2.000E+05 0.000E+00 0.000E+00 6.708E+05
6.66124224E-01   4154.3 2.106E+03 9.452E+10 3.722E-03 1.394E-02 2.000E+05 0.000E+00 0.000E+00 6.725E+05
7.77640147E-01   4178.8 2.459E+03 1.096E+11 4.252E-03 1.472E-02 2.000E+05 0.000E+00 0.000E+00 6.742E+05
9.07888655E-01   4203.0 2.871E+03 1.271E+11 4.853E-03 1.559E-02 2.000E+05 0.000E+00 0.000E+00 6.758E+05
1.06007397E+00   4227.1 3.352E+03 1.473E+11 5.539E-03 1.659E-02 2.000E+05 0.000E+00 0.000E+00 6.773E+05
1.23790794E+00   4251.2 3.915E+03 1.707E+11 6.320E-03 1.774E-02 2.000E+05 0.000E+00 0.000E+00 6.788E+05
1.44565532E+00   4275.3 4.572E+03 1.978E+11 7.217E-03 1.909E-02 2.000E+05 0.000E+00 0.000E+00 6.803E+05
1.68817200E+00   4299.8 5.338E+03 2.293E+11 8.247E-03 2.068E-02 2.000E+05 0.000E+00 0.000E+00 6.818E+05
1.97108632E+00   4325.0 6.233E+03 2.658E+11 9.431E-03 2.252E-02 2.000E+05 0.000E+00 0.000E+00 6.834E+05
2.30090360E+00   4351.7 7.276E+03 3.083E+11 1.079E-02 2.464E-02 2.000E+05 0.000E+00 0.000E+00 6.850E+05
2.68494547E+00   4380.1 8.490E+03 3.578E+11 1.237E-02 2.716E-02 2.000E+05 0.000E+00 0.000E+00 6.868E+05
3.13142065E+00   4411.5 9.902E+03 4.160E+11 1.420E-02 3.012E-02 2.000E+05 0.000E+00 0.000E+00 6.889E+05
3.65010384E+00   4447.2 1.154E+04 4.848E+11 1.630E-02 3.344E-02 2.000E+05 0.000E+00 0.000E+00 6.914E+05
4.25209792E+00   4487.7 1.345E+04 5.664E+11 1.874E-02 3.727E-02 2.000E+05 0.000E+00 0.000E+00 6.944E+05
4.94938694E+00   4534.5 1.565E+04 6.642E+11 2.160E-02 4.172E-02 2.000E+05 0.000E+00 0.000E+00 6.981E+05
5.75675814E+00   4588.9 1.820E+04 7.824E+11 2.485E-02 4.642E-02 2.000E+05 0.000E+00 0.000E+00 7.025E+05
6.69641741E+00   4649.3 2.118E+04 9.260E+11 2.839E-02 5.083E-02 2.000E+05 0.000E+00 0.000E+00 7.075E+05
7.79111628E+00   4718.6 2.464E+04 1.104E+12 3.256E-02 5.608E-02 2.000E+05 0.000E+00 0.000E+00 7.134E+05
9.06000954E+00   4797.8 2.865E+04 1.331E+12 3.760E-02 6.253E-02 2.000E+05 0.000E+00 0.000E+00 7.201E+05
1.05136559E+01   4893.5 3.325E+04 1.635E+12 4.417E-02 7.149E-02 2.000E+05 0.000E+00 0.000E+00 7.282E+05
1.21483242E+01   5005.1 3.842E+04 2.063E+12 5.293E-02 8.331E-02 2.000E+05 0.000E+00 0.000E+00 7.375E+05
1.39328393E+01   5137.8 4.406E+04 2.727E+12 6.605E-02 1.016E-01 2.000E+05 0.000E+00 0.000E+00 7.483E+05
1.57975349E+01   5291.9 4.996E+04 3.827E+12 8.630E-02 1.296E-01 2.000E+05 0.000E+00 0.000E+00 7.602E+05
1.76449933E+01   5471.7 5.580E+04 5.777E+12 1.198E-01 1.767E-01 2.000E+05 0.000E+00 0.000E+00 7.734E+05
1.93623857E+01   5683.7 6.123E+04 9.442E+12 1.774E-01 2.580E-01 2.000E+05 6.081E-06 5.814E+03 7.878E+05
2.08648533E+01   5929.8 6.598E+04 1.649E+13 2.780E-01 4.005E-01 2.000E+05 5.886E-04 2.633E+04 8.029E+05
2.21091678E+01   6219.2 6.991E+04 3.064E+13 4.595E-01 6.540E-01 2.000E+05 9.734E-03 6.644E+04 8.181E+05
2.30842727E+01   6557.9 7.300E+04 5.970E+13 7.990E-01 1.090E+00 2.000E+05 2.988E-02 9.496E+04 8.320E+05
2.38322045E+01   6909.5 7.536E+04 1.120E+14 1.371E+00 1.633E+00 2.000E+05 1.550E-01 1.625E+05 8.417E+05
2.44388641E+01   7218.4 7.728E+04 1.859E+14 2.156E+00 1.980E+00 2.000E+05 3.645E-01 2.144E+05 8.469E+05
2.49764050E+01   7478.2 7.898E+04 2.763E+14 3.117E+00 2.046E+00 2.000E+05 5.475E-01 2.413E+05 8.497E+05
2.54879266E+01   7701.8 8.059E+04 3.810E+14 4.250E+00 1.969E+00 2.000E+05 6.787E-01 2.534E+05 8.515E+05
2.59986721E+01   7901.0 8.221E+04 5.003E+14 5.575E+00 1.867E+00 2.000E+05 7.679E-01 2.583E+05 8.532E+05
2.65249901E+01   8084.5 8.387E+04 6.361E+14 7.128E+00 1.766E+00 2.000E+05 8.277E-01 2.587E+05 8.551E+05
2.70795539E+01   8256.0 8.562E+04 7.897E+14 8.944E+00 1.680E+00 2.000E+05 8.699E-01 2.576E+05 8.573E+05
2.76721940E+01   8421.7 8.750E+04 9.659E+14 1.110E+01 1.593E+00 2.000E+05 9.000E-01 2.544E+05 8.600E+05
2.83133420E+01   8579.8 8.952E+04 1.163E+15 1.361E+01 1.516E+00 2.000E+05 9.230E-01 2.519E+05 8.631E+05
2.90112277E+01   8739.1 9.173E+04 1.395E+15 1.664E+01 1.437E+00 2.000E+05 9.396E-01 2.469E+05 8.669E+05
2.97779822E+01   8889.6 9.415E+04 1.648E+15 2.007E+01 1.363E+00 2.000E+05 9.532E-01 2.443E+05 8.711E+05
3.06218385E+01   9049.1 9.682E+04 1.956E+15 2.438E+01 1.297E+00 2.000E+05 9.628E-01 2.388E+05 8.761E+05
3.15578313E+01   9195.3 9.978E+04 2.281E+15 2.906E+01 1.301E+00 2.000E+05 9.689E-01 2.351E+05 8.812E+05
PRADK 1.0138E+00
BEGIN                    ITERATION  15 COMPLETED
