TEFF   7000.  GRAVITY 3.00000 LTE
TITLE  [-0.5] N(He)/Ntot=0.0784 VTURB=2.0  L/H=1.25 NOVER
OPACITY IFOP 1 1 1 1 1 1 1 1 1 1 1 1 1 0 1 0 0 0 0 0
CONVECTION ON   1.25 TURBULENCE OFF  0.00  0.00  0.00  0.00
ABUNDANCE SCALE   0.31622 ABUNDANCE CHANGE 1 0.92120 2 0.07841
ABUNDANCE CHANGE  3 -10.94  4 -10.64  5  -9.49  6  -3.52  7  -4.12  8  -3.21
ABUNDANCE CHANGE  9  -7.48 10  -3.96 11  -5.71 12  -4.46 13  -5.57 14  -4.49
ABUNDANCE CHANGE 15  -6.59 16  -4.71 17  -6.54 18  -5.64 19  -6.92 20  -5.68
ABUNDANCE CHANGE 21  -8.87 22  -7.02 23  -8.04 24  -6.37 25  -6.65 26  -4.54
ABUNDANCE CHANGE 27  -7.12 28  -5.79 29  -7.83 30  -7.44 31  -9.16 32  -8.63
ABUNDANCE CHANGE 33  -9.67 34  -8.63 35  -9.41 36  -8.73 37  -9.44 38  -9.07
ABUNDANCE CHANGE 39  -9.80 40  -9.44 41 -10.62 42 -10.12 43 -20.00 44 -10.20
ABUNDANCE CHANGE 45 -10.92 46 -10.35 47 -11.10 48 -10.27 49 -10.38 50 -10.04
ABUNDANCE CHANGE 51 -11.04 52  -9.80 53 -10.53 54  -9.87 55 -10.91 56  -9.91
ABUNDANCE CHANGE 57 -10.87 58 -10.46 59 -11.33 60 -10.54 61 -20.00 62 -11.03
ABUNDANCE CHANGE 63 -11.53 64 -10.92 65 -11.69 66 -10.90 67 -11.78 68 -11.11
ABUNDANCE CHANGE 69 -12.04 70 -10.96 71 -11.98 72 -11.16 73 -12.17 74 -10.93
ABUNDANCE CHANGE 75 -11.76 76 -10.59 77 -10.69 78 -10.24 79 -11.03 80 -10.91
ABUNDANCE CHANGE 81 -11.14 82 -10.09 83 -11.33 84 -20.00 85 -20.00 86 -20.00
ABUNDANCE CHANGE 87 -20.00 88 -20.00 89 -20.00 90 -11.95 91 -20.00 92 -12.54
ABUNDANCE CHANGE 93 -20.00 94 -20.00 95 -20.00 96 -20.00 97 -20.00 98 -20.00
ABUNDANCE CHANGE 99 -20.00
READ DECK6 72 RHOX,T,P,XNE,ABROSS,ACCRAD,VTURB, FLXCNV,VCONV,VELSND
2.86296164E-04   4477.2 2.863E-01 4.058E+08 4.658E-04 8.583E-02 2.000E+05 0.000E+00 0.000E+00 2.649E+06
3.83534782E-04   4494.9 3.835E-01 5.049E+08 4.490E-04 8.645E-02 2.000E+05 0.000E+00 0.000E+00 2.339E+06
5.17067683E-04   4516.7 5.170E-01 6.395E+08 4.393E-04 8.495E-02 2.000E+05 0.000E+00 0.000E+00 2.064E+06
6.98287072E-04   4539.9 6.982E-01 8.145E+08 4.336E-04 8.289E-02 2.000E+05 0.000E+00 0.000E+00 1.826E+06
9.42168876E-04   4564.2 9.421E-01 1.041E+09 4.318E-04 8.114E-02 2.000E+05 0.000E+00 0.000E+00 1.623E+06
1.26807965E-03   4588.2 1.268E+00 1.325E+09 4.317E-04 7.875E-02 2.000E+05 0.000E+00 0.000E+00 1.453E+06
1.70126998E-03   4612.2 1.701E+00 1.682E+09 4.347E-04 7.669E-02 2.000E+05 0.000E+00 0.000E+00 1.311E+06
2.27200868E-03   4636.7 2.272E+00 2.133E+09 4.423E-04 7.513E-02 2.000E+05 0.000E+00 0.000E+00 1.194E+06
3.01503071E-03   4662.3 3.015E+00 2.704E+09 4.560E-04 7.385E-02 2.000E+05 0.000E+00 0.000E+00 1.098E+06
3.96872786E-03   4689.3 3.968E+00 3.427E+09 4.772E-04 7.290E-02 2.000E+05 0.000E+00 0.000E+00 1.022E+06
5.17473653E-03   4717.8 5.174E+00 4.340E+09 5.067E-04 7.195E-02 2.000E+05 0.000E+00 0.000E+00 9.608E+05
6.67797690E-03   4747.7 6.677E+00 5.487E+09 5.457E-04 7.093E-02 2.000E+05 0.000E+00 0.000E+00 9.128E+05
8.52822277E-03   4778.5 8.527E+00 6.911E+09 5.946E-04 6.979E-02 2.000E+05 0.000E+00 0.000E+00 8.752E+05
1.07773770E-02   4810.5 1.078E+01 8.680E+09 6.563E-04 6.944E-02 2.000E+05 0.000E+00 0.000E+00 8.458E+05
1.34801159E-02   4843.3 1.348E+01 1.086E+10 7.317E-04 6.944E-02 2.000E+05 0.000E+00 0.000E+00 8.231E+05
1.66996260E-02   4876.8 1.670E+01 1.352E+10 8.220E-04 6.935E-02 2.000E+05 0.000E+00 0.000E+00 8.054E+05
2.05094970E-02   4910.6 2.051E+01 1.676E+10 9.288E-04 6.919E-02 2.000E+05 0.000E+00 0.000E+00 7.917E+05
2.49954277E-02   4944.6 2.499E+01 2.068E+10 1.054E-03 6.901E-02 2.000E+05 0.000E+00 0.000E+00 7.811E+05
3.02577290E-02   4978.6 3.026E+01 2.538E+10 1.200E-03 6.885E-02 2.000E+05 0.000E+00 0.000E+00 7.729E+05
3.64134771E-02   5012.5 3.641E+01 3.101E+10 1.370E-03 6.892E-02 2.000E+05 0.000E+00 0.000E+00 7.666E+05
4.35970995E-02   5046.3 4.359E+01 3.773E+10 1.567E-03 6.926E-02 2.000E+05 0.000E+00 0.000E+00 7.618E+05
5.19642053E-02   5080.1 5.196E+01 4.573E+10 1.795E-03 6.974E-02 2.000E+05 0.000E+00 0.000E+00 7.582E+05
6.16961160E-02   5113.9 6.169E+01 5.524E+10 2.059E-03 7.037E-02 2.000E+05 0.000E+00 0.000E+00 7.556E+05
7.30029228E-02   5147.7 7.300E+01 6.653E+10 2.365E-03 7.118E-02 2.000E+05 0.000E+00 0.000E+00 7.538E+05
8.61270276E-02   5181.6 8.612E+01 7.993E+10 2.718E-03 7.220E-02 2.000E+05 0.000E+00 0.000E+00 7.525E+05
1.01346612E-01   5215.6 1.013E+02 9.581E+10 3.127E-03 7.346E-02 2.000E+05 0.000E+00 0.000E+00 7.519E+05
1.18980632E-01   5249.8 1.190E+02 1.146E+11 3.601E-03 7.518E-02 2.000E+05 0.000E+00 0.000E+00 7.516E+05
1.39391569E-01   5284.3 1.394E+02 1.370E+11 4.150E-03 7.715E-02 2.000E+05 0.000E+00 0.000E+00 7.517E+05
1.62998885E-01   5319.1 1.630E+02 1.634E+11 4.786E-03 7.940E-02 2.000E+05 0.000E+00 0.000E+00 7.521E+05
1.90291476E-01   5354.1 1.903E+02 1.946E+11 5.520E-03 8.192E-02 2.000E+05 0.000E+00 0.000E+00 7.528E+05
2.21847162E-01   5389.1 2.218E+02 2.314E+11 6.367E-03 8.488E-02 2.000E+05 0.000E+00 0.000E+00 7.537E+05
2.58329117E-01   5424.1 2.583E+02 2.747E+11 7.343E-03 8.834E-02 2.000E+05 0.000E+00 0.000E+00 7.548E+05
3.00536884E-01   5458.9 3.005E+02 3.253E+11 8.460E-03 9.223E-02 2.000E+05 0.000E+00 0.000E+00 7.560E+05
3.49407399E-01   5493.4 3.494E+02 3.844E+11 9.739E-03 9.686E-02 2.000E+05 0.000E+00 0.000E+00 7.573E+05
4.06044840E-01   5527.6 4.060E+02 4.532E+11 1.120E-02 1.022E-01 2.000E+05 0.000E+00 0.000E+00 7.588E+05
4.71765717E-01   5561.2 4.717E+02 5.331E+11 1.286E-02 1.084E-01 2.000E+05 0.000E+00 0.000E+00 7.604E+05
5.48115233E-01   5594.7 5.481E+02 6.261E+11 1.476E-02 1.155E-01 2.000E+05 0.000E+00 0.000E+00 7.620E+05
6.36902932E-01   5627.7 6.368E+02 7.338E+11 1.692E-02 1.237E-01 2.000E+05 0.000E+00 0.000E+00 7.638E+05
7.40217662E-01   5660.9 7.401E+02 8.597E+11 1.939E-02 1.332E-01 2.000E+05 0.000E+00 0.000E+00 7.656E+05
8.60455580E-01   5694.2 8.604E+02 1.007E+12 2.221E-02 1.444E-01 2.000E+05 0.000E+00 0.000E+00 7.675E+05
1.00029129E+00   5728.4 1.000E+03 1.180E+12 2.549E-02 1.576E-01 2.000E+05 0.000E+00 0.000E+00 7.695E+05
1.16257788E+00   5764.1 1.162E+03 1.387E+12 2.933E-02 1.737E-01 2.000E+05 0.000E+00 0.000E+00 7.715E+05
1.35022655E+00   5802.2 1.350E+03 1.637E+12 3.391E-02 1.934E-01 2.000E+05 0.000E+00 0.000E+00 7.736E+05
1.56605892E+00   5844.0 1.566E+03 1.945E+12 3.944E-02 2.175E-01 2.000E+05 0.000E+00 0.000E+00 7.758E+05
1.81259897E+00   5890.7 1.812E+03 2.331E+12 4.622E-02 2.474E-01 2.000E+05 0.000E+00 0.000E+00 7.780E+05
2.09165599E+00   5944.0 2.091E+03 2.827E+12 5.475E-02 2.854E-01 2.000E+05 0.000E+00 0.000E+00 7.803E+05
2.40377974E+00   6005.9 2.403E+03 3.478E+12 6.572E-02 3.346E-01 2.000E+05 0.000E+00 0.000E+00 7.827E+05
2.74779616E+00   6078.7 2.747E+03 4.358E+12 8.017E-02 3.999E-01 2.000E+05 0.000E+00 0.000E+00 7.852E+05
3.12022273E+00   6165.0 3.119E+03 5.577E+12 9.977E-02 4.889E-01 2.000E+05 0.000E+00 0.000E+00 7.875E+05
3.51422313E+00   6268.6 3.513E+03 7.325E+12 1.275E-01 6.160E-01 2.000E+05 0.000E+00 0.000E+00 7.897E+05
3.91965084E+00   6393.1 3.918E+03 9.907E+12 1.676E-01 8.014E-01 2.000E+05 0.000E+00 0.000E+00 7.917E+05
4.32405119E+00   6542.5 4.322E+03 1.384E+13 2.280E-01 1.082E+00 2.000E+05 0.000E+00 0.000E+00 7.931E+05
4.71259475E+00   6722.3 4.710E+03 2.001E+13 3.233E-01 1.529E+00 2.000E+05 1.682E-11 2.656E+02 7.941E+05
5.06946882E+00   6938.4 5.067E+03 3.005E+13 4.811E-01 2.282E+00 2.000E+05 1.157E-09 1.039E+03 7.947E+05
5.38020416E+00   7198.3 5.376E+03 4.689E+13 7.592E-01 3.633E+00 2.000E+05 5.488E-08 3.573E+03 7.959E+05
5.63307789E+00   7512.9 5.628E+03 7.623E+13 1.291E+00 6.267E+00 2.000E+05 3.284E-06 1.320E+04 7.995E+05
5.82424594E+00   7884.1 5.818E+03 1.272E+14 2.360E+00 1.165E+01 2.000E+05 2.658E-04 5.372E+04 8.084E+05
5.95488374E+00   8348.6 5.946E+03 2.226E+14 4.845E+00 2.385E+01 2.000E+05 8.095E-03 1.576E+05 8.275E+05
6.03779093E+00   8856.5 6.026E+03 3.759E+14 1.004E+01 4.293E+01 2.000E+05 8.145E-02 3.234E+05 8.593E+05
6.09757231E+00   9243.2 6.083E+03 5.298E+14 1.654E+01 4.959E+01 2.000E+05 3.613E-01 5.412E+05 8.915E+05
6.15129059E+00   9518.0 6.134E+03 6.576E+14 2.273E+01 4.465E+01 2.000E+05 5.524E-01 6.230E+05 9.189E+05
6.20587277E+00   9743.3 6.187E+03 7.720E+14 2.878E+01 3.902E+01 2.000E+05 6.862E-01 6.725E+05 9.441E+05
6.26451016E+00   9953.3 6.243E+03 8.842E+14 3.515E+01 3.497E+01 2.000E+05 7.763E-01 7.099E+05 9.698E+05
6.32960132E+00  10155.9 6.306E+03 9.956E+14 4.159E+01 3.142E+01 2.000E+05 8.288E-01 7.281E+05 9.965E+05
6.40386318E+00  10357.5 6.378E+03 1.107E+15 4.816E+01 3.010E+01 2.000E+05 8.636E-01 7.551E+05 1.025E+06
6.48970923E+00  10581.3 6.461E+03 1.229E+15 5.536E+01 2.914E+01 2.000E+05 8.837E-01 7.697E+05 1.057E+06
6.59041428E+00  10809.0 6.559E+03 1.348E+15 6.223E+01 2.912E+01 2.000E+05 8.948E-01 7.850E+05 1.092E+06
6.71043405E+00  11086.9 6.675E+03 1.479E+15 6.930E+01 3.333E+01 2.000E+05 9.022E-01 8.374E+05 1.135E+06
6.85641069E+00  11451.4 6.816E+03 1.620E+15 7.457E+01 3.364E+01 2.000E+05 8.798E-01 7.911E+05 1.191E+06
7.04175205E+00  11808.9 6.991E+03 1.732E+15 7.570E+01 7.883E+01 2.000E+05 8.396E-01 9.720E+05 1.244E+06
7.36674634E+00  14024.4 7.282E+03 1.768E+15 3.980E+01 1.276E+02 2.000E+05 1.359E-02 2.777E+05 1.539E+06
8.29494194E+00  16946.1 8.118E+03 1.685E+15 1.414E+01 6.937E+01 2.000E+05 2.328E-04 8.080E+04 1.695E+06
PRADK 3.2131E+00
BEGIN                    ITERATION  15 COMPLETED
