TEFF   3750.  GRAVITY 2.00000 LTE
TITLE  [-0.5] N(He)/Ntot=0.0784 VTURB=2.0  L/H=1.25 NOVER
OPACITY IFOP 1 1 1 1 1 1 1 1 1 1 1 1 1 0 1 0 0 0 0 0
CONVECTION ON   1.25 TURBULENCE OFF  0.00  0.00  0.00  0.00
ABUNDANCE SCALE   0.31622 ABUNDANCE CHANGE 1 0.92120 2 0.07841
ABUNDANCE CHANGE  3 -10.94  4 -10.64  5  -9.49  6  -3.52  7  -4.12  8  -3.21
ABUNDANCE CHANGE  9  -7.48 10  -3.96 11  -5.71 12  -4.46 13  -5.57 14  -4.49
ABUNDANCE CHANGE 15  -6.59 16  -4.71 17  -6.54 18  -5.64 19  -6.92 20  -5.68
ABUNDANCE CHANGE 21  -8.87 22  -7.02 23  -8.04 24  -6.37 25  -6.65 26  -4.54
ABUNDANCE CHANGE 27  -7.12 28  -5.79 29  -7.83 30  -7.44 31  -9.16 32  -8.63
ABUNDANCE CHANGE 33  -9.67 34  -8.63 35  -9.41 36  -8.73 37  -9.44 38  -9.07
ABUNDANCE CHANGE 39  -9.80 40  -9.44 41 -10.62 42 -10.12 43 -20.00 44 -10.20
ABUNDANCE CHANGE 45 -10.92 46 -10.35 47 -11.10 48 -10.27 49 -10.38 50 -10.04
ABUNDANCE CHANGE 51 -11.04 52  -9.80 53 -10.53 54  -9.87 55 -10.91 56  -9.91
ABUNDANCE CHANGE 57 -10.87 58 -10.46 59 -11.33 60 -10.54 61 -20.00 62 -11.03
ABUNDANCE CHANGE 63 -11.53 64 -10.92 65 -11.69 66 -10.90 67 -11.78 68 -11.11
ABUNDANCE CHANGE 69 -12.04 70 -10.96 71 -11.98 72 -11.16 73 -12.17 74 -10.93
ABUNDANCE CHANGE 75 -11.76 76 -10.59 77 -10.69 78 -10.24 79 -11.03 80 -10.91
ABUNDANCE CHANGE 81 -11.14 82 -10.09 83 -11.33 84 -20.00 85 -20.00 86 -20.00
ABUNDANCE CHANGE 87 -20.00 88 -20.00 89 -20.00 90 -11.95 91 -20.00 92 -12.54
ABUNDANCE CHANGE 93 -20.00 94 -20.00 95 -20.00 96 -20.00 97 -20.00 98 -20.00
ABUNDANCE CHANGE 99 -20.00
READ DECK6 72 RHOX,T,P,XNE,ABROSS,ACCRAD,VTURB, FLXCNV,VCONV,VELSND
3.24365218E-03   2236.1 3.244E-01 1.907E+06 4.111E-05 2.931E-03 2.000E+05 0.000E+00 0.000E+00 5.495E+05
4.26787971E-03   2254.2 4.268E-01 2.491E+06 4.574E-05 2.848E-03 2.000E+05 0.000E+00 0.000E+00 5.222E+05
5.51441132E-03   2272.9 5.514E-01 3.207E+06 4.942E-05 2.763E-03 2.000E+05 0.000E+00 0.000E+00 5.034E+05
7.07289294E-03   2293.0 7.073E-01 4.112E+06 5.207E-05 2.662E-03 2.000E+05 0.000E+00 0.000E+00 4.904E+05
9.01579694E-03   2311.1 9.016E-01 5.222E+06 5.649E-05 2.542E-03 2.000E+05 0.000E+00 0.000E+00 4.794E+05
1.14079128E-02   2328.9 1.141E+00 6.585E+06 6.096E-05 2.414E-03 2.000E+05 0.000E+00 0.000E+00 4.712E+05
1.43678044E-02   2347.1 1.437E+00 8.273E+06 6.556E-05 2.282E-03 2.000E+05 0.000E+00 0.000E+00 4.653E+05
1.80747173E-02   2367.0 1.807E+00 1.041E+07 6.906E-05 2.146E-03 2.000E+05 0.000E+00 0.000E+00 4.615E+05
2.28288362E-02   2389.2 2.283E+00 1.319E+07 7.125E-05 2.006E-03 2.000E+05 0.000E+00 0.000E+00 4.594E+05
2.89366353E-02   2411.7 2.894E+00 1.676E+07 7.449E-05 1.860E-03 2.000E+05 0.000E+00 0.000E+00 4.580E+05
3.66173507E-02   2432.5 3.662E+00 2.121E+07 7.995E-05 1.722E-03 2.000E+05 0.000E+00 0.000E+00 4.566E+05
4.61523902E-02   2453.4 4.615E+00 2.673E+07 8.574E-05 1.598E-03 2.000E+05 0.000E+00 0.000E+00 4.559E+05
5.80695386E-02   2475.4 5.807E+00 3.370E+07 9.098E-05 1.486E-03 2.000E+05 0.000E+00 0.000E+00 4.560E+05
7.31344667E-02   2498.8 7.313E+00 4.262E+07 9.568E-05 1.384E-03 2.000E+05 0.000E+00 0.000E+00 4.568E+05
9.21734148E-02   2522.5 9.217E+00 5.393E+07 1.013E-04 1.286E-03 2.000E+05 0.000E+00 0.000E+00 4.578E+05
1.15785727E-01   2543.8 1.158E+01 6.776E+07 1.105E-04 1.201E-03 2.000E+05 0.000E+00 0.000E+00 4.583E+05
1.44587924E-01   2564.5 1.446E+01 8.462E+07 1.209E-04 1.132E-03 2.000E+05 0.000E+00 0.000E+00 4.589E+05
1.79756744E-01   2585.5 1.798E+01 1.053E+08 1.317E-04 1.074E-03 2.000E+05 0.000E+00 0.000E+00 4.597E+05
2.22911775E-01   2607.2 2.229E+01 1.309E+08 1.428E-04 1.022E-03 2.000E+05 0.000E+00 0.000E+00 4.608E+05
2.76193012E-01   2629.8 2.762E+01 1.628E+08 1.541E-04 9.720E-04 2.000E+05 0.000E+00 0.000E+00 4.622E+05
3.41097676E-01   2650.0 3.411E+01 2.010E+08 1.711E-04 9.340E-04 2.000E+05 0.000E+00 0.000E+00 4.631E+05
4.18574746E-01   2668.4 4.186E+01 2.461E+08 1.920E-04 9.115E-04 2.000E+05 0.000E+00 0.000E+00 4.635E+05
5.10775745E-01   2686.8 5.108E+01 2.997E+08 2.144E-04 8.948E-04 2.000E+05 0.000E+00 0.000E+00 4.641E+05
6.21108169E-01   2705.5 6.211E+01 3.641E+08 2.384E-04 8.798E-04 2.000E+05 0.000E+00 0.000E+00 4.649E+05
7.53821953E-01   2725.1 7.538E+01 4.423E+08 2.636E-04 8.635E-04 2.000E+05 0.000E+00 0.000E+00 4.659E+05
9.14653935E-01   2745.8 9.147E+01 5.381E+08 2.895E-04 8.415E-04 2.000E+05 0.000E+00 0.000E+00 4.672E+05
1.10829964E+00   2764.8 1.108E+02 6.516E+08 3.235E-04 8.326E-04 2.000E+05 0.000E+00 0.000E+00 4.680E+05
1.33738495E+00   2781.5 1.337E+02 7.828E+08 3.669E-04 8.421E-04 2.000E+05 0.000E+00 0.000E+00 4.683E+05
1.60753513E+00   2798.7 1.608E+02 9.383E+08 4.132E-04 8.519E-04 2.000E+05 0.000E+00 0.000E+00 4.689E+05
1.92822569E+00   2816.6 1.928E+02 1.123E+09 4.631E-04 8.604E-04 2.000E+05 0.000E+00 0.000E+00 4.696E+05
2.31101210E+00   2835.5 2.311E+02 1.347E+09 5.158E-04 8.645E-04 2.000E+05 0.000E+00 0.000E+00 4.705E+05
2.77093264E+00   2855.9 2.771E+02 1.619E+09 5.708E-04 8.620E-04 2.000E+05 0.000E+00 0.000E+00 4.717E+05
3.32611503E+00   2877.0 3.326E+02 1.950E+09 6.306E-04 8.568E-04 2.000E+05 0.000E+00 0.000E+00 4.730E+05
3.98807683E+00   2894.7 3.988E+02 2.331E+09 7.131E-04 8.839E-04 2.000E+05 0.000E+00 0.000E+00 4.735E+05
4.76857881E+00   2912.6 4.769E+02 2.780E+09 8.055E-04 9.187E-04 2.000E+05 0.000E+00 0.000E+00 4.741E+05
5.69443589E+00   2932.3 5.694E+02 3.322E+09 9.010E-04 9.459E-04 2.000E+05 0.000E+00 0.000E+00 4.751E+05
6.80203635E+00   2953.7 6.802E+02 3.984E+09 1.001E-03 9.661E-04 2.000E+05 0.000E+00 0.000E+00 4.765E+05
8.13554793E+00   2977.2 8.135E+02 4.799E+09 1.105E-03 9.788E-04 2.000E+05 0.000E+00 0.000E+00 4.781E+05
9.75540624E+00   3003.8 9.755E+02 5.827E+09 1.210E-03 9.789E-04 2.000E+05 0.000E+00 0.000E+00 4.803E+05
1.17113215E+01   3027.6 1.171E+03 7.039E+09 1.347E-03 1.010E-03 2.000E+05 0.000E+00 0.000E+00 4.819E+05
1.40513627E+01   3052.4 1.405E+03 8.516E+09 1.501E-03 1.055E-03 2.000E+05 0.000E+00 0.000E+00 4.836E+05
1.68651941E+01   3080.8 1.686E+03 1.038E+10 1.656E-03 1.091E-03 2.000E+05 0.000E+00 0.000E+00 4.860E+05
2.02742717E+01   3111.9 2.027E+03 1.272E+10 1.820E-03 1.127E-03 2.000E+05 0.000E+00 0.000E+00 4.888E+05
2.44129254E+01   3145.3 2.441E+03 1.569E+10 1.999E-03 1.168E-03 2.000E+05 0.000E+00 0.000E+00 4.920E+05
2.94296637E+01   3181.4 2.943E+03 1.949E+10 2.202E-03 1.231E-03 2.000E+05 0.000E+00 0.000E+00 4.956E+05
3.55101650E+01   3220.6 3.551E+03 2.437E+10 2.420E-03 1.317E-03 2.000E+05 0.000E+00 0.000E+00 4.997E+05
4.28929761E+01   3264.8 4.289E+03 3.085E+10 2.658E-03 1.426E-03 2.000E+05 0.000E+00 0.000E+00 5.046E+05
5.18455200E+01   3317.7 5.184E+03 3.986E+10 2.929E-03 1.571E-03 2.000E+05 0.000E+00 0.000E+00 5.112E+05
6.25398162E+01   3378.1 6.254E+03 5.234E+10 3.313E-03 1.806E-03 2.000E+05 0.000E+00 0.000E+00 5.192E+05
7.50697821E+01   3458.1 7.507E+03 7.180E+10 3.786E-03 2.138E-03 2.000E+05 0.000E+00 0.000E+00 5.311E+05
9.00175264E+01   3542.3 9.002E+03 9.924E+10 4.149E-03 2.401E-03 2.000E+05 0.000E+00 0.000E+00 5.439E+05
1.07036217E+02   3648.9 1.070E+04 1.429E+11 5.332E-03 2.938E-03 2.000E+05 0.000E+00 0.000E+00 5.616E+05
1.23001012E+02   3770.5 1.230E+04 2.051E+11 8.049E-03 4.158E-03 2.000E+05 1.630E-07 1.409E+03 5.832E+05
1.37679396E+02   3902.5 1.377E+04 2.876E+11 1.121E-02 5.372E-03 2.000E+05 6.939E-07 2.331E+03 6.070E+05
1.52132537E+02   4046.1 1.521E+04 3.930E+11 1.480E-02 6.587E-03 2.000E+05 1.495E-06 3.062E+03 6.313E+05
1.67035520E+02   4203.0 1.670E+04 5.205E+11 1.876E-02 7.844E-03 2.000E+05 2.829E-06 3.825E+03 6.549E+05
1.83103666E+02   4375.6 1.831E+04 6.678E+11 2.271E-02 9.007E-03 2.000E+05 5.245E-06 4.712E+03 6.774E+05
2.01021503E+02   4569.5 2.010E+04 8.384E+11 2.687E-02 1.038E-02 2.000E+05 8.408E-06 5.500E+03 6.994E+05
2.21738508E+02   4786.1 2.217E+04 1.067E+12 3.039E-02 1.128E-02 2.000E+05 1.535E-05 6.669E+03 7.208E+05
2.45030572E+02   5030.0 2.450E+04 1.515E+12 3.866E-02 1.420E-02 2.000E+05 1.528E-04 1.417E+04 7.418E+05
2.67307202E+02   5307.3 2.673E+04 2.627E+12 5.913E-02 2.143E-02 2.000E+05 4.090E-03 4.191E+04 7.628E+05
2.85285144E+02   5615.8 2.853E+04 5.302E+12 1.037E-01 3.616E-02 2.000E+05 3.466E-02 8.475E+04 7.831E+05
2.98599949E+02   5940.1 2.986E+04 1.104E+13 1.884E-01 5.839E-02 2.000E+05 1.354E-01 1.326E+05 8.011E+05
3.08629810E+02   6244.3 3.086E+04 2.109E+13 3.225E-01 7.824E-02 2.000E+05 3.461E-01 1.821E+05 8.142E+05
3.16830363E+02   6504.8 3.168E+04 3.535E+13 5.013E-01 8.637E-02 2.000E+05 5.474E-01 2.119E+05 8.223E+05
3.24192600E+02   6722.4 3.241E+04 5.306E+13 7.154E-01 8.739E-02 2.000E+05 6.766E-01 2.239E+05 8.270E+05
3.31263896E+02   6913.4 3.312E+04 7.440E+13 9.698E-01 8.627E-02 2.000E+05 7.624E-01 2.290E+05 8.297E+05
3.38351811E+02   7086.7 3.383E+04 9.974E+13 1.270E+00 8.473E-02 2.000E+05 8.237E-01 2.320E+05 8.314E+05
3.45627738E+02   7251.5 3.456E+04 1.303E+14 1.637E+00 8.222E-02 2.000E+05 8.645E-01 2.301E+05 8.325E+05
3.53255855E+02   7403.3 3.532E+04 1.652E+14 2.060E+00 8.003E-02 2.000E+05 8.975E-01 2.304E+05 8.335E+05
3.61320793E+02   7558.6 3.612E+04 2.086E+14 2.597E+00 7.748E-02 2.000E+05 9.197E-01 2.262E+05 8.345E+05
3.69960892E+02   7698.2 3.699E+04 2.558E+14 3.193E+00 7.969E-02 2.000E+05 9.333E-01 2.234E+05 8.357E+05
PRADK 2.6361E-01
BEGIN                    ITERATION  15 COMPLETED
