TEFF   5250.  GRAVITY 2.50000 LTE
TITLE  [-0.5] N(He)/Ntot=0.0784 VTURB=2.0  L/H=1.25 NOVER
OPACITY IFOP 1 1 1 1 1 1 1 1 1 1 1 1 1 0 1 0 0 0 0 0
CONVECTION ON   1.25 TURBULENCE OFF  0.00  0.00  0.00  0.00
ABUNDANCE SCALE   0.31622 ABUNDANCE CHANGE 1 0.92120 2 0.07841
ABUNDANCE CHANGE  3 -10.94  4 -10.64  5  -9.49  6  -3.52  7  -4.12  8  -3.21
ABUNDANCE CHANGE  9  -7.48 10  -3.96 11  -5.71 12  -4.46 13  -5.57 14  -4.49
ABUNDANCE CHANGE 15  -6.59 16  -4.71 17  -6.54 18  -5.64 19  -6.92 20  -5.68
ABUNDANCE CHANGE 21  -8.87 22  -7.02 23  -8.04 24  -6.37 25  -6.65 26  -4.54
ABUNDANCE CHANGE 27  -7.12 28  -5.79 29  -7.83 30  -7.44 31  -9.16 32  -8.63
ABUNDANCE CHANGE 33  -9.67 34  -8.63 35  -9.41 36  -8.73 37  -9.44 38  -9.07
ABUNDANCE CHANGE 39  -9.80 40  -9.44 41 -10.62 42 -10.12 43 -20.00 44 -10.20
ABUNDANCE CHANGE 45 -10.92 46 -10.35 47 -11.10 48 -10.27 49 -10.38 50 -10.04
ABUNDANCE CHANGE 51 -11.04 52  -9.80 53 -10.53 54  -9.87 55 -10.91 56  -9.91
ABUNDANCE CHANGE 57 -10.87 58 -10.46 59 -11.33 60 -10.54 61 -20.00 62 -11.03
ABUNDANCE CHANGE 63 -11.53 64 -10.92 65 -11.69 66 -10.90 67 -11.78 68 -11.11
ABUNDANCE CHANGE 69 -12.04 70 -10.96 71 -11.98 72 -11.16 73 -12.17 74 -10.93
ABUNDANCE CHANGE 75 -11.76 76 -10.59 77 -10.69 78 -10.24 79 -11.03 80 -10.91
ABUNDANCE CHANGE 81 -11.14 82 -10.09 83 -11.33 84 -20.00 85 -20.00 86 -20.00
ABUNDANCE CHANGE 87 -20.00 88 -20.00 89 -20.00 90 -11.95 91 -20.00 92 -12.54
ABUNDANCE CHANGE 93 -20.00 94 -20.00 95 -20.00 96 -20.00 97 -20.00 98 -20.00
ABUNDANCE CHANGE 99 -20.00
READ DECK6 72 RHOX,T,P,XNE,ABROSS,ACCRAD,VTURB, FLXCNV,VCONV,VELSND
3.33739802E-03   3192.2 1.055E+00 6.293E+07 3.996E-05 6.959E-03 2.000E+05 0.000E+00 0.000E+00 9.411E+05
4.42117546E-03   3219.1 1.398E+00 8.248E+07 4.212E-05 7.019E-03 2.000E+05 0.000E+00 0.000E+00 8.723E+05
5.78571393E-03   3247.2 1.830E+00 1.070E+08 4.481E-05 7.017E-03 2.000E+05 0.000E+00 0.000E+00 8.190E+05
7.48727243E-03   3277.2 2.368E+00 1.378E+08 4.815E-05 7.007E-03 2.000E+05 0.000E+00 0.000E+00 7.777E+05
9.58869758E-03   3308.1 3.032E+00 1.757E+08 5.220E-05 7.070E-03 2.000E+05 0.000E+00 0.000E+00 7.459E+05
1.21785750E-02   3343.9 3.851E+00 2.233E+08 5.634E-05 6.701E-03 2.000E+05 0.000E+00 0.000E+00 7.218E+05
1.53721989E-02   3377.9 4.861E+00 2.816E+08 6.108E-05 6.378E-03 2.000E+05 0.000E+00 0.000E+00 7.029E+05
1.92875081E-02   3410.0 6.099E+00 3.524E+08 6.665E-05 6.169E-03 2.000E+05 0.000E+00 0.000E+00 6.882E+05
2.40554115E-02   3440.7 7.607E+00 4.379E+08 7.320E-05 6.047E-03 2.000E+05 0.000E+00 0.000E+00 6.768E+05
2.98371097E-02   3469.9 9.435E+00 5.407E+08 8.044E-05 5.934E-03 2.000E+05 0.000E+00 0.000E+00 6.681E+05
3.70438389E-02   3499.6 1.171E+01 6.682E+08 8.416E-05 4.893E-03 2.000E+05 0.000E+00 0.000E+00 6.614E+05
4.61506840E-02   3527.7 1.459E+01 8.270E+08 8.962E-05 4.139E-03 2.000E+05 0.000E+00 0.000E+00 6.561E+05
5.74617556E-02   3554.2 1.817E+01 1.022E+09 9.690E-05 3.603E-03 2.000E+05 0.000E+00 0.000E+00 6.522E+05
7.13262988E-02   3580.1 2.255E+01 1.258E+09 1.060E-04 3.204E-03 2.000E+05 0.000E+00 0.000E+00 6.493E+05
8.81494301E-02   3606.2 2.787E+01 1.543E+09 1.170E-04 2.892E-03 2.000E+05 0.000E+00 0.000E+00 6.475E+05
1.08369466E-01   3634.0 3.427E+01 1.885E+09 1.305E-04 2.647E-03 2.000E+05 0.000E+00 0.000E+00 6.467E+05
1.32115632E-01   3660.3 4.178E+01 2.283E+09 1.505E-04 2.871E-03 2.000E+05 0.000E+00 0.000E+00 6.464E+05
1.59521607E-01   3686.9 5.044E+01 2.741E+09 1.742E-04 3.169E-03 2.000E+05 0.000E+00 0.000E+00 6.467E+05
1.91036966E-01   3715.0 6.041E+01 3.269E+09 2.025E-04 3.562E-03 2.000E+05 0.000E+00 0.000E+00 6.475E+05
2.27087678E-01   3744.9 7.181E+01 3.877E+09 2.367E-04 4.078E-03 2.000E+05 0.000E+00 0.000E+00 6.488E+05
2.68028518E-01   3776.7 8.476E+01 4.571E+09 2.785E-04 4.775E-03 2.000E+05 0.000E+00 0.000E+00 6.505E+05
3.14578393E-01   3811.2 9.948E+01 5.368E+09 3.255E-04 5.431E-03 2.000E+05 0.000E+00 0.000E+00 6.527E+05
3.68947350E-01   3850.8 1.167E+02 6.310E+09 3.643E-04 5.164E-03 2.000E+05 0.000E+00 0.000E+00 6.554E+05
4.33560178E-01   3886.2 1.371E+02 7.412E+09 4.098E-04 4.978E-03 2.000E+05 0.000E+00 0.000E+00 6.578E+05
5.09973736E-01   3920.1 1.613E+02 8.707E+09 4.630E-04 4.864E-03 2.000E+05 0.000E+00 0.000E+00 6.602E+05
5.99990941E-01   3952.4 1.897E+02 1.022E+10 5.250E-04 4.804E-03 2.000E+05 0.000E+00 0.000E+00 6.625E+05
7.05713788E-01   3983.4 2.232E+02 1.199E+10 5.967E-04 4.795E-03 2.000E+05 0.000E+00 0.000E+00 6.647E+05
8.29875395E-01   4013.7 2.624E+02 1.405E+10 6.769E-04 4.797E-03 2.000E+05 0.000E+00 0.000E+00 6.669E+05
9.75674125E-01   4042.9 3.085E+02 1.646E+10 7.695E-04 4.831E-03 2.000E+05 0.000E+00 0.000E+00 6.690E+05
1.14670972E+00   4071.3 3.626E+02 1.927E+10 8.748E-04 4.894E-03 2.000E+05 0.000E+00 0.000E+00 6.711E+05
1.34715998E+00   4098.8 4.260E+02 2.254E+10 9.962E-04 5.002E-03 2.000E+05 0.000E+00 0.000E+00 6.731E+05
1.58169440E+00   4125.4 5.002E+02 2.634E+10 1.136E-03 5.158E-03 2.000E+05 0.000E+00 0.000E+00 6.751E+05
1.85573001E+00   4151.4 5.868E+02 3.076E+10 1.297E-03 5.363E-03 2.000E+05 0.000E+00 0.000E+00 6.770E+05
2.17566043E+00   4176.7 6.880E+02 3.588E+10 1.482E-03 5.618E-03 2.000E+05 0.000E+00 0.000E+00 6.788E+05
2.54923612E+00   4201.9 8.061E+02 4.183E+10 1.692E-03 5.915E-03 2.000E+05 0.000E+00 0.000E+00 6.807E+05
2.98546048E+00   4226.9 9.441E+02 4.875E+10 1.933E-03 6.258E-03 2.000E+05 0.000E+00 0.000E+00 6.825E+05
3.49478806E+00   4252.2 1.105E+03 5.678E+10 2.208E-03 6.653E-03 2.000E+05 0.000E+00 0.000E+00 6.844E+05
4.08941416E+00   4277.8 1.293E+03 6.613E+10 2.522E-03 7.111E-03 2.000E+05 0.000E+00 0.000E+00 6.863E+05
4.78321375E+00   4303.7 1.513E+03 7.700E+10 2.884E-03 7.644E-03 2.000E+05 0.000E+00 0.000E+00 6.882E+05
5.59219879E+00   4330.4 1.768E+03 8.965E+10 3.299E-03 8.259E-03 2.000E+05 0.000E+00 0.000E+00 6.901E+05
6.53506542E+00   4358.3 2.067E+03 1.044E+11 3.776E-03 8.963E-03 2.000E+05 0.000E+00 0.000E+00 6.922E+05
7.63192854E+00   4387.6 2.413E+03 1.216E+11 4.334E-03 9.852E-03 2.000E+05 0.000E+00 0.000E+00 6.943E+05
8.90564665E+00   4420.1 2.816E+03 1.418E+11 4.978E-03 1.088E-02 2.000E+05 0.000E+00 0.000E+00 6.968E+05
1.03839769E+01   4456.3 3.284E+03 1.657E+11 5.721E-03 1.204E-02 2.000E+05 0.000E+00 0.000E+00 6.996E+05
1.20982299E+01   4497.6 3.826E+03 1.942E+11 6.584E-03 1.337E-02 2.000E+05 0.000E+00 0.000E+00 7.027E+05
1.40820922E+01   4544.9 4.453E+03 2.285E+11 7.595E-03 1.492E-02 2.000E+05 0.000E+00 0.000E+00 7.065E+05
1.63767755E+01   4599.0 5.179E+03 2.706E+11 8.750E-03 1.651E-02 2.000E+05 0.000E+00 0.000E+00 7.107E+05
1.90332241E+01   4659.2 6.019E+03 3.230E+11 1.008E-02 1.819E-02 2.000E+05 0.000E+00 0.000E+00 7.154E+05
2.20977054E+01   4727.7 6.988E+03 3.904E+11 1.171E-02 2.026E-02 2.000E+05 0.000E+00 0.000E+00 7.208E+05
2.55916811E+01   4805.8 8.092E+03 4.803E+11 1.381E-02 2.301E-02 2.000E+05 0.000E+00 0.000E+00 7.268E+05
2.94854985E+01   4900.1 9.324E+03 6.099E+11 1.678E-02 2.717E-02 2.000E+05 0.000E+00 0.000E+00 7.340E+05
3.36959570E+01   5009.6 1.066E+04 8.051E+11 2.102E-02 3.300E-02 2.000E+05 0.000E+00 0.000E+00 7.422E+05
3.80688730E+01   5140.5 1.204E+04 1.125E+12 2.771E-02 4.247E-02 2.000E+05 0.000E+00 0.000E+00 7.516E+05
4.23923154E+01   5292.8 1.340E+04 1.668E+12 3.824E-02 5.721E-02 2.000E+05 0.000E+00 0.000E+00 7.620E+05
4.64573315E+01   5471.6 1.469E+04 2.640E+12 5.575E-02 8.187E-02 2.000E+05 1.109E-09 5.246E+02 7.735E+05
5.00781658E+01   5680.8 1.583E+04 4.445E+12 8.564E-02 1.241E-01 2.000E+05 5.278E-07 4.030E+03 7.856E+05
5.31409528E+01   5925.4 1.680E+04 7.913E+12 1.384E-01 1.989E-01 2.000E+05 2.321E-05 1.404E+04 7.977E+05
5.56127147E+01   6208.6 1.758E+04 1.471E+13 2.336E-01 3.343E-01 2.000E+05 5.863E-04 4.070E+04 8.084E+05
5.75169126E+01   6538.2 1.818E+04 2.838E+13 4.144E-01 5.919E-01 2.000E+05 4.700E-03 8.008E+04 8.162E+05
5.88955782E+01   6927.4 1.862E+04 5.691E+13 7.834E-01 1.069E+00 2.000E+05 2.246E-02 1.297E+05 8.198E+05
5.98789388E+01   7312.1 1.893E+04 1.053E+14 1.427E+00 1.610E+00 2.000E+05 1.988E-01 2.589E+05 8.207E+05
6.06446856E+01   7624.8 1.917E+04 1.659E+14 2.290E+00 1.788E+00 2.000E+05 4.685E-01 3.381E+05 8.222E+05
6.13249479E+01   7860.6 1.938E+04 2.283E+14 3.251E+00 1.643E+00 2.000E+05 6.474E-01 3.633E+05 8.248E+05
6.19869305E+01   8056.1 1.959E+04 2.934E+14 4.326E+00 1.486E+00 2.000E+05 7.617E-01 3.735E+05 8.283E+05
6.26637203E+01   8228.6 1.981E+04 3.625E+14 5.546E+00 1.342E+00 2.000E+05 8.310E-01 3.742E+05 8.324E+05
6.33784596E+01   8384.3 2.003E+04 4.355E+14 6.917E+00 1.236E+00 2.000E+05 8.763E-01 3.738E+05 8.371E+05
6.41468284E+01   8534.5 2.027E+04 5.166E+14 8.532E+00 1.143E+00 2.000E+05 9.067E-01 3.699E+05 8.424E+05
6.49855973E+01   8674.4 2.054E+04 6.027E+14 1.034E+01 1.063E+00 2.000E+05 9.288E-01 3.677E+05 8.480E+05
6.59076192E+01   8817.9 2.083E+04 7.020E+14 1.254E+01 9.966E-01 2.000E+05 9.444E-01 3.627E+05 8.545E+05
6.69309136E+01   8951.7 2.115E+04 8.062E+14 1.495E+01 9.295E-01 2.000E+05 9.569E-01 3.602E+05 8.612E+05
6.80694129E+01   9096.0 2.151E+04 9.310E+14 1.800E+01 8.812E-01 2.000E+05 9.659E-01 3.555E+05 8.690E+05
6.93439065E+01   9228.5 2.191E+04 1.059E+15 2.125E+01 8.734E-01 2.000E+05 9.714E-01 3.521E+05 8.769E+05
PRADK 1.0136E+00
BEGIN                    ITERATION  15 COMPLETED
