TEFF   7500.  GRAVITY 5.00000 LTE
TITLE  [-0.5] N(He)/Ntot=0.0784 VTURB=2.0  L/H=1.25 NOVER
OPACITY IFOP 1 1 1 1 1 1 1 1 1 1 1 1 1 0 1 0 0 0 0 0
CONVECTION ON   1.25 TURBULENCE OFF  0.00  0.00  0.00  0.00
ABUNDANCE SCALE   0.31622 ABUNDANCE CHANGE 1 0.92120 2 0.07841
ABUNDANCE CHANGE  3 -10.94  4 -10.64  5  -9.49  6  -3.52  7  -4.12  8  -3.21
ABUNDANCE CHANGE  9  -7.48 10  -3.96 11  -5.71 12  -4.46 13  -5.57 14  -4.49
ABUNDANCE CHANGE 15  -6.59 16  -4.71 17  -6.54 18  -5.64 19  -6.92 20  -5.68
ABUNDANCE CHANGE 21  -8.87 22  -7.02 23  -8.04 24  -6.37 25  -6.65 26  -4.54
ABUNDANCE CHANGE 27  -7.12 28  -5.79 29  -7.83 30  -7.44 31  -9.16 32  -8.63
ABUNDANCE CHANGE 33  -9.67 34  -8.63 35  -9.41 36  -8.73 37  -9.44 38  -9.07
ABUNDANCE CHANGE 39  -9.80 40  -9.44 41 -10.62 42 -10.12 43 -20.00 44 -10.20
ABUNDANCE CHANGE 45 -10.92 46 -10.35 47 -11.10 48 -10.27 49 -10.38 50 -10.04
ABUNDANCE CHANGE 51 -11.04 52  -9.80 53 -10.53 54  -9.87 55 -10.91 56  -9.91
ABUNDANCE CHANGE 57 -10.87 58 -10.46 59 -11.33 60 -10.54 61 -20.00 62 -11.03
ABUNDANCE CHANGE 63 -11.53 64 -10.92 65 -11.69 66 -10.90 67 -11.78 68 -11.11
ABUNDANCE CHANGE 69 -12.04 70 -10.96 71 -11.98 72 -11.16 73 -12.17 74 -10.93
ABUNDANCE CHANGE 75 -11.76 76 -10.59 77 -10.69 78 -10.24 79 -11.03 80 -10.91
ABUNDANCE CHANGE 81 -11.14 82 -10.09 83 -11.33 84 -20.00 85 -20.00 86 -20.00
ABUNDANCE CHANGE 87 -20.00 88 -20.00 89 -20.00 90 -11.95 91 -20.00 92 -12.54
ABUNDANCE CHANGE 93 -20.00 94 -20.00 95 -20.00 96 -20.00 97 -20.00 98 -20.00
ABUNDANCE CHANGE 99 -20.00
READ DECK6 72 RHOX,T,P,XNE,ABROSS,ACCRAD,VTURB, FLXCNV,VCONV,VELSND
1.30536558E-04   4963.8 1.305E+01 1.573E+10 1.022E-03 4.330E-01 2.000E+05 0.000E+00 0.000E+00 8.538E+05
1.72119791E-04   4986.8 1.721E+01 1.948E+10 1.118E-03 4.351E-01 2.000E+05 0.000E+00 0.000E+00 8.264E+05
2.22583787E-04   5009.8 2.226E+01 2.388E+10 1.233E-03 4.296E-01 2.000E+05 0.000E+00 0.000E+00 8.064E+05
2.83278211E-04   5033.9 2.833E+01 2.910E+10 1.373E-03 4.225E-01 2.000E+05 0.000E+00 0.000E+00 7.917E+05
3.55722574E-04   5058.2 3.557E+01 3.522E+10 1.538E-03 4.155E-01 2.000E+05 0.000E+00 0.000E+00 7.808E+05
4.41813982E-04   5082.3 4.418E+01 4.235E+10 1.728E-03 4.093E-01 2.000E+05 0.000E+00 0.000E+00 7.727E+05
5.43887574E-04   5106.0 5.439E+01 5.058E+10 1.945E-03 4.035E-01 2.000E+05 0.000E+00 0.000E+00 7.667E+05
6.64781420E-04   5129.1 6.648E+01 6.004E+10 2.191E-03 3.986E-01 2.000E+05 0.000E+00 0.000E+00 7.624E+05
8.07882425E-04   5151.7 8.079E+01 7.092E+10 2.469E-03 3.950E-01 2.000E+05 0.000E+00 0.000E+00 7.592E+05
9.77184433E-04   5174.0 9.772E+01 8.345E+10 2.783E-03 3.929E-01 2.000E+05 0.000E+00 0.000E+00 7.570E+05
1.17732499E-03   5196.0 1.177E+02 9.787E+10 3.141E-03 3.936E-01 2.000E+05 0.000E+00 0.000E+00 7.555E+05
1.41364322E-03   5218.2 1.414E+02 1.146E+11 3.550E-03 3.956E-01 2.000E+05 0.000E+00 0.000E+00 7.546E+05
1.69235347E-03   5240.6 1.692E+02 1.339E+11 4.016E-03 3.987E-01 2.000E+05 0.000E+00 0.000E+00 7.542E+05
2.02060126E-03   5263.5 2.021E+02 1.565E+11 4.551E-03 4.026E-01 2.000E+05 0.000E+00 0.000E+00 7.542E+05
2.40647463E-03   5287.2 2.406E+02 1.828E+11 5.168E-03 4.073E-01 2.000E+05 0.000E+00 0.000E+00 7.546E+05
2.85919941E-03   5311.8 2.859E+02 2.138E+11 5.880E-03 4.125E-01 2.000E+05 0.000E+00 0.000E+00 7.553E+05
3.38927434E-03   5337.3 3.389E+02 2.502E+11 6.703E-03 4.188E-01 2.000E+05 0.000E+00 0.000E+00 7.561E+05
4.00863453E-03   5363.8 4.009E+02 2.931E+11 7.658E-03 4.267E-01 2.000E+05 0.000E+00 0.000E+00 7.572E+05
4.73088067E-03   5391.4 4.731E+02 3.436E+11 8.766E-03 4.359E-01 2.000E+05 0.000E+00 0.000E+00 7.585E+05
5.57138614E-03   5420.1 5.571E+02 4.034E+11 1.005E-02 4.459E-01 2.000E+05 0.000E+00 0.000E+00 7.599E+05
6.54798832E-03   5449.8 6.548E+02 4.739E+11 1.155E-02 4.565E-01 2.000E+05 0.000E+00 0.000E+00 7.615E+05
7.68117898E-03   5480.7 7.681E+02 5.574E+11 1.328E-02 4.679E-01 2.000E+05 0.000E+00 0.000E+00 7.631E+05
8.99449049E-03   5512.5 8.994E+02 6.559E+11 1.528E-02 4.799E-01 2.000E+05 0.000E+00 0.000E+00 7.649E+05
1.05152164E-02   5545.1 1.052E+03 7.722E+11 1.761E-02 4.936E-01 2.000E+05 0.000E+00 0.000E+00 7.668E+05
1.22746953E-02   5578.6 1.227E+03 9.093E+11 2.030E-02 5.096E-01 2.000E+05 0.000E+00 0.000E+00 7.687E+05
1.43095912E-02   5612.6 1.431E+03 1.070E+12 2.341E-02 5.268E-01 2.000E+05 0.000E+00 0.000E+00 7.707E+05
1.66633092E-02   5647.1 1.666E+03 1.260E+12 2.698E-02 5.455E-01 2.000E+05 0.000E+00 0.000E+00 7.727E+05
1.93872789E-02   5681.8 1.939E+03 1.481E+12 3.108E-02 5.659E-01 2.000E+05 0.000E+00 0.000E+00 7.748E+05
2.25428439E-02   5716.4 2.254E+03 1.739E+12 3.576E-02 5.884E-01 2.000E+05 0.000E+00 0.000E+00 7.769E+05
2.62029791E-02   5750.9 2.620E+03 2.038E+12 4.108E-02 6.134E-01 2.000E+05 0.000E+00 0.000E+00 7.790E+05
3.04546124E-02   5784.8 3.045E+03 2.384E+12 4.712E-02 6.430E-01 2.000E+05 0.000E+00 0.000E+00 7.812E+05
3.53999351E-02   5818.2 3.540E+03 2.782E+12 5.400E-02 6.786E-01 2.000E+05 0.000E+00 0.000E+00 7.833E+05
4.11588133E-02   5851.3 4.116E+03 3.242E+12 6.179E-02 7.195E-01 2.000E+05 0.000E+00 0.000E+00 7.855E+05
4.78754593E-02   5883.8 4.788E+03 3.770E+12 7.059E-02 7.656E-01 2.000E+05 0.000E+00 0.000E+00 7.877E+05
5.57212547E-02   5915.8 5.572E+03 4.379E+12 8.054E-02 8.181E-01 2.000E+05 0.000E+00 0.000E+00 7.899E+05
6.48989625E-02   5947.3 6.490E+03 5.078E+12 9.175E-02 8.777E-01 2.000E+05 0.000E+00 0.000E+00 7.921E+05
7.56459157E-02   5978.6 7.565E+03 5.884E+12 1.045E-01 9.461E-01 2.000E+05 0.000E+00 0.000E+00 7.943E+05
8.82375472E-02   6010.0 8.824E+03 6.816E+12 1.189E-01 1.024E+00 2.000E+05 0.000E+00 0.000E+00 7.966E+05
1.02988826E-01   6041.9 1.030E+04 7.903E+12 1.354E-01 1.115E+00 2.000E+05 0.000E+00 0.000E+00 7.988E+05
1.20242200E-01   6075.0 1.202E+04 9.180E+12 1.545E-01 1.224E+00 2.000E+05 0.000E+00 0.000E+00 8.011E+05
1.40380087E-01   6109.7 1.404E+04 1.069E+13 1.767E-01 1.349E+00 2.000E+05 0.000E+00 0.000E+00 8.035E+05
1.63829122E-01   6146.5 1.638E+04 1.249E+13 2.026E-01 1.497E+00 2.000E+05 0.000E+00 0.000E+00 8.060E+05
1.91049043E-01   6186.2 1.910E+04 1.467E+13 2.333E-01 1.673E+00 2.000E+05 0.000E+00 0.000E+00 8.085E+05
2.22495749E-01   6229.9 2.225E+04 1.733E+13 2.700E-01 1.887E+00 2.000E+05 0.000E+00 0.000E+00 8.112E+05
2.58597102E-01   6279.0 2.586E+04 2.065E+13 3.148E-01 2.151E+00 2.000E+05 0.000E+00 0.000E+00 8.140E+05
2.99711925E-01   6335.4 2.997E+04 2.488E+13 3.704E-01 2.481E+00 2.000E+05 0.000E+00 0.000E+00 8.171E+05
3.46007082E-01   6402.0 3.460E+04 3.046E+13 4.416E-01 2.911E+00 2.000E+05 0.000E+00 0.000E+00 8.204E+05
3.97376754E-01   6481.2 3.974E+04 3.798E+13 5.350E-01 3.475E+00 2.000E+05 0.000E+00 0.000E+00 8.241E+05
4.53432272E-01   6575.8 4.534E+04 4.840E+13 6.598E-01 4.232E+00 2.000E+05 0.000E+00 0.000E+00 8.280E+05
5.13359980E-01   6689.8 5.133E+04 6.327E+13 8.327E-01 5.283E+00 2.000E+05 0.000E+00 0.000E+00 8.322E+05
5.75870181E-01   6826.9 5.759E+04 8.509E+13 1.079E+00 6.784E+00 2.000E+05 0.000E+00 0.000E+00 8.366E+05
6.39303737E-01   6991.6 6.393E+04 1.181E+14 1.439E+00 8.990E+00 2.000E+05 0.000E+00 0.000E+00 8.409E+05
7.01653536E-01   7189.1 7.016E+04 1.693E+14 1.987E+00 1.238E+01 2.000E+05 4.405E-09 8.143E+02 8.450E+05
7.60624126E-01   7427.2 7.606E+04 2.519E+14 2.864E+00 1.786E+01 2.000E+05 2.032E-06 6.067E+03 8.486E+05
8.13825016E-01   7716.4 8.138E+04 3.904E+14 4.350E+00 2.731E+01 2.000E+05 9.721E-05 2.117E+04 8.518E+05
8.58967093E-01   8073.2 8.589E+04 6.347E+14 7.082E+00 4.481E+01 2.000E+05 3.124E-03 6.428E+04 8.555E+05
8.94255614E-01   8513.8 8.942E+04 1.081E+15 1.253E+01 7.740E+01 2.000E+05 2.805E-02 1.262E+05 8.620E+05
9.20677521E-01   8970.2 9.206E+04 1.763E+15 2.194E+01 1.182E+02 2.000E+05 1.355E-01 2.023E+05 8.731E+05
9.42213848E-01   9332.8 9.421E+04 2.507E+15 3.345E+01 1.356E+02 2.000E+05 3.508E-01 2.720E+05 8.858E+05
9.62327538E-01   9610.7 9.622E+04 3.225E+15 4.535E+01 1.288E+02 2.000E+05 5.231E-01 3.028E+05 8.980E+05
9.82696481E-01   9851.1 9.825E+04 3.961E+15 5.826E+01 1.161E+02 2.000E+05 6.604E-01 3.217E+05 9.102E+05
1.00426960E+00  10067.1 1.004E+05 4.723E+15 7.216E+01 1.028E+02 2.000E+05 7.566E-01 3.314E+05 9.225E+05
1.02777140E+00  10271.0 1.028E+05 5.538E+15 8.745E+01 9.143E+01 2.000E+05 8.224E-01 3.363E+05 9.352E+05
1.05386755E+00  10465.8 1.054E+05 6.410E+15 1.042E+02 8.274E+01 2.000E+05 8.666E-01 3.387E+05 9.483E+05
1.08320829E+00  10659.4 1.083E+05 7.370E+15 1.231E+02 7.581E+01 2.000E+05 8.969E-01 3.391E+05 9.622E+05
1.11651809E+00  10849.7 1.116E+05 8.416E+15 1.439E+02 7.034E+01 2.000E+05 9.184E-01 3.392E+05 9.768E+05
1.15457539E+00  11046.1 1.154E+05 9.599E+15 1.678E+02 6.570E+01 2.000E+05 9.346E-01 3.384E+05 9.926E+05
1.19830532E+00  11241.8 1.198E+05 1.090E+16 1.938E+02 6.189E+01 2.000E+05 9.469E-01 3.380E+05 1.009E+06
1.24890154E+00  11451.0 1.249E+05 1.241E+16 2.229E+02 5.818E+01 2.000E+05 9.562E-01 3.361E+05 1.028E+06
1.30786289E+00  11658.9 1.307E+05 1.406E+16 2.542E+02 5.511E+01 2.000E+05 9.641E-01 3.363E+05 1.047E+06
1.37660139E+00  11891.0 1.376E+05 1.604E+16 2.915E+02 5.230E+01 2.000E+05 9.699E-01 3.337E+05 1.069E+06
1.45708145E+00  12113.8 1.457E+05 1.817E+16 3.300E+02 5.167E+01 2.000E+05 9.741E-01 3.329E+05 1.091E+06
PRADK 4.2358E+00
BEGIN                    ITERATION  15 COMPLETED
