TEFF   7750.  GRAVITY 2.50000 LTE
TITLE  [-0.5] N(He)/Ntot=0.0784 VTURB=2.0  L/H=1.25 NOVER
OPACITY IFOP 1 1 1 1 1 1 1 1 1 1 1 1 1 0 1 0 0 0 0 0
CONVECTION ON   1.25 TURBULENCE OFF  0.00  0.00  0.00  0.00
ABUNDANCE SCALE   0.31622 ABUNDANCE CHANGE 1 0.92120 2 0.07841
ABUNDANCE CHANGE  3 -10.94  4 -10.64  5  -9.49  6  -3.52  7  -4.12  8  -3.21
ABUNDANCE CHANGE  9  -7.48 10  -3.96 11  -5.71 12  -4.46 13  -5.57 14  -4.49
ABUNDANCE CHANGE 15  -6.59 16  -4.71 17  -6.54 18  -5.64 19  -6.92 20  -5.68
ABUNDANCE CHANGE 21  -8.87 22  -7.02 23  -8.04 24  -6.37 25  -6.65 26  -4.54
ABUNDANCE CHANGE 27  -7.12 28  -5.79 29  -7.83 30  -7.44 31  -9.16 32  -8.63
ABUNDANCE CHANGE 33  -9.67 34  -8.63 35  -9.41 36  -8.73 37  -9.44 38  -9.07
ABUNDANCE CHANGE 39  -9.80 40  -9.44 41 -10.62 42 -10.12 43 -20.00 44 -10.20
ABUNDANCE CHANGE 45 -10.92 46 -10.35 47 -11.10 48 -10.27 49 -10.38 50 -10.04
ABUNDANCE CHANGE 51 -11.04 52  -9.80 53 -10.53 54  -9.87 55 -10.91 56  -9.91
ABUNDANCE CHANGE 57 -10.87 58 -10.46 59 -11.33 60 -10.54 61 -20.00 62 -11.03
ABUNDANCE CHANGE 63 -11.53 64 -10.92 65 -11.69 66 -10.90 67 -11.78 68 -11.11
ABUNDANCE CHANGE 69 -12.04 70 -10.96 71 -11.98 72 -11.16 73 -12.17 74 -10.93
ABUNDANCE CHANGE 75 -11.76 76 -10.59 77 -10.69 78 -10.24 79 -11.03 80 -10.91
ABUNDANCE CHANGE 81 -11.14 82 -10.09 83 -11.33 84 -20.00 85 -20.00 86 -20.00
ABUNDANCE CHANGE 87 -20.00 88 -20.00 89 -20.00 90 -11.95 91 -20.00 92 -12.54
ABUNDANCE CHANGE 93 -20.00 94 -20.00 95 -20.00 96 -20.00 97 -20.00 98 -20.00
ABUNDANCE CHANGE 99 -20.00
READ DECK6 72 RHOX,T,P,XNE,ABROSS,ACCRAD,VTURB, FLXCNV,VCONV,VELSND
4.18020166E-05   4666.3 1.320E-02 1.725E+08 3.190E-03 3.723E-01 2.000E+05 0.000E+00 0.000E+00 8.882E+06
5.59767564E-05   4693.3 1.768E-02 2.204E+08 3.085E-03 3.591E-01 2.000E+05 0.000E+00 0.000E+00 7.835E+06
7.56182918E-05   4718.7 2.388E-02 2.811E+08 2.954E-03 3.431E-01 2.000E+05 0.000E+00 0.000E+00 6.903E+06
1.02849349E-04   4747.8 3.249E-02 3.639E+08 2.855E-03 3.265E-01 2.000E+05 0.000E+00 0.000E+00 6.051E+06
1.40356513E-04   4779.1 4.434E-02 4.750E+08 2.776E-03 3.097E-01 2.000E+05 0.000E+00 0.000E+00 5.290E+06
1.91626423E-04   4812.3 6.053E-02 6.234E+08 2.716E-03 2.958E-01 2.000E+05 0.000E+00 0.000E+00 4.621E+06
2.61309567E-04   4847.0 8.255E-02 8.202E+08 2.671E-03 2.828E-01 2.000E+05 0.000E+00 0.000E+00 4.037E+06
3.55571143E-04   4882.7 1.123E-01 1.080E+09 2.638E-03 2.697E-01 2.000E+05 0.000E+00 0.000E+00 3.531E+06
4.82631417E-04   4918.9 1.525E-01 1.420E+09 2.613E-03 2.565E-01 2.000E+05 0.000E+00 0.000E+00 3.095E+06
6.53674135E-04   4954.8 2.065E-01 1.861E+09 2.588E-03 2.438E-01 2.000E+05 0.000E+00 0.000E+00 2.721E+06
8.84144009E-04   4989.7 2.793E-01 2.424E+09 2.559E-03 2.325E-01 2.000E+05 0.000E+00 0.000E+00 2.400E+06
1.19520021E-03   5023.6 3.776E-01 3.142E+09 2.527E-03 2.236E-01 2.000E+05 0.000E+00 0.000E+00 2.126E+06
1.61516199E-03   5057.0 5.104E-01 4.061E+09 2.498E-03 2.171E-01 2.000E+05 0.000E+00 0.000E+00 1.890E+06
2.18048455E-03   5090.9 6.890E-01 5.245E+09 2.481E-03 2.126E-01 2.000E+05 0.000E+00 0.000E+00 1.687E+06
2.93567936E-03   5126.4 9.277E-01 6.791E+09 2.490E-03 2.096E-01 2.000E+05 0.000E+00 0.000E+00 1.514E+06
3.93255946E-03   5164.3 1.243E+00 8.818E+09 2.532E-03 2.076E-01 2.000E+05 0.000E+00 0.000E+00 1.367E+06
5.22973500E-03   5204.6 1.653E+00 1.147E+10 2.613E-03 2.060E-01 2.000E+05 0.000E+00 0.000E+00 1.243E+06
6.89281525E-03   5247.1 2.178E+00 1.491E+10 2.737E-03 2.045E-01 2.000E+05 0.000E+00 0.000E+00 1.141E+06
8.99451830E-03   5291.2 2.842E+00 1.935E+10 2.908E-03 2.032E-01 2.000E+05 0.000E+00 0.000E+00 1.058E+06
1.16147871E-02   5336.8 3.670E+00 2.502E+10 3.129E-03 2.023E-01 2.000E+05 0.000E+00 0.000E+00 9.906E+05
1.48425236E-02   5383.2 4.691E+00 3.219E+10 3.406E-03 2.018E-01 2.000E+05 0.000E+00 0.000E+00 9.363E+05
1.87779338E-02   5430.0 5.934E+00 4.116E+10 3.742E-03 2.017E-01 2.000E+05 0.000E+00 0.000E+00 8.930E+05
2.35345364E-02   5476.9 7.437E+00 5.229E+10 4.143E-03 2.020E-01 2.000E+05 0.000E+00 0.000E+00 8.585E+05
2.92426977E-02   5523.7 9.241E+00 6.597E+10 4.619E-03 2.029E-01 2.000E+05 0.000E+00 0.000E+00 8.311E+05
3.60521116E-02   5570.2 1.139E+01 8.267E+10 5.176E-03 2.046E-01 2.000E+05 0.000E+00 0.000E+00 8.094E+05
4.41337627E-02   5616.6 1.395E+01 1.030E+11 5.829E-03 2.073E-01 2.000E+05 0.000E+00 0.000E+00 7.922E+05
5.36819777E-02   5662.7 1.696E+01 1.276E+11 6.593E-03 2.108E-01 2.000E+05 0.000E+00 0.000E+00 7.787E+05
6.49195813E-02   5708.7 2.052E+01 1.572E+11 7.482E-03 2.149E-01 2.000E+05 0.000E+00 0.000E+00 7.681E+05
7.81039891E-02   5754.3 2.468E+01 1.927E+11 8.515E-03 2.199E-01 2.000E+05 0.000E+00 0.000E+00 7.598E+05
9.35403355E-02   5799.3 2.956E+01 2.350E+11 9.704E-03 2.260E-01 2.000E+05 0.000E+00 0.000E+00 7.535E+05
1.11590668E-01   5843.8 3.526E+01 2.850E+11 1.107E-02 2.335E-01 2.000E+05 0.000E+00 0.000E+00 7.486E+05
1.32683256E-01   5887.4 4.193E+01 3.441E+11 1.264E-02 2.423E-01 2.000E+05 0.000E+00 0.000E+00 7.450E+05
1.57328604E-01   5930.3 4.972E+01 4.135E+11 1.442E-02 2.526E-01 2.000E+05 0.000E+00 0.000E+00 7.425E+05
1.86129894E-01   5972.5 5.882E+01 4.948E+11 1.645E-02 2.645E-01 2.000E+05 0.000E+00 0.000E+00 7.407E+05
2.19798244E-01   6014.0 6.945E+01 5.898E+11 1.877E-02 2.782E-01 2.000E+05 0.000E+00 0.000E+00 7.397E+05
2.59163622E-01   6054.9 8.189E+01 7.009E+11 2.140E-02 2.941E-01 2.000E+05 0.000E+00 0.000E+00 7.392E+05
3.05195324E-01   6095.4 9.643E+01 8.307E+11 2.441E-02 3.125E-01 2.000E+05 0.000E+00 0.000E+00 7.392E+05
3.59014201E-01   6135.8 1.134E+02 9.824E+11 2.785E-02 3.343E-01 2.000E+05 0.000E+00 0.000E+00 7.396E+05
4.21889013E-01   6176.4 1.333E+02 1.161E+12 3.181E-02 3.599E-01 2.000E+05 0.000E+00 0.000E+00 7.404E+05
4.95223676E-01   6217.6 1.565E+02 1.371E+12 3.640E-02 3.904E-01 2.000E+05 0.000E+00 0.000E+00 7.414E+05
5.80548997E-01   6260.1 1.834E+02 1.620E+12 4.178E-02 4.267E-01 2.000E+05 0.000E+00 0.000E+00 7.426E+05
6.79482773E-01   6304.8 2.146E+02 1.919E+12 4.816E-02 4.706E-01 2.000E+05 0.000E+00 0.000E+00 7.440E+05
7.93624132E-01   6352.6 2.507E+02 2.282E+12 5.583E-02 5.246E-01 2.000E+05 0.000E+00 0.000E+00 7.433E+05
9.24424407E-01   6404.6 2.920E+02 2.729E+12 6.523E-02 5.921E-01 2.000E+05 0.000E+00 0.000E+00 7.473E+05
1.07293925E+00   6462.9 3.388E+02 3.291E+12 7.704E-02 6.790E-01 2.000E+05 0.000E+00 0.000E+00 7.491E+05
1.23945769E+00   6529.5 3.914E+02 4.013E+12 9.230E-02 7.936E-01 2.000E+05 0.000E+00 0.000E+00 7.509E+05
1.42319685E+00   6606.9 4.493E+02 4.962E+12 1.126E-01 9.484E-01 2.000E+05 0.000E+00 0.000E+00 7.528E+05
1.62170566E+00   6698.4 5.119E+02 6.247E+12 1.407E-01 1.166E+00 2.000E+05 0.000E+00 0.000E+00 7.550E+05
1.83058756E+00   6807.4 5.777E+02 8.028E+12 1.809E-01 1.482E+00 2.000E+05 0.000E+00 0.000E+00 7.575E+05
2.04361708E+00   6938.1 6.447E+02 1.057E+13 2.408E-01 1.958E+00 2.000E+05 9.689E-15 4.166E+01 7.606E+05
2.25279668E+00   7095.0 7.103E+02 1.428E+13 3.340E-01 2.707E+00 2.000E+05 2.892E-13 1.225E+02 7.649E+05
2.44889385E+00   7283.5 7.717E+02 1.983E+13 4.876E-01 3.941E+00 2.000E+05 4.009E-12 2.791E+02 7.712E+05
2.62333039E+00   7507.6 8.260E+02 2.825E+13 7.508E-01 6.050E+00 2.000E+05 8.147E-11 7.240E+02 7.808E+05
2.76998594E+00   7772.4 8.713E+02 4.113E+13 1.225E+00 9.779E+00 2.000E+05 3.002E-09 2.304E+03 7.952E+05
2.88674046E+00   8079.1 9.067E+02 6.052E+13 2.099E+00 1.647E+01 2.000E+05 1.677E-07 8.521E+03 8.168E+05
2.97610627E+00   8427.9 9.330E+02 8.869E+13 3.700E+00 2.819E+01 2.000E+05 1.080E-05 3.359E+04 8.481E+05
3.04359243E+00   8818.9 9.519E+02 1.271E+14 6.507E+00 4.793E+01 2.000E+05 3.662E-04 1.093E+05 8.928E+05
3.09571041E+00   9254.9 9.651E+02 1.747E+14 1.091E+01 7.782E+01 2.000E+05 7.240E-04 1.415E+05 9.551E+05
3.13921839E+00   9739.7 9.747E+02 2.245E+14 1.635E+01 1.135E+02 2.000E+05 3.585E-03 2.556E+05 1.037E+06
3.18187545E+00  10277.5 9.828E+02 2.643E+14 2.042E+01 1.398E+02 2.000E+05 4.133E-03 2.917E+05 1.133E+06
3.23269760E+00  10883.6 9.916E+02 2.852E+14 2.060E+01 1.411E+02 2.000E+05 1.048E-03 2.072E+05 1.233E+06
3.30698682E+00  11564.5 1.005E+03 2.891E+14 1.726E+01 1.188E+02 2.000E+05 1.137E-05 5.321E+04 1.340E+06
3.43234659E+00  12320.1 1.032E+03 2.857E+14 1.294E+01 8.917E+01 2.000E+05 4.934E-08 1.003E+04 1.464E+06
3.66104818E+00  13152.7 1.087E+03 2.849E+14 9.348E+00 6.423E+01 2.000E+05 6.357E-10 2.530E+03 1.577E+06
4.07978815E+00  14056.5 1.197E+03 2.953E+14 6.910E+00 4.718E+01 2.000E+05 5.194E-11 1.070E+03 1.624E+06
4.80532645E+00  15037.5 1.396E+03 3.248E+14 5.544E+00 3.778E+01 2.000E+05 3.103E-11 8.276E+02 1.643E+06
5.96372152E+00  16104.1 1.722E+03 3.787E+14 4.797E+00 3.261E+01 2.000E+05 1.615E-11 6.287E+02 1.704E+06
7.69938575E+00  17258.1 2.217E+03 4.598E+14 4.367E+00 2.967E+01 2.000E+05 5.436E-13 2.012E+02 1.819E+06
1.02097242E+01  18510.1 2.939E+03 5.716E+14 4.073E+00 2.766E+01 2.000E+05 0.000E+00 0.000E+00 1.958E+06
1.37339789E+01  19857.8 3.958E+03 7.193E+14 3.929E+00 2.669E+01 2.000E+05 0.000E+00 0.000E+00 2.083E+06
1.85607855E+01  21316.6 5.357E+03 9.078E+14 3.856E+00 2.612E+01 2.000E+05 0.000E+00 0.000E+00 2.186E+06
2.50522682E+01  22882.0 7.242E+03 1.144E+15 3.849E+00 2.548E+01 2.000E+05 0.000E+00 0.000E+00 2.277E+06
PRADK 4.8271E+00
BEGIN                    ITERATION  15 COMPLETED
