TEFF   7500.  GRAVITY 1.50000 LTE
TITLE  [-0.5] N(He)/Ntot=0.0784 VTURB=2.0  L/H=1.25 NOVER
OPACITY IFOP 1 1 1 1 1 1 1 1 1 1 1 1 1 0 1 0 0 0 0 0
CONVECTION ON   1.25 TURBULENCE OFF  0.00  0.00  0.00  0.00
ABUNDANCE SCALE   0.31622 ABUNDANCE CHANGE 1 0.92120 2 0.07841
ABUNDANCE CHANGE  3 -10.94  4 -10.64  5  -9.49  6  -3.52  7  -4.12  8  -3.21
ABUNDANCE CHANGE  9  -7.48 10  -3.96 11  -5.71 12  -4.46 13  -5.57 14  -4.49
ABUNDANCE CHANGE 15  -6.59 16  -4.71 17  -6.54 18  -5.64 19  -6.92 20  -5.68
ABUNDANCE CHANGE 21  -8.87 22  -7.02 23  -8.04 24  -6.37 25  -6.65 26  -4.54
ABUNDANCE CHANGE 27  -7.12 28  -5.79 29  -7.83 30  -7.44 31  -9.16 32  -8.63
ABUNDANCE CHANGE 33  -9.67 34  -8.63 35  -9.41 36  -8.73 37  -9.44 38  -9.07
ABUNDANCE CHANGE 39  -9.80 40  -9.44 41 -10.62 42 -10.12 43 -20.00 44 -10.20
ABUNDANCE CHANGE 45 -10.92 46 -10.35 47 -11.10 48 -10.27 49 -10.38 50 -10.04
ABUNDANCE CHANGE 51 -11.04 52  -9.80 53 -10.53 54  -9.87 55 -10.91 56  -9.91
ABUNDANCE CHANGE 57 -10.87 58 -10.46 59 -11.33 60 -10.54 61 -20.00 62 -11.03
ABUNDANCE CHANGE 63 -11.53 64 -10.92 65 -11.69 66 -10.90 67 -11.78 68 -11.11
ABUNDANCE CHANGE 69 -12.04 70 -10.96 71 -11.98 72 -11.16 73 -12.17 74 -10.93
ABUNDANCE CHANGE 75 -11.76 76 -10.59 77 -10.69 78 -10.24 79 -11.03 80 -10.91
ABUNDANCE CHANGE 81 -11.14 82 -10.09 83 -11.33 84 -20.00 85 -20.00 86 -20.00
ABUNDANCE CHANGE 87 -20.00 88 -20.00 89 -20.00 90 -11.95 91 -20.00 92 -12.54
ABUNDANCE CHANGE 93 -20.00 94 -20.00 95 -20.00 96 -20.00 97 -20.00 98 -20.00
ABUNDANCE CHANGE 99 -20.00
READ DECK6 72 RHOX,T,P,XNE,ABROSS,ACCRAD,VTURB, FLXCNV,VCONV,VELSND
3.99793107E-05   4400.8 1.257E-03 1.888E+07 3.336E-03 1.867E-01 2.000E+05 0.000E+00 0.000E+00 2.443E+07
5.35460949E-05   4425.1 1.683E-03 2.416E+07 3.221E-03 1.818E-01 2.000E+05 0.000E+00 0.000E+00 2.154E+07
7.23749873E-05   4448.1 2.275E-03 3.087E+07 3.079E-03 1.754E-01 2.000E+05 0.000E+00 0.000E+00 1.896E+07
9.85491480E-05   4473.9 3.099E-03 4.000E+07 2.965E-03 1.688E-01 2.000E+05 0.000E+00 0.000E+00 1.660E+07
1.34745281E-04   4501.9 4.237E-03 5.229E+07 2.870E-03 1.623E-01 2.000E+05 0.000E+00 0.000E+00 1.448E+07
1.84486178E-04   4531.3 5.802E-03 6.872E+07 2.791E-03 1.561E-01 2.000E+05 0.000E+00 0.000E+00 1.261E+07
2.52556169E-04   4562.0 7.944E-03 9.061E+07 2.724E-03 1.499E-01 2.000E+05 0.000E+00 0.000E+00 1.098E+07
3.45465240E-04   4593.5 1.087E-02 1.196E+08 2.663E-03 1.415E-01 2.000E+05 0.000E+00 0.000E+00 9.553E+06
4.72096024E-04   4625.4 1.486E-02 1.577E+08 2.607E-03 1.328E-01 2.000E+05 0.000E+00 0.000E+00 8.318E+06
6.44814624E-04   4656.9 2.030E-02 2.073E+08 2.545E-03 1.245E-01 2.000E+05 0.000E+00 0.000E+00 7.250E+06
8.81230532E-04   4687.4 2.774E-02 2.712E+08 2.474E-03 1.171E-01 2.000E+05 0.000E+00 0.000E+00 6.328E+06
1.20642323E-03   4716.9 3.799E-02 3.533E+08 2.393E-03 1.108E-01 2.000E+05 0.000E+00 0.000E+00 5.528E+06
1.65572352E-03   4745.8 5.215E-02 4.593E+08 2.306E-03 1.058E-01 2.000E+05 0.000E+00 0.000E+00 4.831E+06
2.27749442E-03   4775.1 7.175E-02 5.980E+08 2.224E-03 1.019E-01 2.000E+05 0.000E+00 0.000E+00 4.220E+06
3.13475459E-03   4806.4 9.877E-02 7.828E+08 2.159E-03 9.953E-02 2.000E+05 0.000E+00 0.000E+00 3.684E+06
4.30532671E-03   4840.7 1.357E-01 1.033E+09 2.120E-03 9.797E-02 2.000E+05 0.000E+00 0.000E+00 3.215E+06
5.88387844E-03   4878.2 1.854E-01 1.372E+09 2.110E-03 9.657E-02 2.000E+05 0.000E+00 0.000E+00 2.809E+06
7.98504491E-03   4918.7 2.517E-01 1.829E+09 2.127E-03 9.523E-02 2.000E+05 0.000E+00 0.000E+00 2.461E+06
1.07460290E-02   4961.9 3.387E-01 2.446E+09 2.171E-03 9.390E-02 2.000E+05 0.000E+00 0.000E+00 2.165E+06
1.43305698E-02   5007.3 4.518E-01 3.269E+09 2.242E-03 9.258E-02 2.000E+05 0.000E+00 0.000E+00 1.915E+06
1.89360908E-02   5054.4 5.970E-01 4.360E+09 2.338E-03 9.122E-02 2.000E+05 0.000E+00 0.000E+00 1.705E+06
2.48038961E-02   5102.2 7.820E-01 5.788E+09 2.455E-03 8.988E-02 2.000E+05 0.000E+00 0.000E+00 1.529E+06
3.22320647E-02   5150.3 1.016E+00 7.639E+09 2.593E-03 8.869E-02 2.000E+05 0.000E+00 0.000E+00 1.383E+06
4.15848047E-02   5198.5 1.311E+00 1.002E+10 2.753E-03 8.786E-02 2.000E+05 0.000E+00 0.000E+00 1.262E+06
5.33014843E-02   5246.6 1.681E+00 1.306E+10 2.938E-03 8.739E-02 2.000E+05 0.000E+00 0.000E+00 1.161E+06
6.78991523E-02   5294.9 2.141E+00 1.694E+10 3.154E-03 8.735E-02 2.000E+05 0.000E+00 0.000E+00 1.078E+06
8.59693115E-02   5343.5 2.711E+00 2.187E+10 3.409E-03 8.776E-02 2.000E+05 0.000E+00 0.000E+00 1.009E+06
1.08168247E-01   5392.9 3.411E+00 2.814E+10 3.716E-03 8.870E-02 2.000E+05 0.000E+00 0.000E+00 9.527E+05
1.35208729E-01   5443.2 4.264E+00 3.608E+10 4.085E-03 9.019E-02 2.000E+05 0.000E+00 0.000E+00 9.066E+05
1.67861386E-01   5494.3 5.293E+00 4.609E+10 4.529E-03 9.204E-02 2.000E+05 0.000E+00 0.000E+00 8.692E+05
2.06987657E-01   5545.8 6.527E+00 5.859E+10 5.057E-03 9.419E-02 2.000E+05 0.000E+00 0.000E+00 8.390E+05
2.53591675E-01   5597.3 7.996E+00 7.403E+10 5.674E-03 9.670E-02 2.000E+05 0.000E+00 0.000E+00 8.149E+05
3.08894098E-01   5647.8 9.739E+00 9.284E+10 6.383E-03 9.958E-02 2.000E+05 0.000E+00 0.000E+00 7.958E+05
3.74393537E-01   5697.1 1.180E+01 1.155E+11 7.192E-03 1.031E-01 2.000E+05 0.000E+00 0.000E+00 7.806E+05
4.51860055E-01   5745.3 1.425E+01 1.428E+11 8.114E-03 1.074E-01 2.000E+05 0.000E+00 0.000E+00 7.687E+05
5.43388984E-01   5792.2 1.713E+01 1.753E+11 9.162E-03 1.125E-01 2.000E+05 0.000E+00 0.000E+00 7.594E+05
6.51414229E-01   5838.2 2.053E+01 2.140E+11 1.036E-02 1.186E-01 2.000E+05 0.000E+00 0.000E+00 7.522E+05
7.78753166E-01   5883.4 2.454E+01 2.600E+11 1.173E-02 1.257E-01 2.000E+05 0.000E+00 0.000E+00 7.467E+05
9.28648068E-01   5928.1 2.927E+01 3.146E+11 1.329E-02 1.342E-01 2.000E+05 0.000E+00 0.000E+00 7.426E+05
1.10475885E+00   5972.8 3.481E+01 3.796E+11 1.511E-02 1.444E-01 2.000E+05 0.000E+00 0.000E+00 7.395E+05
1.31098113E+00   6018.2 4.130E+01 4.576E+11 1.724E-02 1.569E-01 2.000E+05 0.000E+00 0.000E+00 7.374E+05
1.55139336E+00   6065.1 4.886E+01 5.517E+11 1.977E-02 1.722E-01 2.000E+05 0.000E+00 0.000E+00 7.361E+05
1.82988216E+00   6114.8 5.762E+01 6.670E+11 2.285E-02 1.912E-01 2.000E+05 0.000E+00 0.000E+00 7.353E+05
2.14974852E+00   6168.5 6.767E+01 8.100E+11 2.666E-02 2.153E-01 2.000E+05 0.000E+00 0.000E+00 7.351E+05
2.51301013E+00   6228.0 7.907E+01 9.909E+11 3.152E-02 2.468E-01 2.000E+05 0.000E+00 0.000E+00 7.353E+05
2.91960210E+00   6295.1 9.182E+01 1.224E+12 3.785E-02 2.887E-01 2.000E+05 0.000E+00 0.000E+00 7.358E+05
3.36658486E+00   6372.4 1.058E+02 1.532E+12 4.640E-02 3.461E-01 2.000E+05 0.000E+00 0.000E+00 7.386E+05
3.84690255E+00   6463.0 1.208E+02 1.950E+12 5.833E-02 4.277E-01 2.000E+05 0.000E+00 0.000E+00 7.383E+05
4.34871031E+00   6570.2 1.364E+02 2.533E+12 7.566E-02 5.478E-01 2.000E+05 3.389E-18 4.514E+00 7.406E+05
4.85458631E+00   6698.9 1.521E+02 3.370E+12 1.022E-01 7.340E-01 2.000E+05 8.972E-16 2.744E+01 7.439E+05
5.34259074E+00   6853.5 1.671E+02 4.603E+12 1.447E-01 1.036E+00 2.000E+05 1.184E-14 6.146E+01 7.491E+05
5.78992113E+00   7039.2 1.807E+02 6.463E+12 2.165E-01 1.548E+00 2.000E+05 1.605E-13 1.392E+02 7.571E+05
6.17609962E+00   7262.0 1.922E+02 9.322E+12 3.452E-01 2.466E+00 2.000E+05 4.150E-12 3.932E+02 7.695E+05
6.48870688E+00   7525.5 2.011E+02 1.370E+13 5.857E-01 4.162E+00 2.000E+05 2.108E-10 1.406E+03 7.886E+05
6.72840352E+00   7829.4 2.073E+02 2.020E+13 1.039E+00 7.251E+00 2.000E+05 1.536E-08 5.767E+03 8.172E+05
6.90703123E+00   8171.4 2.112E+02 2.920E+13 1.865E+00 1.267E+01 2.000E+05 1.103E-06 2.409E+04 8.590E+05
7.04072513E+00   8557.8 2.132E+02 4.067E+13 3.263E+00 2.142E+01 2.000E+05 4.363E-05 8.479E+04 9.193E+05
7.14649162E+00   8982.7 2.137E+02 5.267E+13 5.147E+00 3.268E+01 2.000E+05 2.719E-04 1.661E+05 1.000E+06
7.24522893E+00   9459.6 2.131E+02 6.222E+13 6.849E+00 4.230E+01 2.000E+05 2.834E-04 1.851E+05 1.099E+06
7.35568225E+00   9983.7 2.118E+02 6.656E+13 7.280E+00 4.431E+01 2.000E+05 2.576E-05 9.467E+04 1.204E+06
7.51053623E+00  10572.2 2.103E+02 6.633E+13 6.342E+00 3.817E+01 2.000E+05 2.541E-07 2.389E+04 1.327E+06
7.76021322E+00  11220.3 2.097E+02 6.388E+13 4.965E+00 2.994E+01 2.000E+05 2.813E-09 6.152E+03 1.477E+06
8.20230420E+00  11945.0 2.124E+02 6.137E+13 3.654E+00 2.190E+01 2.000E+05 8.792E-11 2.088E+03 1.621E+06
9.00260615E+00  12735.8 2.228E+02 6.065E+13 2.715E+00 1.624E+01 2.000E+05 8.885E-12 9.769E+02 1.709E+06
1.04001869E+01  13608.1 2.470E+02 6.336E+13 2.139E+00 1.278E+01 2.000E+05 3.414E-12 6.772E+02 1.744E+06
1.26617554E+01  14553.7 2.920E+02 7.085E+13 1.836E+00 1.095E+01 2.000E+05 2.335E-12 5.649E+02 1.799E+06
1.60711030E+01  15587.4 3.644E+02 8.360E+13 1.665E+00 9.921E+00 2.000E+05 3.574E-13 2.950E+02 1.924E+06
2.09994695E+01  16701.5 4.732E+02 1.020E+14 1.557E+00 9.280E+00 2.000E+05 8.705E-20 1.793E+00 2.073E+06
2.79526424E+01  17915.2 6.302E+02 1.270E+14 1.486E+00 8.856E+00 2.000E+05 0.000E+00 0.000E+00 2.195E+06
3.75444501E+01  19217.7 8.497E+02 1.598E+14 1.451E+00 8.645E+00 2.000E+05 0.000E+00 0.000E+00 2.290E+06
5.05911134E+01  20631.4 1.150E+03 2.017E+14 1.427E+00 8.487E+00 2.000E+05 0.000E+00 0.000E+00 2.375E+06
6.81738887E+01  22146.1 1.560E+03 2.547E+14 1.418E+00 8.221E+00 2.000E+05 0.000E+00 0.000E+00 2.457E+06
PRADK 4.2334E+00
BEGIN                    ITERATION  15 COMPLETED
