TEFF   8750.  GRAVITY 3.00000 LTE
TITLE  [-0.5] N(He)/Ntot=0.0784 VTURB=2.0  L/H=1.25 NOVER
OPACITY IFOP 1 1 1 1 1 1 1 1 1 1 1 1 1 0 1 0 0 0 0 0
CONVECTION ON   1.25 TURBULENCE OFF  0.00  0.00  0.00  0.00
ABUNDANCE SCALE   0.31622 ABUNDANCE CHANGE 1 0.92120 2 0.07841
ABUNDANCE CHANGE  3 -10.94  4 -10.64  5  -9.49  6  -3.52  7  -4.12  8  -3.21
ABUNDANCE CHANGE  9  -7.48 10  -3.96 11  -5.71 12  -4.46 13  -5.57 14  -4.49
ABUNDANCE CHANGE 15  -6.59 16  -4.71 17  -6.54 18  -5.64 19  -6.92 20  -5.68
ABUNDANCE CHANGE 21  -8.87 22  -7.02 23  -8.04 24  -6.37 25  -6.65 26  -4.54
ABUNDANCE CHANGE 27  -7.12 28  -5.79 29  -7.83 30  -7.44 31  -9.16 32  -8.63
ABUNDANCE CHANGE 33  -9.67 34  -8.63 35  -9.41 36  -8.73 37  -9.44 38  -9.07
ABUNDANCE CHANGE 39  -9.80 40  -9.44 41 -10.62 42 -10.12 43 -20.00 44 -10.20
ABUNDANCE CHANGE 45 -10.92 46 -10.35 47 -11.10 48 -10.27 49 -10.38 50 -10.04
ABUNDANCE CHANGE 51 -11.04 52  -9.80 53 -10.53 54  -9.87 55 -10.91 56  -9.91
ABUNDANCE CHANGE 57 -10.87 58 -10.46 59 -11.33 60 -10.54 61 -20.00 62 -11.03
ABUNDANCE CHANGE 63 -11.53 64 -10.92 65 -11.69 66 -10.90 67 -11.78 68 -11.11
ABUNDANCE CHANGE 69 -12.04 70 -10.96 71 -11.98 72 -11.16 73 -12.17 74 -10.93
ABUNDANCE CHANGE 75 -11.76 76 -10.59 77 -10.69 78 -10.24 79 -11.03 80 -10.91
ABUNDANCE CHANGE 81 -11.14 82 -10.09 83 -11.33 84 -20.00 85 -20.00 86 -20.00
ABUNDANCE CHANGE 87 -20.00 88 -20.00 89 -20.00 90 -11.95 91 -20.00 92 -12.54
ABUNDANCE CHANGE 93 -20.00 94 -20.00 95 -20.00 96 -20.00 97 -20.00 98 -20.00
ABUNDANCE CHANGE 99 -20.00
READ DECK6 72 RHOX,T,P,XNE,ABROSS,ACCRAD,VTURB, FLXCNV,VCONV,VELSND
3.44902886E-06   5219.8 3.438E-03 4.841E+08 3.866E-02 3.168E+00 2.000E+05 0.000E+00 0.000E+00 1.338E+07
4.64945141E-06   5237.5 4.635E-03 5.984E+08 3.544E-02 3.125E+00 2.000E+05 0.000E+00 0.000E+00 1.170E+07
6.41241882E-06   5252.4 6.392E-03 7.426E+08 3.185E-02 3.068E+00 2.000E+05 0.000E+00 0.000E+00 1.015E+07
9.01232318E-06   5274.5 8.984E-03 9.474E+08 2.899E-02 3.012E+00 2.000E+05 0.000E+00 0.000E+00 8.732E+06
1.28163644E-05   5301.8 1.278E-02 1.231E+09 2.667E-02 2.955E+00 2.000E+05 0.000E+00 0.000E+00 7.481E+06
1.82808745E-05   5335.4 1.823E-02 1.627E+09 2.497E-02 2.894E+00 2.000E+05 0.000E+00 0.000E+00 6.400E+06
2.59974747E-05   5374.1 2.592E-02 2.172E+09 2.377E-02 2.825E+00 2.000E+05 0.000E+00 0.000E+00 5.480E+06
3.67166973E-05   5417.4 3.661E-02 2.918E+09 2.299E-02 2.744E+00 2.000E+05 0.000E+00 0.000E+00 4.706E+06
5.13843453E-05   5464.2 5.124E-02 3.927E+09 2.255E-02 2.656E+00 2.000E+05 0.000E+00 0.000E+00 4.057E+06
7.12105633E-05   5513.3 7.101E-02 5.278E+09 2.236E-02 2.564E+00 2.000E+05 0.000E+00 0.000E+00 3.515E+06
9.77602259E-05   5563.9 9.749E-02 7.067E+09 2.234E-02 2.471E+00 2.000E+05 0.000E+00 0.000E+00 3.061E+06
1.33071020E-04   5615.1 1.327E-01 9.413E+09 2.246E-02 2.379E+00 2.000E+05 0.000E+00 0.000E+00 2.679E+06
1.79791889E-04   5666.7 1.793E-01 1.247E+10 2.269E-02 2.290E+00 2.000E+05 0.000E+00 0.000E+00 2.359E+06
2.41347573E-04   5718.4 2.407E-01 1.644E+10 2.301E-02 2.205E+00 2.000E+05 0.000E+00 0.000E+00 2.088E+06
3.22164828E-04   5769.9 3.214E-01 2.154E+10 2.340E-02 2.121E+00 2.000E+05 0.000E+00 0.000E+00 1.859E+06
4.28018532E-04   5820.7 4.270E-01 2.806E+10 2.384E-02 2.042E+00 2.000E+05 0.000E+00 0.000E+00 1.666E+06
5.66548165E-04   5870.0 5.653E-01 3.629E+10 2.429E-02 1.972E+00 2.000E+05 0.000E+00 0.000E+00 1.503E+06
7.47865660E-04   5917.7 7.462E-01 4.661E+10 2.475E-02 1.917E+00 2.000E+05 0.000E+00 0.000E+00 1.365E+06
9.85027455E-04   5964.2 9.830E-01 5.956E+10 2.526E-02 1.879E+00 2.000E+05 0.000E+00 0.000E+00 1.250E+06
1.29439148E-03   6010.3 1.292E+00 7.581E+10 2.587E-02 1.857E+00 2.000E+05 0.000E+00 0.000E+00 1.152E+06
1.69542748E-03   6057.3 1.692E+00 9.639E+10 2.674E-02 1.851E+00 2.000E+05 0.000E+00 0.000E+00 1.071E+06
2.21002822E-03   6106.0 2.206E+00 1.225E+11 2.794E-02 1.856E+00 2.000E+05 0.000E+00 0.000E+00 1.005E+06
2.86232195E-03   6156.7 2.857E+00 1.555E+11 2.958E-02 1.872E+00 2.000E+05 0.000E+00 0.000E+00 9.503E+05
3.67820443E-03   6209.6 3.671E+00 1.970E+11 3.174E-02 1.898E+00 2.000E+05 0.000E+00 0.000E+00 9.066E+05
4.68531046E-03   6264.4 4.676E+00 2.490E+11 3.450E-02 1.931E+00 2.000E+05 0.000E+00 0.000E+00 8.719E+05
5.91426528E-03   6320.3 5.903E+00 3.134E+11 3.788E-02 1.971E+00 2.000E+05 0.000E+00 0.000E+00 8.445E+05
7.39970729E-03   6376.9 7.385E+00 3.923E+11 4.197E-02 2.017E+00 2.000E+05 0.000E+00 0.000E+00 8.233E+05
9.18235491E-03   6433.1 9.164E+00 4.876E+11 4.674E-02 2.066E+00 2.000E+05 0.000E+00 0.000E+00 8.068E+05
1.13132435E-02   6488.2 1.129E+01 6.017E+11 5.220E-02 2.122E+00 2.000E+05 0.000E+00 0.000E+00 7.941E+05
1.38572343E-02   6541.3 1.383E+01 7.362E+11 5.829E-02 2.186E+00 2.000E+05 0.000E+00 0.000E+00 7.843E+05
1.68972468E-02   6592.0 1.686E+01 8.935E+11 6.501E-02 2.260E+00 2.000E+05 0.000E+00 0.000E+00 7.767E+05
2.05351016E-02   6640.5 2.049E+01 1.077E+12 7.240E-02 2.347E+00 2.000E+05 0.000E+00 0.000E+00 7.709E+05
2.48917867E-02   6687.2 2.484E+01 1.291E+12 8.061E-02 2.448E+00 2.000E+05 0.000E+00 0.000E+00 7.665E+05
3.01088814E-02   6732.7 3.004E+01 1.541E+12 8.980E-02 2.566E+00 2.000E+05 0.000E+00 0.000E+00 7.632E+05
3.63485795E-02   6777.8 3.627E+01 1.834E+12 1.002E-01 2.704E+00 2.000E+05 0.000E+00 0.000E+00 7.609E+05
4.37956173E-02   6822.7 4.369E+01 2.178E+12 1.121E-01 2.862E+00 2.000E+05 0.000E+00 0.000E+00 7.594E+05
5.26661024E-02   6867.3 5.254E+01 2.580E+12 1.256E-01 3.043E+00 2.000E+05 0.000E+00 0.000E+00 7.586E+05
6.32100024E-02   6912.2 6.305E+01 3.052E+12 1.411E-01 3.252E+00 2.000E+05 0.000E+00 0.000E+00 7.584E+05
7.57130185E-02   6957.6 7.551E+01 3.605E+12 1.589E-01 3.495E+00 2.000E+05 0.000E+00 0.000E+00 7.587E+05
9.04915960E-02   7004.1 9.023E+01 4.258E+12 1.796E-01 3.783E+00 2.000E+05 0.000E+00 0.000E+00 7.594E+05
1.07873063E-01   7053.2 1.075E+02 5.037E+12 2.042E-01 4.134E+00 2.000E+05 0.000E+00 0.000E+00 7.607E+05
1.28167198E-01   7106.3 1.278E+02 5.978E+12 2.344E-01 4.569E+00 2.000E+05 0.000E+00 0.000E+00 7.624E+05
1.51628885E-01   7164.7 1.511E+02 7.126E+12 2.718E-01 5.113E+00 2.000E+05 0.000E+00 0.000E+00 7.647E+05
1.78439787E-01   7229.9 1.778E+02 8.542E+12 3.192E-01 5.804E+00 2.000E+05 0.000E+00 0.000E+00 7.677E+05
2.08645070E-01   7304.1 2.078E+02 1.032E+13 3.809E-01 6.701E+00 2.000E+05 0.000E+00 0.000E+00 7.714E+05
2.42087801E-01   7389.3 2.410E+02 1.258E+13 4.631E-01 7.892E+00 2.000E+05 0.000E+00 0.000E+00 7.760E+05
2.78357633E-01   7488.4 2.769E+02 1.550E+13 5.760E-01 9.511E+00 2.000E+05 9.063E-15 5.506E+01 7.818E+05
3.16761749E-01   7604.0 3.149E+02 1.932E+13 7.349E-01 1.176E+01 2.000E+05 1.514E-13 1.345E+02 7.892E+05
3.56268926E-01   7740.7 3.539E+02 2.443E+13 9.680E-01 1.499E+01 2.000E+05 7.660E-13 2.213E+02 7.989E+05
3.95655896E-01   7900.3 3.926E+02 3.125E+13 1.315E+00 1.969E+01 2.000E+05 2.941E-12 3.339E+02 8.114E+05
4.33692775E-01   8086.9 4.298E+02 4.044E+13 1.845E+00 2.672E+01 2.000E+05 1.292E-11 5.305E+02 8.281E+05
4.69274935E-01   8304.9 4.642E+02 5.278E+13 2.669E+00 3.721E+01 2.000E+05 8.424E-11 9.700E+02 8.502E+05
5.01699295E-01   8556.5 4.952E+02 6.896E+13 3.943E+00 5.288E+01 2.000E+05 8.629E-10 2.087E+03 8.800E+05
5.30843852E-01   8846.0 5.225E+02 8.946E+13 5.851E+00 7.537E+01 2.000E+05 1.088E-08 4.880E+03 9.200E+05
5.57241189E-01   9175.4 5.466E+02 1.136E+14 8.482E+00 1.050E+02 2.000E+05 1.029E-07 1.055E+04 9.724E+05
5.82201267E-01   9549.5 5.685E+02 1.393E+14 1.156E+01 1.379E+02 2.000E+05 3.987E-07 1.724E+04 1.038E+06
6.07944897E-01   9971.0 5.903E+02 1.626E+14 1.422E+01 1.650E+02 2.000E+05 3.510E-07 1.753E+04 1.114E+06
6.37924148E-01  10449.4 6.152E+02 1.804E+14 1.517E+01 1.719E+02 2.000E+05 4.824E-08 9.802E+03 1.196E+06
6.77951402E-01  10987.5 6.485E+02 1.926E+14 1.434E+01 1.611E+02 2.000E+05 1.548E-09 3.448E+03 1.282E+06
7.37273699E-01  11600.8 6.990E+02 2.031E+14 1.232E+01 1.381E+02 2.000E+05 2.409E-11 9.623E+02 1.381E+06
8.31889046E-01  12289.6 7.818E+02 2.177E+14 1.014E+01 1.138E+02 2.000E+05 3.794E-13 2.612E+02 1.491E+06
9.85890466E-01  13066.1 9.200E+02 2.428E+14 8.318E+00 9.370E+01 2.000E+05 6.072E-15 6.671E+01 1.582E+06
1.23308397E+00  13923.9 1.146E+03 2.853E+14 7.019E+00 7.878E+01 2.000E+05 1.329E-16 1.750E+01 1.622E+06
1.61232363E+00  14862.7 1.497E+03 3.515E+14 6.271E+00 7.006E+01 2.000E+05 2.405E-15 4.087E+01 1.635E+06
2.16556453E+00  15883.0 2.013E+03 4.468E+14 5.844E+00 6.487E+01 2.000E+05 3.554E-14 9.025E+01 1.674E+06
2.94260515E+00  16988.5 2.741E+03 5.749E+14 5.622E+00 6.222E+01 2.000E+05 3.903E-15 4.105E+01 1.759E+06
4.01823392E+00  18189.4 3.751E+03 7.402E+14 5.424E+00 5.989E+01 2.000E+05 0.000E+00 0.000E+00 1.881E+06
5.49371387E+00  19489.3 5.139E+03 9.501E+14 5.310E+00 5.861E+01 2.000E+05 0.000E+00 0.000E+00 2.013E+06
7.49592162E+00  20900.0 7.025E+03 1.213E+15 5.239E+00 5.771E+01 2.000E+05 0.000E+00 0.000E+00 2.129E+06
1.01787585E+01  22420.2 9.553E+03 1.539E+15 5.251E+00 5.795E+01 2.000E+05 0.000E+00 0.000E+00 2.228E+06
1.37387426E+01  24065.6 1.291E+04 1.938E+15 5.292E+00 5.809E+01 2.000E+05 0.000E+00 0.000E+00 2.319E+06
1.84026425E+01  25833.8 1.730E+04 2.421E+15 5.433E+00 5.694E+01 2.000E+05 0.000E+00 0.000E+00 2.407E+06
PRADK 7.8508E+00
BEGIN                    ITERATION  15 COMPLETED
