TEFF   3500.  GRAVITY 2.00000 LTE
TITLE  [-0.5] N(He)/Ntot=0.0784 VTURB=2.0  L/H=1.25 NOVER
OPACITY IFOP 1 1 1 1 1 1 1 1 1 1 1 1 1 0 1 0 0 0 0 0
CONVECTION ON   1.25 TURBULENCE OFF  0.00  0.00  0.00  0.00
ABUNDANCE SCALE   0.31622 ABUNDANCE CHANGE 1 0.92120 2 0.07841
ABUNDANCE CHANGE  3 -10.94  4 -10.64  5  -9.49  6  -3.52  7  -4.12  8  -3.21
ABUNDANCE CHANGE  9  -7.48 10  -3.96 11  -5.71 12  -4.46 13  -5.57 14  -4.49
ABUNDANCE CHANGE 15  -6.59 16  -4.71 17  -6.54 18  -5.64 19  -6.92 20  -5.68
ABUNDANCE CHANGE 21  -8.87 22  -7.02 23  -8.04 24  -6.37 25  -6.65 26  -4.54
ABUNDANCE CHANGE 27  -7.12 28  -5.79 29  -7.83 30  -7.44 31  -9.16 32  -8.63
ABUNDANCE CHANGE 33  -9.67 34  -8.63 35  -9.41 36  -8.73 37  -9.44 38  -9.07
ABUNDANCE CHANGE 39  -9.80 40  -9.44 41 -10.62 42 -10.12 43 -20.00 44 -10.20
ABUNDANCE CHANGE 45 -10.92 46 -10.35 47 -11.10 48 -10.27 49 -10.38 50 -10.04
ABUNDANCE CHANGE 51 -11.04 52  -9.80 53 -10.53 54  -9.87 55 -10.91 56  -9.91
ABUNDANCE CHANGE 57 -10.87 58 -10.46 59 -11.33 60 -10.54 61 -20.00 62 -11.03
ABUNDANCE CHANGE 63 -11.53 64 -10.92 65 -11.69 66 -10.90 67 -11.78 68 -11.11
ABUNDANCE CHANGE 69 -12.04 70 -10.96 71 -11.98 72 -11.16 73 -12.17 74 -10.93
ABUNDANCE CHANGE 75 -11.76 76 -10.59 77 -10.69 78 -10.24 79 -11.03 80 -10.91
ABUNDANCE CHANGE 81 -11.14 82 -10.09 83 -11.33 84 -20.00 85 -20.00 86 -20.00
ABUNDANCE CHANGE 87 -20.00 88 -20.00 89 -20.00 90 -11.95 91 -20.00 92 -12.54
ABUNDANCE CHANGE 93 -20.00 94 -20.00 95 -20.00 96 -20.00 97 -20.00 98 -20.00
ABUNDANCE CHANGE 99 -20.00
READ DECK6 72 RHOX,T,P,XNE,ABROSS,ACCRAD,VTURB, FLXCNV,VCONV,VELSND
1.91365591E-03   2152.3 1.914E-01 1.030E+06 6.968E-05 2.994E-03 2.000E+05 0.000E+00 0.000E+00 5.270E+05
2.52968036E-03   2171.7 2.530E-01 1.359E+06 7.471E-05 2.954E-03 2.000E+05 0.000E+00 0.000E+00 5.023E+05
3.30116338E-03   2191.2 3.301E-01 1.772E+06 7.904E-05 2.904E-03 2.000E+05 0.000E+00 0.000E+00 4.845E+05
4.22710735E-03   2204.1 4.227E-01 2.241E+06 9.179E-05 2.845E-03 2.000E+05 0.000E+00 0.000E+00 4.681E+05
5.31020264E-03   2217.9 5.310E-01 2.793E+06 1.023E-04 2.773E-03 2.000E+05 0.000E+00 0.000E+00 4.573E+05
6.62478102E-03   2233.0 6.625E-01 3.470E+06 1.110E-04 2.692E-03 2.000E+05 0.000E+00 0.000E+00 4.499E+05
8.26450057E-03   2249.9 8.264E-01 4.325E+06 1.172E-04 2.598E-03 2.000E+05 0.000E+00 0.000E+00 4.448E+05
1.03641044E-02   2268.8 1.036E+00 5.434E+06 1.211E-04 2.490E-03 2.000E+05 0.000E+00 0.000E+00 4.415E+05
1.30544232E-02   2287.7 1.305E+00 6.848E+06 1.271E-04 2.369E-03 2.000E+05 0.000E+00 0.000E+00 4.389E+05
1.64067845E-02   2304.5 1.641E+00 8.575E+06 1.382E-04 2.244E-03 2.000E+05 0.000E+00 0.000E+00 4.363E+05
2.05370255E-02   2321.9 2.054E+00 1.071E+07 1.484E-04 2.119E-03 2.000E+05 0.000E+00 0.000E+00 4.348E+05
2.57194597E-02   2340.9 2.572E+00 1.341E+07 1.562E-04 1.995E-03 2.000E+05 0.000E+00 0.000E+00 4.342E+05
3.23537269E-02   2361.7 3.235E+00 1.691E+07 1.618E-04 1.869E-03 2.000E+05 0.000E+00 0.000E+00 4.345E+05
4.07669667E-02   2381.0 4.077E+00 2.128E+07 1.726E-04 1.760E-03 2.000E+05 0.000E+00 0.000E+00 4.345E+05
5.13530422E-02   2402.2 5.135E+00 2.684E+07 1.818E-04 1.649E-03 2.000E+05 0.000E+00 0.000E+00 4.352E+05
6.44838503E-02   2420.2 6.448E+00 3.358E+07 1.992E-04 1.562E-03 2.000E+05 0.000E+00 0.000E+00 4.353E+05
8.05342271E-02   2438.8 8.053E+00 4.183E+07 2.157E-04 1.489E-03 2.000E+05 0.000E+00 0.000E+00 4.358E+05
1.00449890E-01   2458.5 1.004E+01 5.213E+07 2.310E-04 1.419E-03 2.000E+05 0.000E+00 0.000E+00 4.367E+05
1.24770547E-01   2474.5 1.248E+01 6.431E+07 2.568E-04 1.385E-03 2.000E+05 0.000E+00 0.000E+00 4.368E+05
1.54062463E-01   2491.6 1.541E+01 7.907E+07 2.823E-04 1.354E-03 2.000E+05 0.000E+00 0.000E+00 4.373E+05
1.89913668E-01   2510.5 1.899E+01 9.735E+07 3.061E-04 1.314E-03 2.000E+05 0.000E+00 0.000E+00 4.384E+05
2.33141026E-01   2525.4 2.331E+01 1.186E+08 3.446E-04 1.310E-03 2.000E+05 0.000E+00 0.000E+00 4.385E+05
2.84491780E-01   2540.2 2.845E+01 1.437E+08 3.858E-04 1.313E-03 2.000E+05 0.000E+00 0.000E+00 4.387E+05
3.45354836E-01   2553.0 3.454E+01 1.728E+08 4.365E-04 1.339E-03 2.000E+05 0.000E+00 0.000E+00 4.386E+05
4.16384251E-01   2563.0 4.164E+01 2.055E+08 5.026E-04 1.400E-03 2.000E+05 0.000E+00 0.000E+00 4.379E+05
4.98972281E-01   2573.6 4.990E+01 2.434E+08 5.734E-04 1.466E-03 2.000E+05 0.000E+00 0.000E+00 4.375E+05
5.95918159E-01   2584.8 5.959E+01 2.878E+08 6.488E-04 1.531E-03 2.000E+05 0.000E+00 0.000E+00 4.373E+05
7.10684178E-01   2597.3 7.107E+01 3.405E+08 7.275E-04 1.592E-03 2.000E+05 0.000E+00 0.000E+00 4.374E+05
8.47963957E-01   2611.8 8.480E+01 4.042E+08 8.057E-04 1.637E-03 2.000E+05 0.000E+00 0.000E+00 4.379E+05
1.01572938E+00   2630.1 1.016E+02 4.842E+08 8.713E-04 1.634E-03 2.000E+05 0.000E+00 0.000E+00 4.391E+05
1.21388473E+00   2636.3 1.214E+02 5.680E+08 1.023E-03 1.796E-03 2.000E+05 0.000E+00 0.000E+00 4.378E+05
1.44205570E+00   2645.5 1.442E+02 6.660E+08 1.163E-03 1.922E-03 2.000E+05 0.000E+00 0.000E+00 4.371E+05
1.71297013E+00   2657.3 1.713E+02 7.841E+08 1.294E-03 2.011E-03 2.000E+05 0.000E+00 0.000E+00 4.370E+05
2.04132791E+00   2672.7 2.041E+02 9.306E+08 1.410E-03 2.048E-03 2.000E+05 0.000E+00 0.000E+00 4.376E+05
2.44402613E+00   2690.3 2.444E+02 1.112E+09 1.530E-03 2.068E-03 2.000E+05 0.000E+00 0.000E+00 4.385E+05
2.94932782E+00   2715.1 2.949E+02 1.353E+09 1.601E-03 1.979E-03 2.000E+05 0.000E+00 0.000E+00 4.408E+05
3.58684002E+00   2737.9 3.587E+02 1.650E+09 1.708E-03 1.930E-03 2.000E+05 0.000E+00 0.000E+00 4.424E+05
4.38243740E+00   2761.5 4.382E+02 2.023E+09 1.826E-03 1.885E-03 2.000E+05 0.000E+00 0.000E+00 4.442E+05
5.37214027E+00   2784.9 5.372E+02 2.484E+09 1.960E-03 1.850E-03 2.000E+05 0.000E+00 0.000E+00 4.457E+05
6.61112888E+00   2813.7 6.611E+02 3.085E+09 2.073E-03 1.764E-03 2.000E+05 0.000E+00 0.000E+00 4.482E+05
8.17256550E+00   2846.3 8.172E+02 3.866E+09 2.196E-03 1.671E-03 2.000E+05 0.000E+00 0.000E+00 4.514E+05
1.01352424E+01   2882.6 1.014E+03 4.883E+09 2.333E-03 1.574E-03 2.000E+05 0.000E+00 0.000E+00 4.552E+05
1.25950804E+01   2913.8 1.259E+03 6.129E+09 2.485E-03 1.503E-03 2.000E+05 0.000E+00 0.000E+00 4.578E+05
1.56856986E+01   2950.5 1.569E+03 7.772E+09 2.633E-03 1.417E-03 2.000E+05 0.000E+00 0.000E+00 4.614E+05
1.95512587E+01   2989.6 1.955E+03 9.898E+09 2.824E-03 1.361E-03 2.000E+05 0.000E+00 0.000E+00 4.653E+05
2.43333176E+01   3030.7 2.433E+03 1.263E+10 3.056E-03 1.332E-03 2.000E+05 0.000E+00 0.000E+00 4.696E+05
3.02325631E+01   3073.1 3.023E+03 1.614E+10 3.294E-03 1.314E-03 2.000E+05 0.000E+00 0.000E+00 4.740E+05
3.75872147E+01   3118.6 3.759E+03 2.077E+10 3.508E-03 1.296E-03 2.000E+05 0.000E+00 0.000E+00 4.789E+05
4.67478129E+01   3167.7 4.675E+03 2.692E+10 3.774E-03 1.319E-03 2.000E+05 0.000E+00 0.000E+00 4.843E+05
5.80959503E+01   3222.9 5.809E+03 3.533E+10 4.057E-03 1.382E-03 2.000E+05 0.000E+00 0.000E+00 4.908E+05
7.21979542E+01   3287.3 7.220E+03 4.733E+10 4.351E-03 1.483E-03 2.000E+05 0.000E+00 0.000E+00 4.988E+05
8.96796097E+01   3370.0 8.968E+03 6.613E+10 4.697E-03 1.669E-03 2.000E+05 0.000E+00 0.000E+00 5.101E+05
1.10878119E+02   3467.1 1.109E+04 9.555E+10 5.253E-03 2.018E-03 2.000E+05 4.466E-06 3.255E+03 5.241E+05
1.36363252E+02   3608.1 1.364E+04 1.524E+11 5.784E-03 2.357E-03 2.000E+05 9.957E-06 4.317E+03 5.469E+05
1.62056412E+02   3756.7 1.621E+04 2.387E+11 9.275E-03 3.504E-03 2.000E+05 3.891E-05 6.977E+03 5.725E+05
1.83527376E+02   3932.5 1.835E+04 3.695E+11 1.417E-02 4.900E-03 2.000E+05 7.154E-05 8.944E+03 6.046E+05
2.03533693E+02   4098.2 2.035E+04 5.232E+11 1.927E-02 6.168E-03 2.000E+05 1.400E-04 1.148E+04 6.331E+05
2.23628764E+02   4292.8 2.236E+04 7.194E+11 2.500E-02 7.513E-03 2.000E+05 2.553E-04 1.432E+04 6.625E+05
2.44970414E+02   4492.9 2.450E+04 9.313E+11 3.044E-02 8.829E-03 2.000E+05 3.579E-04 1.612E+04 6.880E+05
2.69122732E+02   4724.9 2.691E+04 1.194E+12 3.505E-02 9.875E-03 2.000E+05 5.141E-04 1.820E+04 7.132E+05
2.96540128E+02   4978.0 2.965E+04 1.635E+12 4.256E-02 1.176E-02 2.000E+05 1.721E-03 2.700E+04 7.366E+05
3.24093236E+02   5264.9 3.241E+04 2.736E+12 6.263E-02 1.683E-02 2.000E+05 1.894E-02 5.940E+04 7.594E+05
3.47069310E+02   5569.7 3.470E+04 5.354E+12 1.066E-01 2.617E-02 2.000E+05 9.943E-02 1.025E+05 7.804E+05
3.64772230E+02   5869.8 3.647E+04 1.056E+13 1.844E-01 3.777E-02 2.000E+05 2.621E-01 1.417E+05 7.982E+05
3.78800715E+02   6143.1 3.788E+04 1.911E+13 3.000E-01 4.627E-02 2.000E+05 4.603E-01 1.715E+05 8.116E+05
3.90812868E+02   6376.4 3.908E+04 3.086E+13 4.486E-01 5.036E-02 2.000E+05 6.081E-01 1.874E+05 8.234E+05
4.01865753E+02   6582.2 4.018E+04 4.604E+13 6.313E-01 5.113E-02 2.000E+05 7.160E-01 1.949E+05 8.268E+05
4.12633913E+02   6761.7 4.126E+04 6.423E+13 8.448E-01 5.114E-02 2.000E+05 7.888E-01 1.991E+05 8.309E+05
4.23444169E+02   6935.8 4.234E+04 8.744E+13 1.113E+00 5.099E-02 2.000E+05 8.379E-01 1.995E+05 8.339E+05
4.34590768E+02   7092.1 4.345E+04 1.142E+14 1.418E+00 5.006E-02 2.000E+05 8.765E-01 2.002E+05 8.358E+05
4.46213548E+02   7253.4 4.461E+04 1.487E+14 1.815E+00 4.961E-02 2.000E+05 9.037E-01 1.983E+05 8.374E+05
4.58494983E+02   7398.0 4.584E+04 1.870E+14 2.258E+00 5.165E-02 2.000E+05 9.193E-01 1.959E+05 8.387E+05
PRADK 2.0021E-01
BEGIN                    ITERATION  15 COMPLETED
