TEFF   8000.  GRAVITY 5.00000 LTE
TITLE  [-0.5] N(He)/Ntot=0.0784 VTURB=2.0  L/H=1.25 NOVER
OPACITY IFOP 1 1 1 1 1 1 1 1 1 1 1 1 1 0 1 0 0 0 0 0
CONVECTION ON   1.25 TURBULENCE OFF  0.00  0.00  0.00  0.00
ABUNDANCE SCALE   0.31622 ABUNDANCE CHANGE 1 0.92120 2 0.07841
ABUNDANCE CHANGE  3 -10.94  4 -10.64  5  -9.49  6  -3.52  7  -4.12  8  -3.21
ABUNDANCE CHANGE  9  -7.48 10  -3.96 11  -5.71 12  -4.46 13  -5.57 14  -4.49
ABUNDANCE CHANGE 15  -6.59 16  -4.71 17  -6.54 18  -5.64 19  -6.92 20  -5.68
ABUNDANCE CHANGE 21  -8.87 22  -7.02 23  -8.04 24  -6.37 25  -6.65 26  -4.54
ABUNDANCE CHANGE 27  -7.12 28  -5.79 29  -7.83 30  -7.44 31  -9.16 32  -8.63
ABUNDANCE CHANGE 33  -9.67 34  -8.63 35  -9.41 36  -8.73 37  -9.44 38  -9.07
ABUNDANCE CHANGE 39  -9.80 40  -9.44 41 -10.62 42 -10.12 43 -20.00 44 -10.20
ABUNDANCE CHANGE 45 -10.92 46 -10.35 47 -11.10 48 -10.27 49 -10.38 50 -10.04
ABUNDANCE CHANGE 51 -11.04 52  -9.80 53 -10.53 54  -9.87 55 -10.91 56  -9.91
ABUNDANCE CHANGE 57 -10.87 58 -10.46 59 -11.33 60 -10.54 61 -20.00 62 -11.03
ABUNDANCE CHANGE 63 -11.53 64 -10.92 65 -11.69 66 -10.90 67 -11.78 68 -11.11
ABUNDANCE CHANGE 69 -12.04 70 -10.96 71 -11.98 72 -11.16 73 -12.17 74 -10.93
ABUNDANCE CHANGE 75 -11.76 76 -10.59 77 -10.69 78 -10.24 79 -11.03 80 -10.91
ABUNDANCE CHANGE 81 -11.14 82 -10.09 83 -11.33 84 -20.00 85 -20.00 86 -20.00
ABUNDANCE CHANGE 87 -20.00 88 -20.00 89 -20.00 90 -11.95 91 -20.00 92 -12.54
ABUNDANCE CHANGE 93 -20.00 94 -20.00 95 -20.00 96 -20.00 97 -20.00 98 -20.00
ABUNDANCE CHANGE 99 -20.00
READ DECK6 72 RHOX,T,P,XNE,ABROSS,ACCRAD,VTURB, FLXCNV,VCONV,VELSND
6.44401115E-05   5217.1 6.444E+00 2.368E+10 2.069E-03 1.096E+00 2.000E+05 0.000E+00 0.000E+00 9.591E+05
8.52250852E-05   5247.6 8.522E+00 2.979E+10 2.210E-03 1.080E+00 2.000E+05 0.000E+00 0.000E+00 9.103E+05
1.11099994E-04   5275.7 1.111E+01 3.691E+10 2.374E-03 1.057E+00 2.000E+05 0.000E+00 0.000E+00 8.731E+05
1.42977895E-04   5305.4 1.430E+01 4.561E+10 2.588E-03 1.033E+00 2.000E+05 0.000E+00 0.000E+00 8.441E+05
1.81760386E-04   5335.8 1.818E+01 5.605E+10 2.851E-03 1.010E+00 2.000E+05 0.000E+00 0.000E+00 8.218E+05
2.28518376E-04   5366.2 2.285E+01 6.846E+10 3.164E-03 9.871E-01 2.000E+05 0.000E+00 0.000E+00 8.046E+05
2.84545405E-04   5396.5 2.845E+01 8.308E+10 3.530E-03 9.650E-01 2.000E+05 0.000E+00 0.000E+00 7.915E+05
3.51382967E-04   5426.3 3.514E+01 1.002E+11 3.952E-03 9.449E-01 2.000E+05 0.000E+00 0.000E+00 7.814E+05
4.30868465E-04   5455.6 4.309E+01 1.201E+11 4.436E-03 9.273E-01 2.000E+05 0.000E+00 0.000E+00 7.738E+05
5.25235078E-04   5484.2 5.252E+01 1.432E+11 4.986E-03 9.117E-01 2.000E+05 0.000E+00 0.000E+00 7.680E+05
6.37151936E-04   5512.1 6.371E+01 1.699E+11 5.608E-03 8.991E-01 2.000E+05 0.000E+00 0.000E+00 7.638E+05
7.69772550E-04   5539.4 7.698E+01 2.007E+11 6.313E-03 8.899E-01 2.000E+05 0.000E+00 0.000E+00 7.608E+05
9.26859765E-04   5566.0 9.268E+01 2.361E+11 7.108E-03 8.835E-01 2.000E+05 0.000E+00 0.000E+00 7.587E+05
1.11287813E-03   5592.2 1.113E+02 2.768E+11 8.007E-03 8.824E-01 2.000E+05 0.000E+00 0.000E+00 7.574E+05
1.33292084E-03   5618.5 1.333E+02 3.240E+11 9.034E-03 8.864E-01 2.000E+05 0.000E+00 0.000E+00 7.568E+05
1.59279615E-03   5645.1 1.593E+02 3.788E+11 1.021E-02 8.932E-01 2.000E+05 0.000E+00 0.000E+00 7.566E+05
1.89916235E-03   5672.2 1.899E+02 4.429E+11 1.156E-02 9.024E-01 2.000E+05 0.000E+00 0.000E+00 7.569E+05
2.25961078E-03   5700.2 2.260E+02 5.179E+11 1.311E-02 9.138E-01 2.000E+05 0.000E+00 0.000E+00 7.575E+05
2.68284091E-03   5729.0 2.683E+02 6.057E+11 1.491E-02 9.270E-01 2.000E+05 0.000E+00 0.000E+00 7.584E+05
3.17882580E-03   5758.8 3.179E+02 7.089E+11 1.698E-02 9.424E-01 2.000E+05 0.000E+00 0.000E+00 7.595E+05
3.75901539E-03   5789.2 3.759E+02 8.296E+11 1.937E-02 9.645E-01 2.000E+05 0.000E+00 0.000E+00 7.608E+05
4.43650939E-03   5820.8 4.436E+02 9.717E+11 2.214E-02 9.895E-01 2.000E+05 0.000E+00 0.000E+00 7.623E+05
5.22634181E-03   5853.4 5.226E+02 1.139E+12 2.535E-02 1.017E+00 2.000E+05 0.000E+00 0.000E+00 7.639E+05
6.14593434E-03   5887.0 6.146E+02 1.335E+12 2.905E-02 1.047E+00 2.000E+05 0.000E+00 0.000E+00 7.657E+05
7.21528259E-03   5921.6 7.215E+02 1.567E+12 3.333E-02 1.081E+00 2.000E+05 0.000E+00 0.000E+00 7.675E+05
8.45760917E-03   5957.1 8.457E+02 1.839E+12 3.827E-02 1.118E+00 2.000E+05 0.000E+00 0.000E+00 7.694E+05
9.89989325E-03   5993.4 9.900E+02 2.158E+12 4.397E-02 1.158E+00 2.000E+05 0.000E+00 0.000E+00 7.714E+05
1.15735935E-02   6030.3 1.157E+03 2.533E+12 5.053E-02 1.206E+00 2.000E+05 0.000E+00 0.000E+00 7.735E+05
1.35155796E-02   6067.7 1.352E+03 2.971E+12 5.807E-02 1.258E+00 2.000E+05 0.000E+00 0.000E+00 7.756E+05
1.57697487E-02   6105.3 1.577E+03 3.482E+12 6.669E-02 1.315E+00 2.000E+05 0.000E+00 0.000E+00 7.778E+05
1.83888156E-02   6142.9 1.839E+03 4.075E+12 7.649E-02 1.378E+00 2.000E+05 0.000E+00 0.000E+00 7.800E+05
2.14370210E-02   6179.7 2.144E+03 4.756E+12 8.755E-02 1.447E+00 2.000E+05 0.000E+00 0.000E+00 7.823E+05
2.49925244E-02   6215.7 2.499E+03 5.536E+12 9.998E-02 1.528E+00 2.000E+05 0.000E+00 0.000E+00 7.847E+05
2.91492059E-02   6250.7 2.915E+03 6.428E+12 1.139E-01 1.619E+00 2.000E+05 0.000E+00 0.000E+00 7.871E+05
3.40182017E-02   6285.0 3.402E+03 7.449E+12 1.296E-01 1.725E+00 2.000E+05 0.000E+00 0.000E+00 7.895E+05
3.97293890E-02   6318.8 3.973E+03 8.621E+12 1.473E-01 1.848E+00 2.000E+05 0.000E+00 0.000E+00 7.920E+05
4.64334079E-02   6352.6 4.643E+03 9.975E+12 1.673E-01 1.989E+00 2.000E+05 0.000E+00 0.000E+00 7.909E+05
5.43042646E-02   6386.7 5.430E+03 1.154E+13 1.900E-01 2.151E+00 2.000E+05 0.000E+00 0.000E+00 7.971E+05
6.35416089E-02   6421.5 6.354E+03 1.337E+13 2.160E-01 2.335E+00 2.000E+05 0.000E+00 0.000E+00 7.997E+05
7.43729032E-02   6457.3 7.437E+03 1.550E+13 2.458E-01 2.549E+00 2.000E+05 0.000E+00 0.000E+00 8.024E+05
8.70543720E-02   6494.6 8.705E+03 1.802E+13 2.802E-01 2.797E+00 2.000E+05 0.000E+00 0.000E+00 8.050E+05
1.01866492E-01   6534.1 1.019E+04 2.101E+13 3.203E-01 3.091E+00 2.000E+05 0.000E+00 0.000E+00 8.078E+05
1.19102475E-01   6577.2 1.191E+04 2.463E+13 3.681E-01 3.450E+00 2.000E+05 0.000E+00 0.000E+00 8.105E+05
1.39045664E-01   6624.8 1.390E+04 2.905E+13 4.255E-01 3.886E+00 2.000E+05 0.000E+00 0.000E+00 8.133E+05
1.61963644E-01   6678.5 1.620E+04 3.456E+13 4.958E-01 4.428E+00 2.000E+05 0.000E+00 0.000E+00 8.161E+05
1.88059473E-01   6740.4 1.881E+04 4.159E+13 5.837E-01 5.113E+00 2.000E+05 0.000E+00 0.000E+00 8.190E+05
2.17427937E-01   6813.0 2.174E+04 5.076E+13 6.963E-01 5.997E+00 2.000E+05 0.000E+00 0.000E+00 8.220E+05
2.49998988E-01   6899.1 2.500E+04 6.304E+13 8.442E-01 7.168E+00 2.000E+05 0.000E+00 0.000E+00 8.249E+05
2.85479321E-01   7002.2 2.855E+04 7.991E+13 1.044E+00 8.760E+00 2.000E+05 0.000E+00 0.000E+00 8.279E+05
3.23286302E-01   7126.2 3.233E+04 1.038E+14 1.323E+00 1.100E+01 2.000E+05 0.000E+00 0.000E+00 8.308E+05
3.62475242E-01   7276.2 3.625E+04 1.386E+14 1.729E+00 1.430E+01 2.000E+05 0.000E+00 0.000E+00 8.336E+05
4.01810328E-01   7457.2 4.018E+04 1.906E+14 2.337E+00 1.930E+01 2.000E+05 2.003E-12 7.900E+01 8.363E+05
4.39877776E-01   7675.1 4.398E+04 2.706E+14 3.287E+00 2.722E+01 2.000E+05 6.094E-08 2.358E+03 8.391E+05
4.75044938E-01   7941.0 4.750E+04 3.987E+14 4.871E+00 4.062E+01 2.000E+05 2.579E-06 7.837E+03 8.424E+05
5.05930495E-01   8256.4 5.059E+04 6.043E+14 7.586E+00 6.409E+01 2.000E+05 9.874E-05 2.514E+04 8.475E+05
5.31407999E-01   8646.4 5.313E+04 9.559E+14 1.275E+01 1.086E+02 2.000E+05 3.425E-03 7.768E+04 8.567E+05
5.50546455E-01   9137.3 5.504E+04 1.584E+15 2.348E+01 1.919E+02 2.000E+05 1.928E-02 1.298E+05 8.739E+05
5.64688998E-01   9613.8 5.645E+04 2.435E+15 4.038E+01 2.769E+02 2.000E+05 1.686E-01 2.593E+05 8.975E+05
5.76702159E-01   9971.1 5.765E+04 3.254E+15 5.845E+01 2.943E+02 2.000E+05 3.745E-01 3.353E+05 9.197E+05
5.88437773E-01  10253.3 5.882E+04 4.019E+15 7.637E+01 2.717E+02 2.000E+05 5.369E-01 3.739E+05 9.399E+05
6.00723829E-01  10504.9 6.005E+04 4.790E+15 9.532E+01 2.427E+02 2.000E+05 6.645E-01 3.997E+05 9.600E+05
6.14075794E-01  10735.9 6.138E+04 5.575E+15 1.153E+02 2.148E+02 2.000E+05 7.538E-01 4.152E+05 9.801E+05
6.28949593E-01  10959.8 6.286E+04 6.402E+15 1.368E+02 1.928E+02 2.000E+05 8.154E-01 4.258E+05 1.001E+06
6.45791675E-01  11179.7 6.455E+04 7.278E+15 1.599E+02 1.771E+02 2.000E+05 8.564E-01 4.330E+05 1.023E+06
6.65156097E-01  11405.2 6.648E+04 8.236E+15 1.842E+02 1.651E+02 2.000E+05 8.841E-01 4.383E+05 1.047E+06
6.87705705E-01  11636.9 6.873E+04 9.279E+15 2.100E+02 1.565E+02 2.000E+05 9.037E-01 4.428E+05 1.072E+06
7.14146153E-01  11884.5 7.137E+04 1.045E+16 2.383E+02 1.507E+02 2.000E+05 9.186E-01 4.476E+05 1.100E+06
7.45336984E-01  12146.6 7.448E+04 1.174E+16 2.684E+02 1.465E+02 2.000E+05 9.294E-01 4.515E+05 1.131E+06
7.82362807E-01  12434.9 7.818E+04 1.320E+16 3.006E+02 1.459E+02 2.000E+05 9.376E-01 4.570E+05 1.166E+06
8.26771001E-01  12754.9 8.262E+04 1.483E+16 3.315E+02 1.472E+02 2.000E+05 9.426E-01 4.618E+05 1.206E+06
8.80963945E-01  13123.7 8.803E+04 1.670E+16 3.591E+02 1.532E+02 2.000E+05 9.450E-01 4.688E+05 1.252E+06
9.48428969E-01  13567.8 9.476E+04 1.884E+16 3.823E+02 1.650E+02 2.000E+05 9.451E-01 4.776E+05 1.306E+06
PRADK 5.4815E+00
BEGIN                    ITERATION  15 COMPLETED
