
       Teff log g  [M]  Vturb  l/H  E(B-V)   V       I       R       V-R     V-I     R-I
    1  3500  0.00  0.50  2.00  0.00  0.00 -12.604 -13.164 -13.954   1.110   2.621   1.509
    2  3500  0.50  0.50  2.00  0.00  0.00 -12.489 -13.061 -13.919   1.123   2.702   1.578
    3  3500  1.00  0.50  2.00  0.00  0.00 -12.392 -12.979 -13.889   1.138   2.768   1.630
    4  3500  1.50  0.50  2.00  0.00  0.00 -12.317 -12.917 -13.866   1.151   2.820   1.668
    5  3500  2.00  0.50  2.00  0.00  0.00 -12.277 -12.885 -13.857   1.159   2.851   1.690
    6  3500  2.50  0.50  2.00  0.00  0.00 -12.281 -12.888 -13.870   1.158   2.860   1.701
    7  3500  3.00  0.50  2.00  0.00  0.00 -12.338 -12.931 -13.911   1.145   2.845   1.699
    8  3500  3.50  0.50  2.00  0.00  0.00 -12.460 -13.025 -13.987   1.116   2.799   1.681
    9  3500  4.00  0.50  2.00  0.00  0.00 -12.640 -13.167 -14.092   1.078   2.723   1.644
   10  3500  4.50  0.50  2.00  0.00  0.00 -12.859 -13.348 -14.210   1.039   2.622   1.581
   11  3500  5.00  0.50  2.00  0.00  0.00 -13.076 -13.536 -14.307   1.010   2.501   1.490
   12  3750  0.00  0.50  2.00  0.00  0.00 -13.836 -14.228 -14.494   0.942   1.929   0.985
   13  3750  0.50  0.50  2.00  0.00  0.00 -13.789 -14.176 -14.486   0.938   1.968   1.029
   14  3750  1.00  0.50  2.00  0.00  0.00 -13.740 -14.122 -14.479   0.933   2.010   1.076
   15  3750  1.50  0.50  2.00  0.00  0.00 -13.693 -14.068 -14.472   0.926   2.050   1.123
   16  3750  2.00  0.50  2.00  0.00  0.00 -13.646 -14.016 -14.466   0.920   2.091   1.170
   17  3750  2.50  0.50  2.00  0.00  0.00 -13.602 -13.967 -14.462   0.916   2.131   1.213
   18  3750  3.00  0.50  2.00  0.00  0.00 -13.562 -13.928 -14.462   0.916   2.170   1.253
   19  3750  3.50  0.50  2.00  0.00  0.00 -13.543 -13.909 -14.472   0.917   2.200   1.282
   20  3750  4.00  0.50  2.00  0.00  0.00 -13.557 -13.924 -14.502   0.918   2.216   1.297
   21  3750  4.50  0.50  2.00  0.00  0.00 -13.629 -13.994 -14.557   0.916   2.200   1.282
   22  3750  5.00  0.50  2.00  0.00  0.00 -13.742 -14.105 -14.626   0.914   2.155   1.240
   23  4000  0.00  0.50  2.00  0.00  0.00 -14.586 -14.860 -14.884   0.825   1.569   0.743
   24  4000  0.50  0.50  2.00  0.00  0.00 -14.567 -14.839 -14.878   0.824   1.583   0.758
   25  4000  1.00  0.50  2.00  0.00  0.00 -14.545 -14.818 -14.874   0.824   1.600   0.775
   26  4000  1.50  0.50  2.00  0.00  0.00 -14.527 -14.797 -14.870   0.821   1.614   0.793
   27  4000  2.00  0.50  2.00  0.00  0.00 -14.507 -14.773 -14.868   0.817   1.631   0.813
   28  4000  2.50  0.50  2.00  0.00  0.00 -14.485 -14.746 -14.866   0.812   1.651   0.839
   29  4000  3.00  0.50  2.00  0.00  0.00 -14.455 -14.715 -14.866   0.810   1.682   0.870
   30  4000  3.50  0.50  2.00  0.00  0.00 -14.422 -14.683 -14.869   0.812   1.718   0.905
   31  4000  4.00  0.50  2.00  0.00  0.00 -14.393 -14.658 -14.878   0.816   1.756   0.939
   32  4000  4.50  0.50  2.00  0.00  0.00 -14.382 -14.657 -14.901   0.825   1.789   0.963
   33  4000  5.00  0.50  2.00  0.00  0.00 -14.413 -14.699 -14.939   0.837   1.797   0.958
   34  4250  0.00  0.50  2.00  0.00  0.00 -15.146 -15.321 -15.219   0.725   1.344   0.617
   35  4250  0.50  0.50  2.00  0.00  0.00 -15.134 -15.306 -15.213   0.724   1.351   0.626
   36  4250  1.00  0.50  2.00  0.00  0.00 -15.120 -15.293 -15.209   0.724   1.360   0.635
   37  4250  1.50  0.50  2.00  0.00  0.00 -15.109 -15.282 -15.204   0.724   1.366   0.642
   38  4250  2.00  0.50  2.00  0.00  0.00 -15.099 -15.271 -15.200   0.723   1.372   0.648
   39  4250  2.50  0.50  2.00  0.00  0.00 -15.087 -15.261 -15.196   0.725   1.379   0.653
   40  4250  3.00  0.50  2.00  0.00  0.00 -15.072 -15.249 -15.193   0.728   1.393   0.663
   41  4250  3.50  0.50  2.00  0.00  0.00 -15.049 -15.234 -15.194   0.736   1.416   0.679
   42  4250  4.00  0.50  2.00  0.00  0.00 -15.024 -15.218 -15.198   0.745   1.445   0.699
   43  4250  4.50  0.50  2.00  0.00  0.00 -14.998 -15.204 -15.207   0.757   1.479   0.721
   44  4250  5.00  0.50  2.00  0.00  0.00 -14.984 -15.205 -15.227   0.772   1.514   0.741
   45  4500  0.00  0.50  2.00  0.00  0.00 -15.599 -15.700 -15.515   0.653   1.188   0.534
   46  4500  0.50  0.50  2.00  0.00  0.00 -15.592 -15.688 -15.510   0.648   1.189   0.540
   47  4500  1.00  0.50  2.00  0.00  0.00 -15.582 -15.677 -15.506   0.646   1.195   0.548
   48  4500  1.50  0.50  2.00  0.00  0.00 -15.571 -15.666 -15.502   0.646   1.202   0.555
   49  4500  2.00  0.50  2.00  0.00  0.00 -15.563 -15.657 -15.497   0.645   1.205   0.559
   50  4500  2.50  0.50  2.00  0.00  0.00 -15.555 -15.649 -15.492   0.646   1.208   0.562
   51  4500  3.00  0.50  2.00  0.00  0.00 -15.544 -15.643 -15.488   0.650   1.215   0.564
   52  4500  3.50  0.50  2.00  0.00  0.00 -15.528 -15.637 -15.487   0.660   1.230   0.569
   53  4500  4.00  0.50  2.00  0.00  0.00 -15.508 -15.630 -15.488   0.674   1.251   0.577
   54  4500  4.50  0.50  2.00  0.00  0.00 -15.486 -15.625 -15.492   0.689   1.276   0.586
   55  4500  5.00  0.50  2.00  0.00  0.00 -15.464 -15.620 -15.500   0.707   1.307   0.598
   56  4750  0.00  0.50  2.00  0.00  0.00 -15.981 -16.026 -15.782   0.596   1.072   0.476
   57  4750  0.50  0.50  2.00  0.00  0.00 -15.977 -16.015 -15.776   0.589   1.070   0.480
   58  4750  1.00  0.50  2.00  0.00  0.00 -15.970 -16.006 -15.772   0.586   1.072   0.485
   59  4750  1.50  0.50  2.00  0.00  0.00 -15.963 -15.996 -15.768   0.584   1.077   0.491
   60  4750  2.00  0.50  2.00  0.00  0.00 -15.956 -15.986 -15.763   0.581   1.078   0.496
   61  4750  2.50  0.50  2.00  0.00  0.00 -15.950 -15.978 -15.758   0.579   1.079   0.499
   62  4750  3.00  0.50  2.00  0.00  0.00 -15.942 -15.972 -15.753   0.581   1.082   0.500
   63  4750  3.50  0.50  2.00  0.00  0.00 -15.932 -15.967 -15.750   0.586   1.089   0.502
   64  4750  4.00  0.50  2.00  0.00  0.00 -15.917 -15.963 -15.749   0.598   1.104   0.505
   65  4750  4.50  0.50  2.00  0.00  0.00 -15.899 -15.961 -15.751   0.613   1.124   0.510
   66  4750  5.00  0.50  2.00  0.00  0.00 -15.879 -15.960 -15.755   0.632   1.147   0.514
   67  5000  0.00  0.50  2.00  0.00  0.00 -16.317 -16.308 -16.022   0.542   0.977   0.434
   68  5000  0.50  0.50  2.00  0.00  0.00 -16.313 -16.298 -16.015   0.536   0.973   0.436
   69  5000  1.00  0.50  2.00  0.00  0.00 -16.308 -16.290 -16.010   0.533   0.973   0.439
   70  5000  1.50  0.50  2.00  0.00  0.00 -16.301 -16.281 -16.005   0.531   0.975   0.444
   71  5000  2.00  0.50  2.00  0.00  0.00 -16.295 -16.272 -16.001   0.528   0.976   0.447
   72  5000  2.50  0.50  2.00  0.00  0.00 -16.290 -16.264 -15.995   0.525   0.976   0.450
   73  5000  3.00  0.50  2.00  0.00  0.00 -16.285 -16.257 -15.990   0.523   0.975   0.451
   74  5000  3.50  0.50  2.00  0.00  0.00 -16.278 -16.252 -15.985   0.525   0.978   0.452
   75  5000  4.00  0.50  2.00  0.00  0.00 -16.269 -16.249 -15.983   0.531   0.986   0.454
   76  5000  4.50  0.50  2.00  0.00  0.00 -16.256 -16.247 -15.984   0.542   0.999   0.456
   77  5000  5.00  0.50  2.00  0.00  0.00 -16.241 -16.247 -15.986   0.557   1.016   0.458
   78  5250  0.00  0.50  2.00  0.00  0.00 -16.622 -16.556 -16.234   0.485   0.882   0.397
   79  5250  0.50  0.50  2.00  0.00  0.00 -16.616 -16.547 -16.227   0.482   0.882   0.399
   80  5250  1.00  0.50  2.00  0.00  0.00 -16.609 -16.539 -16.221   0.480   0.883   0.401
   81  5250  1.50  0.50  2.00  0.00  0.00 -16.602 -16.530 -16.216   0.479   0.885   0.405
   82  5250  2.00  0.50  2.00  0.00  0.00 -16.596 -16.522 -16.211   0.478   0.887   0.408
   83  5250  2.50  0.50  2.00  0.00  0.00 -16.590 -16.515 -16.206   0.476   0.887   0.410
   84  5250  3.00  0.50  2.00  0.00  0.00 -16.585 -16.509 -16.201   0.475   0.887   0.412
   85  5250  3.50  0.50  2.00  0.00  0.00 -16.580 -16.504 -16.197   0.475   0.888   0.412
   86  5250  4.00  0.50  2.00  0.00  0.00 -16.574 -16.501 -16.194   0.477   0.891   0.413
   87  5250  4.50  0.50  2.00  0.00  0.00 -16.566 -16.499 -16.194   0.484   0.898   0.414
   88  5250  5.00  0.50  2.00  0.00  0.00 -16.556 -16.499 -16.195   0.494   0.909   0.415
   89  5500  0.00  0.50  2.00  0.00  0.00 -16.904 -16.778 -16.416   0.425   0.783   0.358
   90  5500  0.50  0.50  2.00  0.00  0.00 -16.894 -16.769 -16.411   0.426   0.788   0.361
   91  5500  1.00  0.50  2.00  0.00  0.00 -16.885 -16.761 -16.407   0.427   0.792   0.365
   92  5500  1.50  0.50  2.00  0.00  0.00 -16.877 -16.753 -16.402   0.428   0.797   0.368
   93  5500  2.00  0.50  2.00  0.00  0.00 -16.868 -16.745 -16.398   0.428   0.801   0.372
   94  5500  2.50  0.50  2.00  0.00  0.00 -16.861 -16.738 -16.393   0.428   0.804   0.374
   95  5500  3.00  0.50  2.00  0.00  0.00 -16.854 -16.732 -16.389   0.429   0.806   0.376
   96  5500  3.50  0.50  2.00  0.00  0.00 -16.849 -16.727 -16.386   0.430   0.808   0.377
   97  5500  4.00  0.50  2.00  0.00  0.00 -16.844 -16.724 -16.383   0.432   0.811   0.378
   98  5500  4.50  0.50  2.00  0.00  0.00 -16.839 -16.723 -16.382   0.436   0.815   0.378
   99  5500  5.00  0.50  2.00  0.00  0.00 -16.833 -16.724 -16.383   0.442   0.821   0.378
  100  5750  0.00  0.50  2.00  0.00  0.00 -17.162 -16.976 -16.574   0.365   0.683   0.317
  101  5750  0.50  0.50  2.00  0.00  0.00 -17.150 -16.970 -16.573   0.370   0.693   0.322
  102  5750  1.00  0.50  2.00  0.00  0.00 -17.139 -16.963 -16.570   0.374   0.702   0.327
  103  5750  1.50  0.50  2.00  0.00  0.00 -17.129 -16.955 -16.567   0.377   0.710   0.331
  104  5750  2.00  0.50  2.00  0.00  0.00 -17.119 -16.948 -16.564   0.380   0.716   0.335
  105  5750  2.50  0.50  2.00  0.00  0.00 -17.109 -16.940 -16.561   0.382   0.722   0.339
  106  5750  3.00  0.50  2.00  0.00  0.00 -17.101 -16.934 -16.557   0.384   0.728   0.342
  107  5750  3.50  0.50  2.00  0.00  0.00 -17.093 -16.929 -16.554   0.387   0.732   0.344
  108  5750  4.00  0.50  2.00  0.00  0.00 -17.087 -16.925 -16.552   0.389   0.736   0.346
  109  5750  4.50  0.50  2.00  0.00  0.00 -17.082 -16.924 -16.552   0.393   0.741   0.347
  110  5750  5.00  0.50  2.00  0.00  0.00 -17.078 -16.926 -16.553   0.398   0.746   0.347
  111  6000  0.00  0.50  2.00  0.00  0.00 -17.396 -17.152 -16.710   0.307   0.585   0.277
  112  6000  0.50  0.50  2.00  0.00  0.00 -17.385 -17.150 -16.714   0.316   0.600   0.283
  113  6000  1.00  0.50  2.00  0.00  0.00 -17.373 -17.146 -16.715   0.324   0.613   0.288
  114  6000  1.50  0.50  2.00  0.00  0.00 -17.361 -17.139 -16.715   0.329   0.624   0.294
  115  6000  2.00  0.50  2.00  0.00  0.00 -17.350 -17.133 -16.713   0.334   0.635   0.299
  116  6000  2.50  0.50  2.00  0.00  0.00 -17.338 -17.126 -16.711   0.338   0.644   0.304
  117  6000  3.00  0.50  2.00  0.00  0.00 -17.328 -17.119 -16.709   0.342   0.652   0.309
  118  6000  3.50  0.50  2.00  0.00  0.00 -17.319 -17.114 -16.707   0.346   0.659   0.312
  119  6000  4.00  0.50  2.00  0.00  0.00 -17.311 -17.110 -16.706   0.350   0.666   0.315
  120  6000  4.50  0.50  2.00  0.00  0.00 -17.305 -17.108 -16.706   0.354   0.672   0.317
  121  6000  5.00  0.50  2.00  0.00  0.00 -17.300 -17.109 -16.707   0.359   0.678   0.317
  122  6250  0.50  0.50  2.00  0.00  0.00 -17.597 -17.310 -16.837   0.264   0.511   0.246
  123  6250  1.00  0.50  2.00  0.00  0.00 -17.587 -17.311 -16.843   0.275   0.527   0.251
  124  6250  1.50  0.50  2.00  0.00  0.00 -17.576 -17.308 -16.847   0.283   0.541   0.257
  125  6250  2.00  0.50  2.00  0.00  0.00 -17.564 -17.303 -16.848   0.290   0.555   0.264
  126  6250  2.50  0.50  2.00  0.00  0.00 -17.551 -17.297 -16.848   0.297   0.568   0.270
  127  6250  3.00  0.50  2.00  0.00  0.00 -17.539 -17.291 -16.847   0.303   0.579   0.275
  128  6250  3.50  0.50  2.00  0.00  0.00 -17.528 -17.285 -16.846   0.308   0.589   0.280
  129  6250  4.00  0.50  2.00  0.00  0.00 -17.518 -17.280 -16.845   0.313   0.599   0.285
  130  6250  4.50  0.50  2.00  0.00  0.00 -17.510 -17.277 -16.846   0.318   0.607   0.288
  131  6250  5.00  0.50  2.00  0.00  0.00 -17.504 -17.277 -16.847   0.324   0.614   0.290
  132  6500  0.50  0.50  2.00  0.00  0.00 -17.792 -17.457 -16.948   0.216   0.427   0.210
  133  6500  1.00  0.50  2.00  0.00  0.00 -17.782 -17.459 -16.956   0.227   0.445   0.216
  134  6500  1.50  0.50  2.00  0.00  0.00 -17.774 -17.462 -16.965   0.239   0.461   0.222
  135  6500  2.00  0.50  2.00  0.00  0.00 -17.763 -17.460 -16.970   0.249   0.478   0.228
  136  6500  2.50  0.50  2.00  0.00  0.00 -17.749 -17.456 -16.972   0.257   0.494   0.236
  137  6500  3.00  0.50  2.00  0.00  0.00 -17.736 -17.450 -16.973   0.265   0.508   0.243
  138  6500  3.50  0.50  2.00  0.00  0.00 -17.723 -17.444 -16.974   0.272   0.522   0.249
  139  6500  4.00  0.50  2.00  0.00  0.00 -17.711 -17.438 -16.974   0.278   0.534   0.255
  140  6500  4.50  0.50  2.00  0.00  0.00 -17.700 -17.434 -16.974   0.285   0.545   0.259
  141  6500  5.00  0.50  2.00  0.00  0.00 -17.692 -17.432 -16.976   0.291   0.555   0.263
  142  6750  0.50  0.50  2.00  0.00  0.00 -17.972 -17.593 -17.052   0.172   0.351   0.178
  143  6750  1.00  0.50  2.00  0.00  0.00 -17.963 -17.596 -17.060   0.184   0.368   0.183
  144  6750  1.50  0.50  2.00  0.00  0.00 -17.955 -17.600 -17.069   0.196   0.385   0.189
  145  6750  2.00  0.50  2.00  0.00  0.00 -17.947 -17.604 -17.079   0.208   0.403   0.194
  146  6750  2.50  0.50  2.00  0.00  0.00 -17.935 -17.602 -17.085   0.219   0.422   0.202
  147  6750  3.00  0.50  2.00  0.00  0.00 -17.921 -17.598 -17.089   0.228   0.439   0.210
  148  6750  3.50  0.50  2.00  0.00  0.00 -17.906 -17.592 -17.091   0.237   0.456   0.218
  149  6750  4.00  0.50  2.00  0.00  0.00 -17.892 -17.586 -17.092   0.245   0.471   0.225
  150  6750  4.50  0.50  2.00  0.00  0.00 -17.879 -17.580 -17.093   0.252   0.485   0.232
  151  6750  5.00  0.50  2.00  0.00  0.00 -17.869 -17.577 -17.095   0.260   0.498   0.237
  152  7000  0.50  0.50  2.00  0.00  0.00 -18.137 -17.721 -17.150   0.135   0.285   0.148
  153  7000  1.00  0.50  2.00  0.00  0.00 -18.130 -17.724 -17.157   0.145   0.298   0.152
  154  7000  1.50  0.50  2.00  0.00  0.00 -18.123 -17.728 -17.166   0.156   0.314   0.157
  155  7000  2.00  0.50  2.00  0.00  0.00 -18.116 -17.733 -17.177   0.168   0.332   0.163
  156  7000  2.50  0.50  2.00  0.00  0.00 -18.107 -17.737 -17.188   0.181   0.352   0.170
  157  7000  3.00  0.50  2.00  0.00  0.00 -18.094 -17.735 -17.195   0.193   0.372   0.178
  158  7000  3.50  0.50  2.00  0.00  0.00 -18.078 -17.730 -17.199   0.203   0.392   0.187
  159  7000  4.00  0.50  2.00  0.00  0.00 -18.062 -17.724 -17.201   0.213   0.410   0.196
  160  7000  4.50  0.50  2.00  0.00  0.00 -18.047 -17.718 -17.203   0.222   0.427   0.205
  161  7000  5.00  0.50  2.00  0.00  0.00 -18.034 -17.713 -17.206   0.230   0.443   0.212
  162  7250  0.50  0.50  2.00  0.00  0.00 -18.290 -17.846 -17.250   0.107   0.230   0.123
  163  7250  1.00  0.50  2.00  0.00  0.00 -18.283 -17.844 -17.250   0.112   0.238   0.125
  164  7250  1.50  0.50  2.00  0.00  0.00 -18.279 -17.849 -17.258   0.121   0.251   0.129
  165  7250  2.00  0.50  2.00  0.00  0.00 -18.272 -17.853 -17.267   0.132   0.266   0.134
  166  7250  2.50  0.50  2.00  0.00  0.00 -18.265 -17.858 -17.279   0.145   0.285   0.140
  167  7250  3.00  0.50  2.00  0.00  0.00 -18.255 -17.862 -17.291   0.158   0.307   0.148
  168  7250  3.50  0.50  2.00  0.00  0.00 -18.240 -17.859 -17.298   0.171   0.329   0.157
  169  7250  4.00  0.50  2.00  0.00  0.00 -18.223 -17.853 -17.302   0.181   0.350   0.168
  170  7250  4.50  0.50  2.00  0.00  0.00 -18.206 -17.847 -17.305   0.192   0.371   0.178
  171  7250  5.00  0.50  2.00  0.00  0.00 -18.190 -17.840 -17.308   0.202   0.389   0.186
  172  7500  0.50  0.50  2.00  0.00  0.00 -18.427 -17.976 -17.362   0.100   0.206   0.105
  173  7500  1.00  0.50  2.00  0.00  0.00 -18.423 -17.957 -17.340   0.085   0.188   0.103
  174  7500  1.50  0.50  2.00  0.00  0.00 -18.421 -17.961 -17.346   0.091   0.196   0.104
  175  7500  2.00  0.50  2.00  0.00  0.00 -18.417 -17.967 -17.355   0.100   0.208   0.107
  176  7500  2.50  0.50  2.00  0.00  0.00 -18.411 -17.971 -17.364   0.111   0.224   0.112
  177  7500  3.00  0.50  2.00  0.00  0.00 -18.403 -17.976 -17.377   0.125   0.245   0.119
  178  7500  3.50  0.50  2.00  0.00  0.00 -18.391 -17.979 -17.388   0.139   0.268   0.128
  179  7500  4.00  0.50  2.00  0.00  0.00 -18.374 -17.975 -17.395   0.152   0.292   0.139
  180  7500  4.50  0.50  2.00  0.00  0.00 -18.356 -17.968 -17.400   0.163   0.315   0.151
  181  7500  5.00  0.50  2.00  0.00  0.00 -18.338 -17.961 -17.403   0.174   0.337   0.161
  182  7750  1.00  0.50  2.00  0.00  0.00 -18.551 -18.066 -17.431   0.066   0.151   0.084
  183  7750  1.50  0.50  2.00  0.00  0.00 -18.550 -18.066 -17.430   0.067   0.151   0.083
  184  7750  2.00  0.50  2.00  0.00  0.00 -18.550 -18.073 -17.437   0.074   0.159   0.084
  185  7750  2.50  0.50  2.00  0.00  0.00 -18.546 -18.078 -17.446   0.083   0.172   0.088
  186  7750  3.00  0.50  2.00  0.00  0.00 -18.539 -18.081 -17.456   0.093   0.188   0.094
  187  7750  3.50  0.50  2.00  0.00  0.00 -18.529 -18.086 -17.469   0.108   0.211   0.102
  188  7750  4.00  0.50  2.00  0.00  0.00 -18.516 -18.087 -17.480   0.122   0.235   0.112
  189  7750  4.50  0.50  2.00  0.00  0.00 -18.497 -18.081 -17.487   0.135   0.261   0.125
  190  7750  5.00  0.50  2.00  0.00  0.00 -18.478 -18.074 -17.492   0.147   0.285   0.137
  191  8000  1.00  0.50  2.00  0.00  0.00 -18.661 -18.170 -17.524   0.060   0.134   0.073
  192  8000  1.50  0.50  2.00  0.00  0.00 -18.667 -18.165 -17.512   0.049   0.116   0.066
  193  8000  2.00  0.50  2.00  0.00  0.00 -18.669 -18.170 -17.517   0.052   0.119   0.066
  194  8000  2.50  0.50  2.00  0.00  0.00 -18.668 -18.177 -17.525   0.060   0.128   0.067
  195  8000  3.00  0.50  2.00  0.00  0.00 -18.664 -18.181 -17.534   0.069   0.141   0.072
  196  8000  3.50  0.50  2.00  0.00  0.00 -18.656 -18.184 -17.543   0.079   0.158   0.078
  197  8000  4.00  0.50  2.00  0.00  0.00 -18.646 -18.188 -17.557   0.094   0.182   0.087
  198  8000  4.50  0.50  2.00  0.00  0.00 -18.629 -18.187 -17.567   0.108   0.209   0.099
  199  8000  5.00  0.50  2.00  0.00  0.00 -18.610 -18.180 -17.574   0.122   0.235   0.112
  200  8250  1.00  0.50  2.00  0.00  0.00 -18.746 -18.261 -17.614   0.067   0.139   0.071
  201  8250  1.50  0.50  2.00  0.00  0.00 -18.772 -18.257 -17.592   0.037   0.091   0.053
  202  8250  2.00  0.50  2.00  0.00  0.00 -18.776 -18.260 -17.591   0.035   0.086   0.050
  203  8250  2.50  0.50  2.00  0.00  0.00 -18.778 -18.267 -17.598   0.040   0.091   0.050
  204  8250  3.00  0.50  2.00  0.00  0.00 -18.777 -18.273 -17.607   0.047   0.101   0.052
  205  8250  3.50  0.50  2.00  0.00  0.00 -18.772 -18.277 -17.616   0.056   0.115   0.058
  206  8250  4.00  0.50  2.00  0.00  0.00 -18.763 -18.280 -17.627   0.068   0.135   0.066
  207  8250  4.50  0.50  2.00  0.00  0.00 -18.752 -18.283 -17.640   0.082   0.159   0.076
  208  8250  5.00  0.50  2.00  0.00  0.00 -18.734 -18.280 -17.650   0.097   0.187   0.089
  209  8500  1.50  0.50  2.00  0.00  0.00 -18.863 -18.343 -17.670   0.031   0.078   0.045
  210  8500  2.00  0.50  2.00  0.00  0.00 -18.872 -18.344 -17.663   0.023   0.062   0.038
  211  8500  2.50  0.50  2.00  0.00  0.00 -18.876 -18.350 -17.667   0.024   0.062   0.036
  212  8500  3.00  0.50  2.00  0.00  0.00 -18.878 -18.357 -17.675   0.030   0.068   0.037
  213  8500  3.50  0.50  2.00  0.00  0.00 -18.876 -18.362 -17.684   0.037   0.079   0.041
  214  8500  4.00  0.50  2.00  0.00  0.00 -18.871 -18.366 -17.694   0.046   0.094   0.047
  215  8500  4.50  0.50  2.00  0.00  0.00 -18.862 -18.369 -17.705   0.058   0.114   0.056
  216  8500  5.00  0.50  2.00  0.00  0.00 -18.849 -18.371 -17.719   0.073   0.141   0.067
  217  8750  1.50  0.50  2.00  0.00  0.00 -18.943 -18.422 -17.743   0.030   0.071   0.040
  218  8750  2.00  0.50  2.00  0.00  0.00 -18.959 -18.422 -17.732   0.015   0.045   0.029
  219  8750  2.50  0.50  2.00  0.00  0.00 -18.965 -18.426 -17.732   0.012   0.039   0.025
  220  8750  3.00  0.50  2.00  0.00  0.00 -18.968 -18.432 -17.738   0.015   0.041   0.024
  221  8750  3.50  0.50  2.00  0.00  0.00 -18.969 -18.439 -17.747   0.021   0.048   0.026
  222  8750  4.00  0.50  2.00  0.00  0.00 -18.967 -18.445 -17.757   0.028   0.060   0.031
  223  8750  4.50  0.50  2.00  0.00  0.00 -18.961 -18.448 -17.767   0.037   0.077   0.039
  224  8750  5.00  0.50  2.00  0.00  0.00 -18.952 -18.452 -17.781   0.050   0.100   0.048
  225  9000  1.50  0.50  2.00  0.00  0.00 -19.016 -18.495 -17.813   0.030   0.068   0.036
  226  9000  2.00  0.50  2.00  0.00  0.00 -19.038 -18.496 -17.799   0.010   0.032   0.022
  227  9000  2.50  0.50  2.00  0.00  0.00 -19.045 -18.498 -17.795   0.004   0.021   0.016
  228  9000  3.00  0.50  2.00  0.00  0.00 -19.049 -18.502 -17.797   0.004   0.019   0.014
  229  9000  3.50  0.50  2.00  0.00  0.00 -19.052 -18.509 -17.805   0.008   0.024   0.015
  230  9000  4.00  0.50  2.00  0.00  0.00 -19.053 -18.516 -17.815   0.014   0.033   0.018
  231  9000  4.50  0.50  2.00  0.00  0.00 -19.051 -18.521 -17.826   0.021   0.046   0.024
  232  9000  5.00  0.50  2.00  0.00  0.00 -19.044 -18.524 -17.838   0.031   0.064   0.033
  233  9250  2.00  0.50  2.00  0.00  0.00 -19.111 -18.567 -17.863   0.007   0.024   0.016
  234  9250  2.50  0.50  2.00  0.00  0.00 -19.119 -18.566 -17.855  -0.002   0.007   0.008
  235  9250  3.00  0.50  2.00  0.00  0.00 -19.123 -18.568 -17.855  -0.004   0.003   0.006
  236  9250  3.50  0.50  2.00  0.00  0.00 -19.126 -18.573 -17.859  -0.002   0.004   0.005
  237  9250  4.00  0.50  2.00  0.00  0.00 -19.129 -18.580 -17.868   0.002   0.010   0.007
  238  9250  4.50  0.50  2.00  0.00  0.00 -19.130 -18.587 -17.879   0.008   0.020   0.012
  239  9250  5.00  0.50  2.00  0.00  0.00 -19.128 -18.592 -17.891   0.015   0.035   0.019
  240  9500  2.00  0.50  2.00  0.00  0.00 -19.179 -18.633 -17.925   0.005   0.017   0.011
  241  9500  2.50  0.50  2.00  0.00  0.00 -19.189 -18.631 -17.914  -0.006  -0.003   0.002
  242  9500  3.00  0.50  2.00  0.00  0.00 -19.192 -18.631 -17.910  -0.010  -0.011  -0.002
  243  9500  3.50  0.50  2.00  0.00  0.00 -19.195 -18.634 -17.912  -0.010  -0.012  -0.003
  244  9500  4.00  0.50  2.00  0.00  0.00 -19.198 -18.639 -17.918  -0.007  -0.008  -0.002
  245  9500  4.50  0.50  2.00  0.00  0.00 -19.200 -18.646 -17.929  -0.003  -0.001   0.001
  246  9500  5.00  0.50  2.00  0.00  0.00 -19.201 -18.653 -17.941   0.003   0.011   0.007
  247  9750  2.00  0.50  2.00  0.00  0.00 -19.244 -18.697 -17.984   0.003   0.011   0.006
  248  9750  2.50  0.50  2.00  0.00  0.00 -19.254 -18.694 -17.971  -0.009  -0.012  -0.004
  249  9750  3.00  0.50  2.00  0.00  0.00 -19.257 -18.691 -17.964  -0.015  -0.023  -0.009
  250  9750  3.50  0.50  2.00  0.00  0.00 -19.259 -18.692 -17.962  -0.016  -0.026  -0.011
  251  9750  4.00  0.50  2.00  0.00  0.00 -19.261 -18.696 -17.967  -0.015  -0.024  -0.010
  252  9750  4.50  0.50  2.00  0.00  0.00 -19.264 -18.702 -17.975  -0.012  -0.018  -0.007
  253  9750  5.00  0.50  2.00  0.00  0.00 -19.267 -18.709 -17.987  -0.007  -0.009  -0.002
  254 10000  2.00  0.50  2.00  0.00  0.00 -19.306 -18.757 -18.040   0.002   0.005   0.002
  255 10000  2.50  0.50  2.00  0.00  0.00 -19.317 -18.754 -18.027  -0.012  -0.019  -0.008
  256 10000  3.00  0.50  2.00  0.00  0.00 -19.320 -18.750 -18.017  -0.019  -0.032  -0.014
  257 10000  3.50  0.50  2.00  0.00  0.00 -19.320 -18.748 -18.012  -0.021  -0.037  -0.017
  258 10000  4.00  0.50  2.00  0.00  0.00 -19.322 -18.749 -18.014  -0.021  -0.037  -0.017
  259 10000  4.50  0.50  2.00  0.00  0.00 -19.324 -18.754 -18.020  -0.019  -0.033  -0.015
  260 10000  5.00  0.50  2.00  0.00  0.00 -19.327 -18.761 -18.031  -0.016  -0.025  -0.011
  261 10250  2.00  0.50  2.00  0.00  0.00 -19.365 -18.814 -18.094   0.000   0.000  -0.002
  262 10250  2.50  0.50  2.00  0.00  0.00 -19.377 -18.812 -18.080  -0.014  -0.026  -0.013
  263 10250  3.00  0.50  2.00  0.00  0.00 -19.379 -18.807 -18.068  -0.022  -0.040  -0.019
  264 10250  3.50  0.50  2.00  0.00  0.00 -19.379 -18.803 -18.061  -0.025  -0.047  -0.022
  265 10250  4.00  0.50  2.00  0.00  0.00 -19.379 -18.802 -18.060  -0.026  -0.048  -0.023
  266 10250  4.50  0.50  2.00  0.00  0.00 -19.380 -18.804 -18.064  -0.025  -0.046  -0.022
  267 10250  5.00  0.50  2.00  0.00  0.00 -19.384 -18.810 -18.073  -0.023  -0.040  -0.018
  268 10500  2.00  0.50  2.00  0.00  0.00 -19.421 -18.868 -18.144  -0.001  -0.006  -0.005
  269 10500  2.50  0.50  2.00  0.00  0.00 -19.434 -18.867 -18.131  -0.016  -0.032  -0.017
  270 10500  3.00  0.50  2.00  0.00  0.00 -19.436 -18.861 -18.119  -0.024  -0.047  -0.024
  271 10500  3.50  0.50  2.00  0.00  0.00 -19.435 -18.856 -18.109  -0.029  -0.055  -0.027
  272 10500  4.00  0.50  2.00  0.00  0.00 -19.434 -18.853 -18.105  -0.030  -0.058  -0.029
  273 10500  4.50  0.50  2.00  0.00  0.00 -19.434 -18.853 -18.106  -0.030  -0.057  -0.028
  274 10500  5.00  0.50  2.00  0.00  0.00 -19.437 -18.857 -18.113  -0.029  -0.053  -0.025
  275 10750  2.00  0.50  2.00  0.00  0.00 -19.474 -18.919 -18.192  -0.004  -0.011  -0.009
  276 10750  2.50  0.50  2.00  0.00  0.00 -19.488 -18.920 -18.180  -0.018  -0.037  -0.021
  277 10750  3.00  0.50  2.00  0.00  0.00 -19.491 -18.914 -18.167  -0.026  -0.053  -0.028
  278 10750  3.50  0.50  2.00  0.00  0.00 -19.489 -18.907 -18.156  -0.031  -0.062  -0.032
  279 10750  4.00  0.50  2.00  0.00  0.00 -19.487 -18.902 -18.150  -0.034  -0.066  -0.034
  280 10750  4.50  0.50  2.00  0.00  0.00 -19.486 -18.901 -18.148  -0.035  -0.067  -0.033
  281 10750  5.00  0.50  2.00  0.00  0.00 -19.488 -18.903 -18.153  -0.034  -0.064  -0.031
  282 11000  2.00  0.50  2.00  0.00  0.00 -19.525 -18.968 -18.237  -0.006  -0.017  -0.012
  283 11000  2.50  0.50  2.00  0.00  0.00 -19.541 -18.970 -18.227  -0.020  -0.043  -0.024
  284 11000  3.00  0.50  2.00  0.00  0.00 -19.543 -18.964 -18.214  -0.028  -0.059  -0.032
  285 11000  3.50  0.50  2.00  0.00  0.00 -19.542 -18.957 -18.202  -0.034  -0.069  -0.036
  286 11000  4.00  0.50  2.00  0.00  0.00 -19.539 -18.951 -18.194  -0.037  -0.074  -0.038
  287 11000  4.50  0.50  2.00  0.00  0.00 -19.536 -18.947 -18.190  -0.038  -0.075  -0.038
  288 11000  5.00  0.50  2.00  0.00  0.00 -19.537 -18.947 -18.192  -0.038  -0.073  -0.036
  289 11250  2.00  0.50  2.00  0.00  0.00 -19.573 -19.014 -18.279  -0.008  -0.023  -0.016
  290 11250  2.50  0.50  2.00  0.00  0.00 -19.590 -19.018 -18.271  -0.022  -0.048  -0.028
  291 11250  3.00  0.50  2.00  0.00  0.00 -19.594 -19.012 -18.258  -0.030  -0.064  -0.035
  292 11250  3.50  0.50  2.00  0.00  0.00 -19.592 -19.005 -18.246  -0.036  -0.074  -0.040
  293 11250  4.00  0.50  2.00  0.00  0.00 -19.588 -18.998 -18.237  -0.039  -0.081  -0.042
  294 11250  4.50  0.50  2.00  0.00  0.00 -19.585 -18.993 -18.231  -0.041  -0.083  -0.043
  295 11250  5.00  0.50  2.00  0.00  0.00 -19.584 -18.991 -18.231  -0.042  -0.082  -0.041
  296 11500  2.00  0.50  2.00  0.00  0.00 -19.620 -19.058 -18.320  -0.011  -0.029  -0.019
  297 11500  2.50  0.50  2.00  0.00  0.00 -19.638 -19.063 -18.313  -0.024  -0.054  -0.031
  298 11500  3.00  0.50  2.00  0.00  0.00 -19.642 -19.059 -18.301  -0.032  -0.069  -0.038
  299 11500  3.50  0.50  2.00  0.00  0.00 -19.640 -19.051 -18.289  -0.038  -0.080  -0.043
  300 11500  4.00  0.50  2.00  0.00  0.00 -19.636 -19.043 -18.278  -0.042  -0.086  -0.046
  301 11500  4.50  0.50  2.00  0.00  0.00 -19.632 -19.037 -18.272  -0.044  -0.090  -0.047
  302 11500  5.00  0.50  2.00  0.00  0.00 -19.630 -19.034 -18.270  -0.045  -0.089  -0.045
  303 11750  2.00  0.50  2.00  0.00  0.00 -19.665 -19.100 -18.359  -0.013  -0.035  -0.022
  304 11750  2.50  0.50  2.00  0.00  0.00 -19.684 -19.106 -18.353  -0.026  -0.059  -0.034
  305 11750  3.00  0.50  2.00  0.00  0.00 -19.688 -19.103 -18.342  -0.034  -0.075  -0.042
  306 11750  3.50  0.50  2.00  0.00  0.00 -19.686 -19.096 -18.330  -0.040  -0.085  -0.046
  307 11750  4.00  0.50  2.00  0.00  0.00 -19.682 -19.088 -18.319  -0.044  -0.092  -0.049
  308 11750  4.50  0.50  2.00  0.00  0.00 -19.678 -19.081 -18.311  -0.046  -0.096  -0.050
  309 11750  5.00  0.50  2.00  0.00  0.00 -19.675 -19.076 -18.307  -0.048  -0.096  -0.049
  310 12000  2.50  0.50  2.00  0.00  0.00 -19.728 -19.148 -18.391  -0.029  -0.065  -0.038
  311 12000  3.00  0.50  2.00  0.00  0.00 -19.732 -19.145 -18.381  -0.036  -0.080  -0.045
  312 12000  3.50  0.50  2.00  0.00  0.00 -19.731 -19.138 -18.370  -0.042  -0.090  -0.050
  313 12000  4.00  0.50  2.00  0.00  0.00 -19.727 -19.130 -18.359  -0.046  -0.097  -0.053
  314 12000  4.50  0.50  2.00  0.00  0.00 -19.722 -19.123 -18.350  -0.048  -0.101  -0.054
  315 12000  5.00  0.50  2.00  0.00  0.00 -19.718 -19.117 -18.345  -0.050  -0.102  -0.053
  316 12250  2.50  0.50  2.00  0.00  0.00 -19.770 -19.188 -18.428  -0.031  -0.071  -0.041
  317 12250  3.00  0.50  2.00  0.00  0.00 -19.775 -19.186 -18.419  -0.038  -0.085  -0.048
  318 12250  3.50  0.50  2.00  0.00  0.00 -19.774 -19.179 -18.408  -0.044  -0.095  -0.053
  319 12250  4.00  0.50  2.00  0.00  0.00 -19.770 -19.172 -18.397  -0.047  -0.102  -0.056
  320 12250  4.50  0.50  2.00  0.00  0.00 -19.765 -19.164 -18.388  -0.050  -0.106  -0.057
  321 12250  5.00  0.50  2.00  0.00  0.00 -19.761 -19.157 -18.381  -0.053  -0.108  -0.056
  322 12500  2.50  0.50  2.00  0.00  0.00 -19.811 -19.227 -18.464  -0.033  -0.076  -0.044
  323 12500  3.00  0.50  2.00  0.00  0.00 -19.816 -19.225 -18.455  -0.041  -0.090  -0.051
  324 12500  3.50  0.50  2.00  0.00  0.00 -19.816 -19.219 -18.445  -0.046  -0.100  -0.055
  325 12500  4.00  0.50  2.00  0.00  0.00 -19.812 -19.212 -18.434  -0.049  -0.107  -0.058
  326 12500  4.50  0.50  2.00  0.00  0.00 -19.807 -19.204 -18.425  -0.052  -0.111  -0.060
  327 12500  5.00  0.50  2.00  0.00  0.00 -19.802 -19.196 -18.417  -0.055  -0.113  -0.060
  328 12750  2.50  0.50  2.00  0.00  0.00 -19.851 -19.264 -18.498  -0.036  -0.082  -0.047
  329 12750  3.00  0.50  2.00  0.00  0.00 -19.856 -19.262 -18.490  -0.043  -0.096  -0.054
  330 12750  3.50  0.50  2.00  0.00  0.00 -19.856 -19.257 -18.480  -0.048  -0.105  -0.058
  331 12750  4.00  0.50  2.00  0.00  0.00 -19.852 -19.250 -18.470  -0.051  -0.112  -0.061
  332 12750  4.50  0.50  2.00  0.00  0.00 -19.848 -19.242 -18.460  -0.054  -0.116  -0.063
  333 12750  5.00  0.50  2.00  0.00  0.00 -19.842 -19.234 -18.453  -0.056  -0.118  -0.063
  334 13000  2.50  0.50  2.00  0.00  0.00 -19.890 -19.301 -18.532  -0.038  -0.087  -0.050
  335 13000  3.00  0.50  2.00  0.00  0.00 -19.895 -19.299 -18.523  -0.045  -0.101  -0.057
  336 13000  3.50  0.50  2.00  0.00  0.00 -19.895 -19.294 -18.514  -0.050  -0.110  -0.061
  337 13000  4.00  0.50  2.00  0.00  0.00 -19.892 -19.287 -18.504  -0.053  -0.116  -0.064
  338 13000  4.50  0.50  2.00  0.00  0.00 -19.887 -19.280 -18.495  -0.056  -0.121  -0.066
  339 13000  5.00  0.50  2.00  0.00  0.00 -19.881 -19.272 -18.487  -0.058  -0.123  -0.066
  340 14000  2.00  0.50  2.00  0.00  0.00 -20.015 -19.431 -18.663  -0.033  -0.081  -0.049
  341 14000  2.50  0.50  2.00  0.00  0.00 -20.035 -19.437 -18.657  -0.047  -0.108  -0.061
  342 14000  3.00  0.50  2.00  0.00  0.00 -20.040 -19.435 -18.648  -0.054  -0.121  -0.068
  343 14000  3.50  0.50  2.00  0.00  0.00 -20.039 -19.430 -18.639  -0.058  -0.129  -0.072
  344 14000  4.00  0.50  2.00  0.00  0.00 -20.037 -19.425 -18.632  -0.061  -0.135  -0.074
  345 14000  4.50  0.50  2.00  0.00  0.00 -20.033 -19.419 -18.624  -0.063  -0.138  -0.076
  346 14000  5.00  0.50  2.00  0.00  0.00 -20.027 -19.411 -18.616  -0.065  -0.140  -0.076
  347 15000  2.50  0.50  2.00  0.00  0.00 -20.170 -19.563 -18.772  -0.056  -0.126  -0.072
  348 15000  3.00  0.50  2.00  0.00  0.00 -20.172 -19.558 -18.761  -0.063  -0.140  -0.078
  349 15000  3.50  0.50  2.00  0.00  0.00 -20.171 -19.553 -18.752  -0.067  -0.148  -0.082
  350 15000  4.00  0.50  2.00  0.00  0.00 -20.169 -19.548 -18.745  -0.070  -0.153  -0.085
  351 15000  4.50  0.50  2.00  0.00  0.00 -20.165 -19.543 -18.738  -0.071  -0.156  -0.086
  352 15000  5.00  0.50  2.00  0.00  0.00 -20.159 -19.536 -18.731  -0.072  -0.156  -0.085
  353 16000  2.50  0.50  2.00  0.00  0.00 -20.296 -19.682 -18.881  -0.063  -0.144  -0.082
  354 16000  3.00  0.50  2.00  0.00  0.00 -20.294 -19.672 -18.866  -0.070  -0.157  -0.088
  355 16000  3.50  0.50  2.00  0.00  0.00 -20.292 -19.666 -18.856  -0.075  -0.165  -0.092
  356 16000  4.00  0.50  2.00  0.00  0.00 -20.290 -19.662 -18.849  -0.078  -0.171  -0.094
  357 16000  4.50  0.50  2.00  0.00  0.00 -20.287 -19.657 -18.843  -0.079  -0.174  -0.095
  358 16000  5.00  0.50  2.00  0.00  0.00 -20.280 -19.649 -18.836  -0.080  -0.173  -0.094
  359 17000  2.50  0.50  2.00  0.00  0.00 -20.417 -19.797 -18.987  -0.070  -0.159  -0.091
  360 17000  3.00  0.50  2.00  0.00  0.00 -20.409 -19.780 -18.965  -0.077  -0.173  -0.097
  361 17000  3.50  0.50  2.00  0.00  0.00 -20.405 -19.772 -18.953  -0.082  -0.181  -0.100
  362 17000  4.00  0.50  2.00  0.00  0.00 -20.404 -19.768 -18.945  -0.085  -0.187  -0.103
  363 17000  4.50  0.50  2.00  0.00  0.00 -20.402 -19.764 -18.940  -0.087  -0.191  -0.105
  364 17000  5.00  0.50  2.00  0.00  0.00 -20.394 -19.756 -18.933  -0.087  -0.190  -0.104
  365 18000  2.50  0.50  2.00  0.00  0.00 -20.534 -19.909 -19.093  -0.074  -0.170  -0.097
  366 18000  3.00  0.50  2.00  0.00  0.00 -20.519 -19.884 -19.060  -0.084  -0.188  -0.105
  367 18000  3.50  0.50  2.00  0.00  0.00 -20.511 -19.872 -19.045  -0.088  -0.196  -0.109
  368 18000  4.00  0.50  2.00  0.00  0.00 -20.510 -19.867 -19.037  -0.091  -0.202  -0.111
  369 18000  4.50  0.50  2.00  0.00  0.00 -20.509 -19.864 -19.032  -0.094  -0.206  -0.113
  370 18000  5.00  0.50  2.00  0.00  0.00 -20.502 -19.857 -19.026  -0.094  -0.206  -0.112
  371 19000  2.50  0.50  2.00  0.00  0.00 -20.644 -20.018 -19.199  -0.075  -0.174  -0.100
  372 19000  3.00  0.50  2.00  0.00  0.00 -20.626 -19.985 -19.154  -0.089  -0.201  -0.113
  373 19000  3.50  0.50  2.00  0.00  0.00 -20.612 -19.968 -19.132  -0.094  -0.209  -0.116
  374 19000  4.00  0.50  2.00  0.00  0.00 -20.609 -19.962 -19.124  -0.097  -0.214  -0.119
  375 19000  4.50  0.50  2.00  0.00  0.00 -20.610 -19.960 -19.120  -0.099  -0.219  -0.121
  376 19000  5.00  0.50  2.00  0.00  0.00 -20.604 -19.954 -19.114  -0.100  -0.219  -0.120
  377 20000  3.00  0.50  2.00  0.00  0.00 -20.730 -20.085 -19.248  -0.093  -0.211  -0.119
  378 20000  3.50  0.50  2.00  0.00  0.00 -20.709 -20.060 -19.218  -0.099  -0.221  -0.123
  379 20000  4.00  0.50  2.00  0.00  0.00 -20.703 -20.051 -19.207  -0.101  -0.225  -0.125
  380 20000  4.50  0.50  2.00  0.00  0.00 -20.704 -20.049 -19.204  -0.103  -0.229  -0.127
  381 20000  5.00  0.50  2.00  0.00  0.00 -20.701 -20.045 -19.200  -0.104  -0.230  -0.126
  382 21000  3.00  0.50  2.00  0.00  0.00 -20.830 -20.182 -19.341  -0.096  -0.218  -0.123
  383 21000  3.50  0.50  2.00  0.00  0.00 -20.803 -20.150 -19.302  -0.103  -0.230  -0.128
  384 21000  4.00  0.50  2.00  0.00  0.00 -20.792 -20.136 -19.287  -0.105  -0.235  -0.130
  385 21000  4.50  0.50  2.00  0.00  0.00 -20.792 -20.133 -19.283  -0.107  -0.238  -0.132
  386 21000  5.00  0.50  2.00  0.00  0.00 -20.790 -20.132 -19.281  -0.108  -0.238  -0.131
  387 22000  3.00  0.50  2.00  0.00  0.00 -20.924 -20.273 -19.428  -0.099  -0.224  -0.126
  388 22000  3.50  0.50  2.00  0.00  0.00 -20.894 -20.237 -19.385  -0.106  -0.238  -0.133
  389 22000  4.00  0.50  2.00  0.00  0.00 -20.878 -20.218 -19.363  -0.109  -0.243  -0.135
  390 22000  4.50  0.50  2.00  0.00  0.00 -20.874 -20.212 -19.357  -0.110  -0.245  -0.136
  391 22000  5.00  0.50  2.00  0.00  0.00 -20.873 -20.211 -19.356  -0.111  -0.246  -0.136
  392 23000  3.00  0.50  2.00  0.00  0.00 -21.012 -20.359 -19.510  -0.103  -0.231  -0.130
  393 23000  3.50  0.50  2.00  0.00  0.00 -20.982 -20.321 -19.466  -0.109  -0.245  -0.137
  394 23000  4.00  0.50  2.00  0.00  0.00 -20.960 -20.297 -19.438  -0.112  -0.251  -0.139
  395 23000  4.50  0.50  2.00  0.00  0.00 -20.952 -20.287 -19.428  -0.114  -0.253  -0.140
  396 23000  5.00  0.50  2.00  0.00  0.00 -20.950 -20.285 -19.426  -0.114  -0.253  -0.140
  397 24000  3.00  0.50  2.00  0.00  0.00 -21.099 -20.442 -19.588  -0.106  -0.240  -0.134
  398 24000  3.50  0.50  2.00  0.00  0.00 -21.065 -20.401 -19.542  -0.113  -0.253  -0.141
  399 24000  4.00  0.50  2.00  0.00  0.00 -21.040 -20.373 -19.511  -0.116  -0.258  -0.143
  400 24000  4.50  0.50  2.00  0.00  0.00 -21.027 -20.359 -19.496  -0.117  -0.260  -0.144
  401 24000  5.00  0.50  2.00  0.00  0.00 -21.022 -20.354 -19.492  -0.117  -0.260  -0.143
  402 25000  3.00  0.50  2.00  0.00  0.00 -21.185 -20.525 -19.669  -0.108  -0.245  -0.138
  403 25000  3.50  0.50  2.00  0.00  0.00 -21.146 -20.478 -19.614  -0.117  -0.261  -0.145
  404 25000  4.00  0.50  2.00  0.00  0.00 -21.117 -20.447 -19.581  -0.119  -0.265  -0.147
  405 25000  4.50  0.50  2.00  0.00  0.00 -21.100 -20.429 -19.562  -0.120  -0.267  -0.148
  406 25000  5.00  0.50  2.00  0.00  0.00 -21.092 -20.421 -19.555  -0.120  -0.267  -0.147
  407 26000  3.00  0.50  2.00  0.00  0.00 -21.264 -20.606 -19.750  -0.107  -0.243  -0.137
  408 26000  3.50  0.50  2.00  0.00  0.00 -21.227 -20.554 -19.685  -0.121  -0.271  -0.150
  409 26000  4.00  0.50  2.00  0.00  0.00 -21.192 -20.519 -19.648  -0.123  -0.273  -0.151
  410 26000  4.50  0.50  2.00  0.00  0.00 -21.172 -20.497 -19.626  -0.123  -0.274  -0.152
  411 26000  5.00  0.50  2.00  0.00  0.00 -21.161 -20.486 -19.616  -0.124  -0.274  -0.151
  412 27000  3.50  0.50  2.00  0.00  0.00 -21.308 -20.632 -19.758  -0.125  -0.279  -0.155
  413 27000  4.00  0.50  2.00  0.00  0.00 -21.268 -20.590 -19.714  -0.127  -0.282  -0.156
  414 27000  4.50  0.50  2.00  0.00  0.00 -21.242 -20.564 -19.689  -0.127  -0.282  -0.156
  415 27000  5.00  0.50  2.00  0.00  0.00 -21.228 -20.550 -19.676  -0.127  -0.281  -0.155
  416 28000  3.50  0.50  2.00  0.00  0.00 -21.388 -20.709 -19.832  -0.128  -0.285  -0.158
  417 28000  4.00  0.50  2.00  0.00  0.00 -21.343 -20.661 -19.781  -0.131  -0.291  -0.161
  418 28000  4.50  0.50  2.00  0.00  0.00 -21.313 -20.631 -19.752  -0.131  -0.290  -0.160
  419 28000  5.00  0.50  2.00  0.00  0.00 -21.295 -20.614 -19.736  -0.131  -0.289  -0.159
  420 29000  3.50  0.50  2.00  0.00  0.00 -21.462 -20.783 -19.904  -0.129  -0.287  -0.159
  421 29000  4.00  0.50  2.00  0.00  0.00 -21.419 -20.733 -19.849  -0.135  -0.299  -0.165
  422 29000  4.50  0.50  2.00  0.00  0.00 -21.385 -20.699 -19.815  -0.135  -0.299  -0.165
  423 29000  5.00  0.50  2.00  0.00  0.00 -21.363 -20.678 -19.795  -0.134  -0.297  -0.163
  424 30000  3.50  0.50  2.00  0.00  0.00 -21.528 -20.849 -19.971  -0.128  -0.286  -0.159
  425 30000  4.00  0.50  2.00  0.00  0.00 -21.493 -20.804 -19.917  -0.138  -0.305  -0.168
  426 30000  4.50  0.50  2.00  0.00  0.00 -21.457 -20.767 -19.879  -0.138  -0.306  -0.169
  427 30000  5.00  0.50  2.00  0.00  0.00 -21.432 -20.743 -19.856  -0.138  -0.304  -0.168
  428 31000  3.50  0.50  2.00  0.00  0.00 -21.585 -20.907 -20.030  -0.127  -0.284  -0.158
  429 31000  4.00  0.50  2.00  0.00  0.00 -21.563 -20.872 -19.984  -0.139  -0.308  -0.170
  430 31000  4.50  0.50  2.00  0.00  0.00 -21.527 -20.835 -19.944  -0.141  -0.312  -0.172
  431 31000  5.00  0.50  2.00  0.00  0.00 -21.500 -20.808 -19.918  -0.141  -0.311  -0.171
  432 32000  4.00  0.50  2.00  0.00  0.00 -21.626 -20.934 -20.045  -0.140  -0.310  -0.170
  433 32000  4.50  0.50  2.00  0.00  0.00 -21.595 -20.900 -20.007  -0.144  -0.317  -0.174
  434 32000  5.00  0.50  2.00  0.00  0.00 -21.567 -20.872 -19.979  -0.144  -0.317  -0.174
  435 33000  4.00  0.50  2.00  0.00  0.00 -21.681 -20.990 -20.101  -0.141  -0.310  -0.170
  436 33000  4.50  0.50  2.00  0.00  0.00 -21.657 -20.961 -20.066  -0.145  -0.320  -0.175
  437 33000  5.00  0.50  2.00  0.00  0.00 -21.632 -20.934 -20.039  -0.146  -0.322  -0.176
  438 34000  4.00  0.50  2.00  0.00  0.00 -21.731 -21.039 -20.151  -0.141  -0.309  -0.169
  439 34000  4.50  0.50  2.00  0.00  0.00 -21.714 -21.016 -20.122  -0.146  -0.321  -0.176
  440 34000  5.00  0.50  2.00  0.00  0.00 -21.692 -20.993 -20.096  -0.148  -0.325  -0.178
  441 35000  4.00  0.50  2.00  0.00  0.00 -21.774 -21.082 -20.194  -0.141  -0.308  -0.169
  442 35000  4.50  0.50  2.00  0.00  0.00 -21.765 -21.067 -20.172  -0.147  -0.322  -0.176
  443 35000  5.00  0.50  2.00  0.00  0.00 -21.747 -21.046 -20.149  -0.149  -0.327  -0.178
  444 36000  4.00  0.50  2.00  0.00  0.00 -21.812 -21.120 -20.233  -0.141  -0.308  -0.169
  445 36000  4.50  0.50  2.00  0.00  0.00 -21.810 -21.111 -20.217  -0.148  -0.322  -0.175
  446 36000  5.00  0.50  2.00  0.00  0.00 -21.797 -21.095 -20.198  -0.150  -0.328  -0.178
  447 37000  4.00  0.50  2.00  0.00  0.00 -21.847 -21.155 -20.267  -0.141  -0.309  -0.169
  448 37000  4.50  0.50  2.00  0.00  0.00 -21.850 -21.151 -20.257  -0.148  -0.322  -0.175
  449 37000  5.00  0.50  2.00  0.00  0.00 -21.842 -21.139 -20.243  -0.151  -0.328  -0.178
  450 38000  4.00  0.50  2.00  0.00  0.00 -21.880 -21.188 -20.299  -0.142  -0.310  -0.169
  451 38000  4.50  0.50  2.00  0.00  0.00 -21.886 -21.186 -20.293  -0.149  -0.322  -0.175
  452 38000  5.00  0.50  2.00  0.00  0.00 -21.882 -21.179 -20.282  -0.152  -0.328  -0.177
  453 39000  4.00  0.50  2.00  0.00  0.00 -21.912 -21.219 -20.330  -0.142  -0.311  -0.170
  454 39000  4.50  0.50  2.00  0.00  0.00 -21.919 -21.219 -20.325  -0.150  -0.323  -0.175
  455 39000  5.00  0.50  2.00  0.00  0.00 -21.918 -21.214 -20.318  -0.153  -0.329  -0.177
  456 40000  4.50  0.50  2.00  0.00  0.00 -21.950 -21.249 -20.355  -0.150  -0.325  -0.175
  457 40000  5.00  0.50  2.00  0.00  0.00 -21.950 -21.246 -20.350  -0.154  -0.330  -0.177
  458 41000  4.50  0.50  2.00  0.00  0.00 -21.981 -21.278 -20.383  -0.151  -0.327  -0.176
  459 41000  5.00  0.50  2.00  0.00  0.00 -21.981 -21.275 -20.379  -0.154  -0.331  -0.178
  460 42000  4.50  0.50  2.00  0.00  0.00 -22.010 -21.307 -20.411  -0.152  -0.328  -0.177
  461 42000  5.00  0.50  2.00  0.00  0.00 -22.010 -21.304 -20.407  -0.155  -0.333  -0.178
  462 43000  4.50  0.50  2.00  0.00  0.00 -22.039 -21.336 -20.439  -0.153  -0.330  -0.178
  463 43000  5.00  0.50  2.00  0.00  0.00 -22.038 -21.331 -20.433  -0.156  -0.334  -0.179
  464 44000  4.50  0.50  2.00  0.00  0.00 -22.068 -21.364 -20.466  -0.153  -0.331  -0.179
  465 44000  5.00  0.50  2.00  0.00  0.00 -22.066 -21.358 -20.459  -0.157  -0.336  -0.180
  466 45000  4.50  0.50  2.00  0.00  0.00 -22.096 -21.391 -20.493  -0.153  -0.332  -0.180
  467 45000  5.00  0.50  2.00  0.00  0.00 -22.093 -21.385 -20.485  -0.158  -0.337  -0.181
  468 46000  4.50  0.50  2.00  0.00  0.00 -22.123 -21.418 -20.519  -0.154  -0.333  -0.181
  469 46000  5.00  0.50  2.00  0.00  0.00 -22.120 -21.411 -20.510  -0.158  -0.339  -0.181
  470 47000  4.50  0.50  2.00  0.00  0.00 -22.150 -21.445 -20.544  -0.154  -0.334  -0.181
  471 47000  5.00  0.50  2.00  0.00  0.00 -22.146 -21.437 -20.535  -0.159  -0.340  -0.182
  472 48000  4.50  0.50  2.00  0.00  0.00 -22.175 -21.470 -20.569  -0.154  -0.335  -0.182
  473 48000  5.00  0.50  2.00  0.00  0.00 -22.172 -21.462 -20.560  -0.159  -0.341  -0.183
  474 49000  4.50  0.50  2.00  0.00  0.00 -22.201 -21.495 -20.593  -0.154  -0.337  -0.183
  475 49000  5.00  0.50  2.00  0.00  0.00 -22.197 -21.487 -20.584  -0.159  -0.342  -0.184
  476 50000  5.00  0.50  2.00  0.00  0.00 -22.221 -21.511 -20.607  -0.160  -0.343  -0.184