TEFF   9750.  GRAVITY 3.50000 LTE
TITLE  [+0.5] N(He)/Ntot=0.07813 VTURB=2.0  L/H=1.25 NOVER
OPACITY IFOP 1 1 1 1 1 1 1 1 1 1 1 1 1 0 1 0 0 0 0 0
CONVECTION ON   1.25 TURBULENCE OFF  0.00  0.00  0.00  0.00
ABUNDANCE SCALE   3.16228 ABUNDANCE CHANGE 1 0.91790 2 0.07813
ABUNDANCE CHANGE  3 -10.94  4 -10.64  5  -9.49  6  -3.52  7  -4.12  8  -3.21
ABUNDANCE CHANGE  9  -7.48 10  -3.96 11  -5.71 12  -4.46 13  -5.57 14  -4.49
ABUNDANCE CHANGE 15  -6.59 16  -4.71 17  -6.54 18  -5.64 19  -6.92 20  -5.68
ABUNDANCE CHANGE 21  -8.87 22  -7.02 23  -8.04 24  -6.37 25  -6.65 26  -4.54
ABUNDANCE CHANGE 27  -7.12 28  -5.79 29  -7.83 30  -7.44 31  -9.16 32  -8.63
ABUNDANCE CHANGE 33  -9.67 34  -8.63 35  -9.41 36  -8.73 37  -9.44 38  -9.07
ABUNDANCE CHANGE 39  -9.80 40  -9.44 41 -10.62 42 -10.12 43 -20.00 44 -10.20
ABUNDANCE CHANGE 45 -10.92 46 -10.35 47 -11.10 48 -10.27 49 -10.38 50 -10.04
ABUNDANCE CHANGE 51 -11.04 52  -9.80 53 -10.53 54  -9.87 55 -10.91 56  -9.91
ABUNDANCE CHANGE 57 -10.87 58 -10.46 59 -11.33 60 -10.54 61 -20.00 62 -11.03
ABUNDANCE CHANGE 63 -11.53 64 -10.92 65 -11.69 66 -10.90 67 -11.78 68 -11.11
ABUNDANCE CHANGE 69 -12.04 70 -10.96 71 -11.98 72 -11.16 73 -12.17 74 -10.93
ABUNDANCE CHANGE 75 -11.76 76 -10.59 77 -10.69 78 -10.24 79 -11.03 80 -10.91
ABUNDANCE CHANGE 81 -11.14 82 -10.09 83 -11.33 84 -20.00 85 -20.00 86 -20.00
ABUNDANCE CHANGE 87 -20.00 88 -20.00 89 -20.00 90 -11.95 91 -20.00 92 -12.54
ABUNDANCE CHANGE 93 -20.00 94 -20.00 95 -20.00 96 -20.00 97 -20.00 98 -20.00
ABUNDANCE CHANGE 99 -20.00
READ DECK6 72 RHOX,T,P,XNE,ABROSS,ACCRAD,VTURB, FLXCNV,VCONV,VELSND
1.51353699E-06   5566.7 4.725E-03 1.262E+09 8.811E-02 4.060E+01 2.000E+05 0.000E+00 0.000E+00 1.444E+07
2.02716507E-06   5602.8 6.328E-03 1.623E+09 8.508E-02 4.010E+01 2.000E+05 0.000E+00 0.000E+00 1.256E+07
2.74159492E-06   5635.0 8.559E-03 2.083E+09 8.096E-02 3.931E+01 2.000E+05 0.000E+00 0.000E+00 1.087E+07
3.73445143E-06   5675.5 1.166E-02 2.721E+09 7.836E-02 3.837E+01 2.000E+05 0.000E+00 8.915E+07 9.398E+06
5.09767767E-06   5720.4 1.592E-02 3.584E+09 7.658E-02 3.722E+01 2.000E+05 0.000E+00 6.745E+07 8.124E+06
6.94776074E-06   5769.4 2.170E-02 4.743E+09 7.561E-02 3.593E+01 2.000E+05 0.000E+00 5.088E+07 7.035E+06
9.43599086E-06   5821.2 2.948E-02 6.287E+09 7.524E-02 3.452E+01 2.000E+05 0.000E+00 3.817E+07 6.108E+06
1.27587804E-05   5875.1 3.988E-02 8.325E+09 7.536E-02 3.308E+01 2.000E+05 0.000E+00 2.859E+07 5.319E+06
1.71703833E-05   5930.4 5.369E-02 1.100E+10 7.587E-02 3.163E+01 2.000E+05 0.000E+00 2.141E+07 4.647E+06
2.29999083E-05   5986.6 7.194E-02 1.449E+10 7.672E-02 3.019E+01 2.000E+05 0.000E+00 1.600E+07 4.072E+06
3.06762463E-05   6043.1 9.599E-02 1.902E+10 7.780E-02 2.878E+01 2.000E+05 0.000E+00 1.190E+07 3.580E+06
4.07624027E-05   6099.1 1.276E-01 2.484E+10 7.898E-02 2.737E+01 2.000E+05 0.000E+00 8.782E+06 3.157E+06
5.40126233E-05   6154.0 1.692E-01 3.226E+10 8.016E-02 2.607E+01 2.000E+05 0.000E+00 6.422E+06 2.792E+06
7.14312920E-05   6207.6 2.238E-01 4.170E+10 8.128E-02 2.492E+01 2.000E+05 0.000E+00 4.662E+06 2.476E+06
9.43369197E-05   6260.2 2.957E-01 5.368E+10 8.246E-02 2.403E+01 2.000E+05 0.000E+00 3.375E+06 2.203E+06
1.24398842E-04   6312.8 3.900E-01 6.893E+10 8.393E-02 2.337E+01 2.000E+05 0.000E+00 2.452E+06 1.969E+06
1.63666587E-04   6366.3 5.133E-01 8.839E+10 8.596E-02 2.288E+01 2.000E+05 0.000E+00 1.790E+06 1.768E+06
2.14559426E-04   6421.9 6.731E-01 1.133E+11 8.885E-02 2.252E+01 2.000E+05 0.000E+00 1.310E+06 1.598E+06
2.79863783E-04   6479.5 8.781E-01 1.450E+11 9.281E-02 2.225E+01 2.000E+05 0.000E+00 9.556E+05 1.455E+06
3.62757675E-04   6539.5 1.138E+00 1.853E+11 9.803E-02 2.206E+01 2.000E+05 0.000E+00 5.250E+05 1.336E+06
4.66827205E-04   6601.4 1.465E+00 2.360E+11 1.047E-01 2.191E+01 2.000E+05 0.000E+00 1.867E+05 1.238E+06
5.96114575E-04   6665.3 1.871E+00 2.995E+11 1.129E-01 2.176E+01 2.000E+05 0.000E+00 1.074E+05 1.158E+06
7.55166285E-04   6730.3 2.371E+00 3.783E+11 1.229E-01 2.166E+01 2.000E+05 0.000E+00 6.210E+04 1.092E+06
9.49186960E-04   6796.1 2.980E+00 4.753E+11 1.349E-01 2.162E+01 2.000E+05 0.000E+00 3.595E+04 1.039E+06
1.18410021E-03   6862.7 3.718E+00 5.940E+11 1.490E-01 2.162E+01 2.000E+05 0.000E+00 2.067E+04 9.960E+05
1.46678922E-03   6929.3 4.606E+00 7.380E+11 1.655E-01 2.165E+01 2.000E+05 0.000E+00 1.148E+04 9.614E+05
1.80542644E-03   6995.5 5.669E+00 9.114E+11 1.846E-01 2.174E+01 2.000E+05 0.000E+00 5.983E+03 9.337E+05
2.20977020E-03   7061.0 6.939E+00 1.119E+12 2.064E-01 2.190E+01 2.000E+05 0.000E+00 2.713E+03 9.114E+05
2.69158060E-03   7125.5 8.452E+00 1.366E+12 2.312E-01 2.210E+01 2.000E+05 0.000E+00 7.915E+02 8.935E+05
3.26498113E-03   7188.8 1.025E+01 1.658E+12 2.592E-01 2.241E+01 2.000E+05 0.000E+00 0.000E+00 8.791E+05
3.94667532E-03   7251.3 1.239E+01 2.003E+12 2.908E-01 2.284E+01 2.000E+05 0.000E+00 0.000E+00 8.677E+05
4.75619219E-03   7312.9 1.493E+01 2.411E+12 3.268E-01 2.340E+01 2.000E+05 0.000E+00 0.000E+00 8.586E+05
5.71626953E-03   7373.8 1.795E+01 2.891E+12 3.677E-01 2.409E+01 2.000E+05 0.000E+00 0.000E+00 8.515E+05
6.85321544E-03   7434.5 2.151E+01 3.456E+12 4.144E-01 2.491E+01 2.000E+05 0.000E+00 0.000E+00 8.461E+05
8.19767415E-03   7494.7 2.573E+01 4.120E+12 4.676E-01 2.588E+01 2.000E+05 0.000E+00 0.000E+00 8.422E+05
9.78569467E-03   7554.7 3.071E+01 4.897E+12 5.282E-01 2.704E+01 2.000E+05 0.000E+00 0.000E+00 8.393E+05
1.16587306E-02   7615.2 3.658E+01 5.812E+12 5.976E-01 2.835E+01 2.000E+05 0.000E+00 0.000E+00 8.376E+05
1.38650658E-02   7675.8 4.350E+01 6.884E+12 6.769E-01 2.986E+01 2.000E+05 0.000E+00 0.000E+00 8.367E+05
1.64620978E-02   7736.2 5.163E+01 8.136E+12 7.672E-01 3.167E+01 2.000E+05 0.000E+00 0.000E+00 8.364E+05
1.95143521E-02   7797.7 6.118E+01 9.606E+12 8.716E-01 3.385E+01 2.000E+05 0.000E+00 0.000E+00 8.369E+05
2.30893696E-02   7861.3 7.236E+01 1.134E+13 9.943E-01 3.652E+01 2.000E+05 0.000E+00 0.000E+00 8.383E+05
2.72559444E-02   7928.7 8.538E+01 1.341E+13 1.142E+00 3.979E+01 2.000E+05 0.000E+00 0.000E+00 8.406E+05
3.20761404E-02   8001.7 1.004E+02 1.588E+13 1.321E+00 4.386E+01 2.000E+05 2.588E-05 0.000E+00 8.441E+05
3.75971272E-02   8083.3 1.176E+02 1.889E+13 1.547E+00 4.894E+01 2.000E+05 9.306E-04 5.368E+01 8.493E+05
4.38466727E-02   8174.7 1.371E+02 2.256E+13 1.834E+00 5.521E+01 2.000E+05 5.888E-03 1.660E+02 8.563E+05
5.08326641E-02   8278.0 1.587E+02 2.705E+13 2.202E+00 6.305E+01 2.000E+05 2.036E-02 2.659E+02 8.656E+05
5.85374168E-02   8394.8 1.826E+02 3.254E+13 2.681E+00 7.304E+01 2.000E+05 5.115E-02 3.584E+02 8.776E+05
6.69137165E-02   8528.4 2.084E+02 3.928E+13 3.313E+00 8.594E+01 2.000E+05 1.071E-01 4.493E+02 8.929E+05
7.58865812E-02   8682.1 2.359E+02 4.752E+13 4.151E+00 1.026E+02 2.000E+05 1.975E-01 5.429E+02 9.124E+05
8.53887635E-02   8861.0 2.649E+02 5.758E+13 5.247E+00 1.232E+02 2.000E+05 3.302E-01 6.353E+02 9.374E+05
9.53933076E-02   9066.5 2.952E+02 6.952E+13 6.650E+00 1.486E+02 2.000E+05 5.113E-01 7.307E+02 9.685E+05
1.05920930E-01   9303.9 3.268E+02 8.332E+13 8.381E+00 1.788E+02 2.000E+05 7.008E-01 8.299E+02 1.007E+06
1.17235761E-01   9579.3 3.603E+02 9.870E+13 1.026E+01 2.088E+02 2.000E+05 7.574E-01 8.798E+02 1.052E+06
1.29780700E-01   9894.3 3.972E+02 1.149E+14 1.210E+01 2.366E+02 2.000E+05 5.730E-01 8.082E+02 1.104E+06
1.44400797E-01  10254.9 4.399E+02 1.315E+14 1.343E+01 2.525E+02 2.000E+05 2.753E-01 5.981E+02 1.160E+06
1.62502204E-01  10665.0 4.925E+02 1.486E+14 1.409E+01 2.568E+02 2.000E+05 7.759E-02 3.560E+02 1.221E+06
1.86020821E-01  11133.2 5.608E+02 1.673E+14 1.417E+01 2.538E+02 2.000E+05 1.247E-02 1.772E+02 1.289E+06
2.18095342E-01  11665.4 6.544E+02 1.899E+14 1.356E+01 2.379E+02 2.000E+05 1.197E-03 7.295E+01 1.368E+06
2.63231150E-01  12267.6 7.867E+02 2.195E+14 1.273E+01 2.218E+02 2.000E+05 6.595E-05 1.973E+01 1.453E+06
3.27721134E-01  12950.6 9.769E+02 2.598E+14 1.184E+01 2.059E+02 2.000E+05 1.152E-06 0.000E+00 1.530E+06
4.20616986E-01  13721.5 1.252E+03 3.157E+14 1.094E+01 1.898E+02 2.000E+05 0.000E+00 0.000E+00 1.577E+06
5.53437763E-01  14582.0 1.648E+03 3.930E+14 1.030E+01 1.790E+02 2.000E+05 2.429E-05 0.000E+00 1.592E+06
7.40520627E-01  15541.2 2.207E+03 4.978E+14 9.841E+00 1.713E+02 2.000E+05 5.647E-04 4.047E+01 1.613E+06
9.91050229E-01  16587.8 2.956E+03 6.313E+14 1.025E+01 1.770E+02 2.000E+05 1.323E-03 1.038E+02 1.672E+06
1.29836585E+00  17708.8 3.871E+03 7.818E+14 1.146E+01 1.921E+02 2.000E+05 1.048E-03 8.172E+01 1.772E+06
1.68692271E+00  18937.0 5.024E+03 9.544E+14 1.143E+01 1.947E+02 2.000E+05 2.661E-04 0.000E+00 1.901E+06
2.20365055E+00  20273.4 6.557E+03 1.167E+15 1.152E+01 1.950E+02 2.000E+05 0.000E+00 0.000E+00 2.025E+06
2.89801787E+00  21723.3 8.619E+03 1.433E+15 1.121E+01 1.902E+02 2.000E+05 0.000E+00 0.000E+00 2.127E+06
3.87149017E+00  23299.3 1.152E+04 1.787E+15 1.046E+01 1.777E+02 2.000E+05 0.000E+00 0.000E+00 2.215E+06
5.27335430E+00  25000.8 1.571E+04 2.273E+15 9.686E+00 1.665E+02 2.000E+05 0.000E+00 0.000E+00 2.301E+06
7.22521886E+00  26834.8 2.156E+04 2.907E+15 9.597E+00 1.630E+02 2.000E+05 0.000E+00 0.000E+00 2.392E+06
9.79870611E+00  28804.9 2.929E+04 3.680E+15 9.840E+00 1.575E+02 2.000E+05 0.000E+00 0.000E+00 2.480E+06
PRADK 1.2129E+01
BEGIN                    ITERATION  15 COMPLETED
