TEFF   4750.  GRAVITY 4.50000 LTE
TITLE  [+0.5] N(He)/Ntot=0.07813 VTURB=2.0  L/H=1.25 NOVER
OPACITY IFOP 1 1 1 1 1 1 1 1 1 1 1 1 1 0 1 0 0 0 0 0
CONVECTION ON   1.25 TURBULENCE OFF  0.00  0.00  0.00  0.00
ABUNDANCE SCALE   3.16228 ABUNDANCE CHANGE 1 0.91790 2 0.07813
ABUNDANCE CHANGE  3 -10.94  4 -10.64  5  -9.49  6  -3.52  7  -4.12  8  -3.21
ABUNDANCE CHANGE  9  -7.48 10  -3.96 11  -5.71 12  -4.46 13  -5.57 14  -4.49
ABUNDANCE CHANGE 15  -6.59 16  -4.71 17  -6.54 18  -5.64 19  -6.92 20  -5.68
ABUNDANCE CHANGE 21  -8.87 22  -7.02 23  -8.04 24  -6.37 25  -6.65 26  -4.54
ABUNDANCE CHANGE 27  -7.12 28  -5.79 29  -7.83 30  -7.44 31  -9.16 32  -8.63
ABUNDANCE CHANGE 33  -9.67 34  -8.63 35  -9.41 36  -8.73 37  -9.44 38  -9.07
ABUNDANCE CHANGE 39  -9.80 40  -9.44 41 -10.62 42 -10.12 43 -20.00 44 -10.20
ABUNDANCE CHANGE 45 -10.92 46 -10.35 47 -11.10 48 -10.27 49 -10.38 50 -10.04
ABUNDANCE CHANGE 51 -11.04 52  -9.80 53 -10.53 54  -9.87 55 -10.91 56  -9.91
ABUNDANCE CHANGE 57 -10.87 58 -10.46 59 -11.33 60 -10.54 61 -20.00 62 -11.03
ABUNDANCE CHANGE 63 -11.53 64 -10.92 65 -11.69 66 -10.90 67 -11.78 68 -11.11
ABUNDANCE CHANGE 69 -12.04 70 -10.96 71 -11.98 72 -11.16 73 -12.17 74 -10.93
ABUNDANCE CHANGE 75 -11.76 76 -10.59 77 -10.69 78 -10.24 79 -11.03 80 -10.91
ABUNDANCE CHANGE 81 -11.14 82 -10.09 83 -11.33 84 -20.00 85 -20.00 86 -20.00
ABUNDANCE CHANGE 87 -20.00 88 -20.00 89 -20.00 90 -11.95 91 -20.00 92 -12.54
ABUNDANCE CHANGE 93 -20.00 94 -20.00 95 -20.00 96 -20.00 97 -20.00 98 -20.00
ABUNDANCE CHANGE 99 -20.00
READ DECK6 72 RHOX,T,P,XNE,ABROSS,ACCRAD,VTURB, FLXCNV,VCONV,VELSND
6.24959782E-04   2912.9 1.976E+01 1.396E+09 2.134E-04 6.195E-02 2.000E+05 0.000E+00 0.000E+00 5.471E+05
8.16119976E-04   2942.4 2.581E+01 1.830E+09 2.519E-04 6.294E-02 2.000E+05 0.000E+00 0.000E+00 5.461E+05
1.03508186E-03   2968.5 3.273E+01 2.327E+09 2.898E-04 6.292E-02 2.000E+05 0.000E+00 0.000E+00 5.456E+05
1.28756137E-03   2994.3 4.072E+01 2.911E+09 3.367E-04 6.263E-02 2.000E+05 0.000E+00 0.000E+00 5.458E+05
1.58007908E-03   3020.1 4.997E+01 3.604E+09 3.844E-04 6.235E-02 2.000E+05 0.000E+00 0.000E+00 5.466E+05
1.91658719E-03   3046.8 6.061E+01 4.430E+09 4.515E-04 6.195E-02 2.000E+05 0.000E+00 0.000E+00 5.479E+05
2.30199620E-03   3072.6 7.280E+01 5.394E+09 5.205E-04 6.136E-02 2.000E+05 0.000E+00 0.000E+00 5.493E+05
2.75116667E-03   3098.6 8.700E+01 6.541E+09 5.922E-04 6.069E-02 2.000E+05 0.000E+00 0.000E+00 5.509E+05
3.27921726E-03   3124.9 1.037E+02 7.919E+09 6.710E-04 5.994E-02 2.000E+05 0.000E+00 0.000E+00 5.527E+05
3.89709568E-03   3151.5 1.232E+02 9.570E+09 7.700E-04 5.918E-02 2.000E+05 0.000E+00 0.000E+00 5.546E+05
4.60946583E-03   3178.7 1.458E+02 1.153E+10 8.963E-04 5.856E-02 2.000E+05 0.000E+00 0.000E+00 5.568E+05
5.42370396E-03   3205.5 1.715E+02 1.383E+10 1.046E-03 5.795E-02 2.000E+05 0.000E+00 0.000E+00 5.589E+05
6.35886023E-03   3231.9 2.011E+02 1.651E+10 1.207E-03 5.732E-02 2.000E+05 0.000E+00 0.000E+00 5.610E+05
7.44458819E-03   3258.2 2.354E+02 1.968E+10 1.381E-03 5.672E-02 2.000E+05 0.000E+00 0.000E+00 5.631E+05
8.71449496E-03   3284.6 2.756E+02 2.344E+10 1.571E-03 5.619E-02 2.000E+05 0.000E+00 0.000E+00 5.652E+05
1.02062461E-02   3311.2 3.228E+02 2.792E+10 1.782E-03 5.587E-02 2.000E+05 0.000E+00 0.000E+00 5.673E+05
1.19210384E-02   3339.0 3.770E+02 3.328E+10 2.107E-03 5.605E-02 2.000E+05 0.000E+00 0.000E+00 5.696E+05
1.38663007E-02   3366.1 4.385E+02 3.944E+10 2.463E-03 5.624E-02 2.000E+05 0.000E+00 0.000E+00 5.718E+05
1.60953610E-02   3393.2 5.090E+02 4.665E+10 2.856E-03 5.656E-02 2.000E+05 0.000E+00 0.000E+00 5.741E+05
1.86674347E-02   3420.6 5.903E+02 5.515E+10 3.291E-03 5.701E-02 2.000E+05 0.000E+00 0.000E+00 5.763E+05
2.16501969E-02   3448.6 6.846E+02 6.524E+10 3.776E-03 5.781E-02 2.000E+05 0.000E+00 0.000E+00 5.787E+05
2.51374179E-02   3478.2 7.949E+02 7.747E+10 4.279E-03 5.418E-02 2.000E+05 0.000E+00 0.000E+00 5.812E+05
2.92798058E-02   3509.8 9.259E+02 9.253E+10 4.776E-03 4.374E-02 2.000E+05 0.000E+00 0.000E+00 5.840E+05
3.42105908E-02   3537.9 1.082E+03 1.097E+11 5.367E-03 3.724E-02 2.000E+05 0.000E+00 0.000E+00 5.861E+05
4.00446372E-02   3565.4 1.266E+03 1.299E+11 6.062E-03 3.278E-02 2.000E+05 0.000E+00 0.000E+00 5.880E+05
4.69306855E-02   3591.6 1.484E+03 1.533E+11 6.846E-03 2.961E-02 2.000E+05 0.000E+00 0.000E+00 5.896E+05
5.50640849E-02   3615.3 1.742E+03 1.799E+11 7.728E-03 2.746E-02 2.000E+05 0.000E+00 0.000E+00 5.907E+05
6.46219248E-02   3634.6 2.045E+03 2.089E+11 8.767E-03 2.706E-02 2.000E+05 0.000E+00 0.000E+00 5.909E+05
7.57173457E-02   3649.6 2.398E+03 2.399E+11 1.014E-02 2.983E-02 2.000E+05 0.000E+00 0.000E+00 5.904E+05
8.86942458E-02   3662.5 2.806E+03 2.737E+11 1.162E-02 3.281E-02 2.000E+05 0.000E+00 0.000E+00 5.893E+05
1.03725684E-01   3675.6 3.282E+03 3.122E+11 1.332E-02 3.640E-02 2.000E+05 0.000E+00 0.000E+00 5.882E+05
1.21198583E-01   3689.6 3.834E+03 3.565E+11 1.534E-02 4.073E-02 2.000E+05 0.000E+00 0.000E+00 5.873E+05
1.41394158E-01   3704.5 4.473E+03 4.074E+11 1.769E-02 4.572E-02 2.000E+05 0.000E+00 0.000E+00 5.864E+05
1.64745288E-01   3720.5 5.211E+03 4.663E+11 2.043E-02 5.149E-02 2.000E+05 0.000E+00 0.000E+00 5.858E+05
1.91678962E-01   3737.9 6.062E+03 5.346E+11 2.363E-02 5.824E-02 2.000E+05 0.000E+00 0.000E+00 5.853E+05
2.22699734E-01   3757.1 7.043E+03 6.144E+11 2.740E-02 6.630E-02 2.000E+05 0.000E+00 0.000E+00 5.852E+05
2.58310650E-01   3778.5 8.169E+03 7.085E+11 3.188E-02 7.630E-02 2.000E+05 0.000E+00 0.000E+00 5.856E+05
2.98981139E-01   3804.2 9.455E+03 8.227E+11 3.731E-02 8.939E-02 2.000E+05 0.000E+00 0.000E+00 5.867E+05
3.45364470E-01   3840.5 1.092E+04 9.748E+11 4.357E-02 9.588E-02 2.000E+05 0.000E+00 0.000E+00 5.900E+05
3.98568206E-01   3874.2 1.260E+04 1.147E+12 5.042E-02 1.026E-01 2.000E+05 0.000E+00 0.000E+00 5.927E+05
4.60007024E-01   3908.4 1.455E+04 1.349E+12 5.813E-02 1.104E-01 2.000E+05 0.000E+00 0.000E+00 5.954E+05
5.31144750E-01   3943.4 1.680E+04 1.589E+12 6.690E-02 1.195E-01 2.000E+05 0.000E+00 0.000E+00 5.981E+05
6.13570989E-01   3979.9 1.940E+04 1.875E+12 7.701E-02 1.301E-01 2.000E+05 0.000E+00 0.000E+00 6.011E+05
7.08706529E-01   4019.1 2.241E+04 2.222E+12 8.938E-02 1.433E-01 2.000E+05 0.000E+00 0.000E+00 6.045E+05
8.17656713E-01   4061.9 2.586E+04 2.645E+12 1.044E-01 1.591E-01 2.000E+05 0.000E+00 0.000E+00 6.084E+05
9.41643698E-01   4109.2 2.978E+04 3.167E+12 1.227E-01 1.782E-01 2.000E+05 0.000E+00 0.000E+00 6.131E+05
1.08164581E+00   4162.4 3.420E+04 3.820E+12 1.456E-01 2.019E-01 2.000E+05 0.000E+00 0.000E+00 6.188E+05
1.23808789E+00   4223.2 3.915E+04 4.649E+12 1.747E-01 2.315E-01 2.000E+05 0.000E+00 0.000E+00 6.256E+05
1.41134432E+00   4292.8 4.463E+04 5.709E+12 2.111E-01 2.675E-01 2.000E+05 0.000E+00 0.000E+00 6.336E+05
1.60197166E+00   4372.8 5.066E+04 7.081E+12 2.569E-01 3.119E-01 2.000E+05 0.000E+00 0.000E+00 6.429E+05
1.80828884E+00   4466.6 5.718E+04 8.881E+12 3.204E-01 3.769E-01 2.000E+05 0.000E+00 0.000E+00 6.536E+05
2.02699687E+00   4578.3 6.410E+04 1.126E+13 4.029E-01 4.605E-01 2.000E+05 0.000E+00 0.000E+00 6.658E+05
2.26593224E+00   4704.0 7.165E+04 1.431E+13 4.799E-01 5.186E-01 2.000E+05 0.000E+00 0.000E+00 6.784E+05
2.53332259E+00   4845.7 8.011E+04 1.819E+13 5.734E-01 5.953E-01 2.000E+05 0.000E+00 0.000E+00 6.915E+05
2.83088025E+00   5009.9 8.952E+04 2.308E+13 6.872E-01 6.954E-01 2.000E+05 0.000E+00 0.000E+00 7.065E+05
3.16667946E+00   5198.7 1.001E+05 2.911E+13 8.002E-01 7.890E-01 2.000E+05 0.000E+00 0.000E+00 7.242E+05
3.55449567E+00   5416.1 1.124E+05 3.649E+13 9.174E-01 8.909E-01 2.000E+05 5.058E+00 0.000E+00 7.447E+05
4.00955270E+00   5666.3 1.268E+05 4.595E+13 1.037E+00 9.949E-01 2.000E+05 1.954E+04 4.424E+02 7.664E+05
4.53897424E+00   5952.8 1.435E+05 6.029E+13 1.213E+00 1.162E+00 2.000E+05 1.305E+06 6.790E+03 7.873E+05
5.11669563E+00   6285.0 1.618E+05 8.838E+13 1.564E+00 1.483E+00 2.000E+05 2.445E+07 2.661E+04 8.069E+05
5.67636188E+00   6653.8 1.795E+05 1.476E+14 2.293E+00 2.062E+00 2.000E+05 1.384E+08 6.715E+04 8.240E+05
6.16445997E+00   7030.6 1.949E+05 2.581E+14 3.601E+00 2.822E+00 2.000E+05 4.110E+08 1.063E+05 8.373E+05
6.58090273E+00   7377.2 2.081E+05 4.289E+14 5.549E+00 3.435E+00 2.000E+05 8.064E+08 1.341E+05 8.459E+05
6.95074159E+00   7682.9 2.198E+05 6.592E+14 8.104E+00 3.683E+00 2.000E+05 1.202E+09 1.502E+05 8.514E+05
7.29818891E+00   7945.6 2.308E+05 9.385E+14 1.120E+01 3.679E+00 2.000E+05 1.510E+09 1.572E+05 8.552E+05
7.64061226E+00   8180.2 2.416E+05 1.270E+15 1.487E+01 3.580E+00 2.000E+05 1.720E+09 1.596E+05 8.583E+05
7.98978577E+00   8392.5 2.526E+05 1.654E+15 1.919E+01 3.451E+00 2.000E+05 1.868E+09 1.591E+05 8.614E+05
8.35468680E+00   8591.3 2.642E+05 2.100E+15 2.425E+01 3.319E+00 2.000E+05 1.970E+09 1.583E+05 8.645E+05
8.74262112E+00   8781.2 2.765E+05 2.619E+15 3.021E+01 3.148E+00 2.000E+05 2.047E+09 1.549E+05 8.680E+05
9.16108320E+00   8961.1 2.897E+05 3.211E+15 3.711E+01 3.018E+00 2.000E+05 2.105E+09 1.538E+05 8.718E+05
9.61523314E+00   9143.5 3.040E+05 3.923E+15 4.549E+01 2.847E+00 2.000E+05 2.144E+09 1.487E+05 8.762E+05
1.01146256E+01   9310.4 3.198E+05 4.698E+15 5.468E+01 2.873E+00 2.000E+05 2.174E+09 1.475E+05 8.807E+05
PRADK 6.7986E-01
BEGIN                    ITERATION  15 COMPLETED
