TEFF   4000.  GRAVITY 4.00000 LTE
TITLE  [+0.5] N(He)/Ntot=0.07813 VTURB=2.0  L/H=1.25 NOVER
OPACITY IFOP 1 1 1 1 1 1 1 1 1 1 1 1 1 0 1 0 0 0 0 0
CONVECTION ON   1.25 TURBULENCE OFF  0.00  0.00  0.00  0.00
ABUNDANCE SCALE   3.16228 ABUNDANCE CHANGE 1 0.91790 2 0.07813
ABUNDANCE CHANGE  3 -10.94  4 -10.64  5  -9.49  6  -3.52  7  -4.12  8  -3.21
ABUNDANCE CHANGE  9  -7.48 10  -3.96 11  -5.71 12  -4.46 13  -5.57 14  -4.49
ABUNDANCE CHANGE 15  -6.59 16  -4.71 17  -6.54 18  -5.64 19  -6.92 20  -5.68
ABUNDANCE CHANGE 21  -8.87 22  -7.02 23  -8.04 24  -6.37 25  -6.65 26  -4.54
ABUNDANCE CHANGE 27  -7.12 28  -5.79 29  -7.83 30  -7.44 31  -9.16 32  -8.63
ABUNDANCE CHANGE 33  -9.67 34  -8.63 35  -9.41 36  -8.73 37  -9.44 38  -9.07
ABUNDANCE CHANGE 39  -9.80 40  -9.44 41 -10.62 42 -10.12 43 -20.00 44 -10.20
ABUNDANCE CHANGE 45 -10.92 46 -10.35 47 -11.10 48 -10.27 49 -10.38 50 -10.04
ABUNDANCE CHANGE 51 -11.04 52  -9.80 53 -10.53 54  -9.87 55 -10.91 56  -9.91
ABUNDANCE CHANGE 57 -10.87 58 -10.46 59 -11.33 60 -10.54 61 -20.00 62 -11.03
ABUNDANCE CHANGE 63 -11.53 64 -10.92 65 -11.69 66 -10.90 67 -11.78 68 -11.11
ABUNDANCE CHANGE 69 -12.04 70 -10.96 71 -11.98 72 -11.16 73 -12.17 74 -10.93
ABUNDANCE CHANGE 75 -11.76 76 -10.59 77 -10.69 78 -10.24 79 -11.03 80 -10.91
ABUNDANCE CHANGE 81 -11.14 82 -10.09 83 -11.33 84 -20.00 85 -20.00 86 -20.00
ABUNDANCE CHANGE 87 -20.00 88 -20.00 89 -20.00 90 -11.95 91 -20.00 92 -12.54
ABUNDANCE CHANGE 93 -20.00 94 -20.00 95 -20.00 96 -20.00 97 -20.00 98 -20.00
ABUNDANCE CHANGE 99 -20.00
READ DECK6 72 RHOX,T,P,XNE,ABROSS,ACCRAD,VTURB, FLXCNV,VCONV,VELSND
5.19497384E-04   2595.6 5.195E+00 2.559E+08 2.567E-04 4.187E-02 2.000E+05 0.000E+00 0.000E+00 4.980E+05
6.83046474E-04   2620.7 6.830E+00 3.349E+08 2.872E-04 4.160E-02 2.000E+05 0.000E+00 0.000E+00 4.950E+05
8.77600570E-04   2643.6 8.776E+00 4.280E+08 3.225E-04 4.085E-02 2.000E+05 0.000E+00 0.000E+00 4.929E+05
1.10715998E-03   2664.0 1.107E+01 5.364E+08 3.666E-04 3.979E-02 2.000E+05 0.000E+00 0.000E+00 4.912E+05
1.37612827E-03   2683.4 1.376E+01 6.627E+08 4.175E-04 3.858E-02 2.000E+05 0.000E+00 0.000E+00 4.902E+05
1.69407902E-03   2703.5 1.694E+01 8.128E+08 4.654E-04 3.742E-02 2.000E+05 0.000E+00 0.000E+00 4.898E+05
2.07749586E-03   2724.4 2.077E+01 9.949E+08 5.110E-04 3.632E-02 2.000E+05 0.000E+00 0.000E+00 4.900E+05
2.54740559E-03   2746.5 2.547E+01 1.220E+09 5.535E-04 3.525E-02 2.000E+05 0.000E+00 0.000E+00 4.906E+05
3.12208399E-03   2768.5 3.122E+01 1.494E+09 6.080E-04 3.396E-02 2.000E+05 0.000E+00 0.000E+00 4.913E+05
3.80669364E-03   2788.5 3.807E+01 1.815E+09 6.913E-04 3.243E-02 2.000E+05 0.000E+00 0.000E+00 4.916E+05
4.61337599E-03   2808.5 4.613E+01 2.194E+09 7.773E-04 3.109E-02 2.000E+05 0.000E+00 0.000E+00 4.921E+05
5.57472251E-03   2828.8 5.575E+01 2.646E+09 8.661E-04 2.994E-02 2.000E+05 0.000E+00 0.000E+00 4.938E+05
6.72949361E-03   2849.4 6.729E+01 3.190E+09 9.584E-04 2.895E-02 2.000E+05 0.000E+00 0.000E+00 4.935E+05
8.12633464E-03   2870.4 8.126E+01 3.847E+09 1.054E-03 2.813E-02 2.000E+05 0.000E+00 0.000E+00 4.944E+05
9.81546485E-03   2891.5 9.815E+01 4.640E+09 1.166E-03 2.735E-02 2.000E+05 0.000E+00 0.000E+00 4.952E+05
1.18115343E-02   2910.5 1.181E+02 5.557E+09 1.340E-03 2.641E-02 2.000E+05 0.000E+00 0.000E+00 4.956E+05
1.41348415E-02   2929.0 1.413E+02 6.618E+09 1.529E-03 2.570E-02 2.000E+05 0.000E+00 0.000E+00 4.959E+05
1.68586240E-02   2947.2 1.686E+02 7.853E+09 1.734E-03 2.518E-02 2.000E+05 0.000E+00 0.000E+00 4.962E+05
2.00714534E-02   2965.4 2.007E+02 9.303E+09 1.955E-03 2.481E-02 2.000E+05 0.000E+00 0.000E+00 4.965E+05
2.38808390E-02   2983.7 2.388E+02 1.101E+10 2.194E-03 2.458E-02 2.000E+05 0.000E+00 0.000E+00 4.969E+05
2.84226059E-02   3002.2 2.842E+02 1.304E+10 2.450E-03 2.444E-02 2.000E+05 0.000E+00 0.000E+00 4.973E+05
3.38306343E-02   3020.6 3.383E+02 1.544E+10 2.751E-03 2.430E-02 2.000E+05 0.000E+00 0.000E+00 4.976E+05
4.01454194E-02   3037.5 4.015E+02 1.817E+10 3.189E-03 2.411E-02 2.000E+05 0.000E+00 0.000E+00 4.976E+05
4.74385597E-02   3054.0 4.744E+02 2.130E+10 3.665E-03 2.409E-02 2.000E+05 0.000E+00 0.000E+00 4.976E+05
5.59280999E-02   3070.4 5.593E+02 2.491E+10 4.186E-03 2.417E-02 2.000E+05 0.000E+00 0.000E+00 4.976E+05
6.58670702E-02   3086.9 6.587E+02 2.911E+10 4.757E-03 2.435E-02 2.000E+05 0.000E+00 0.000E+00 4.976E+05
7.75581443E-02   3103.4 7.756E+02 3.400E+10 5.381E-03 2.464E-02 2.000E+05 0.000E+00 0.000E+00 4.977E+05
9.13818634E-02   3120.3 9.138E+02 3.974E+10 6.061E-03 2.499E-02 2.000E+05 0.000E+00 0.000E+00 4.978E+05
1.07704678E-01   3136.7 1.077E+03 4.642E+10 6.862E-03 2.542E-02 2.000E+05 0.000E+00 0.000E+00 4.977E+05
1.26840826E-01   3152.4 1.268E+03 5.410E+10 7.839E-03 2.597E-02 2.000E+05 0.000E+00 0.000E+00 4.975E+05
1.49144006E-01   3168.2 1.491E+03 6.297E+10 8.981E-03 2.667E-02 2.000E+05 0.000E+00 0.000E+00 4.974E+05
1.75032510E-01   3183.4 1.750E+03 7.310E+10 1.034E-02 2.758E-02 2.000E+05 0.000E+00 0.000E+00 4.972E+05
2.05108971E-01   3199.0 2.051E+03 8.479E+10 1.182E-02 2.858E-02 2.000E+05 0.000E+00 0.000E+00 4.971E+05
2.40306840E-01   3215.2 2.403E+03 9.840E+10 1.343E-02 2.965E-02 2.000E+05 0.000E+00 0.000E+00 4.971E+05
2.81784356E-01   3232.5 2.818E+03 1.145E+11 1.515E-02 3.071E-02 2.000E+05 0.000E+00 0.000E+00 4.973E+05
3.30939428E-01   3250.6 3.309E+03 1.334E+11 1.703E-02 3.172E-02 2.000E+05 0.000E+00 0.000E+00 4.976E+05
3.89066266E-01   3268.6 3.891E+03 1.556E+11 1.926E-02 3.277E-02 2.000E+05 0.000E+00 0.000E+00 4.979E+05
4.57735197E-01   3288.6 4.577E+03 1.821E+11 2.167E-02 3.386E-02 2.000E+05 0.000E+00 0.000E+00 4.985E+05
5.39370783E-01   3311.1 5.394E+03 2.141E+11 2.428E-02 3.490E-02 2.000E+05 0.000E+00 0.000E+00 4.995E+05
6.35900343E-01   3333.7 6.359E+03 2.519E+11 2.754E-02 3.624E-02 2.000E+05 0.000E+00 0.000E+00 5.006E+05
7.49901860E-01   3358.9 7.499E+03 2.974E+11 3.089E-02 3.746E-02 2.000E+05 0.000E+00 0.000E+00 5.020E+05
8.86139346E-01   3386.9 8.861E+03 3.531E+11 3.432E-02 3.858E-02 2.000E+05 0.000E+00 0.000E+00 5.039E+05
1.05031800E+00   3417.6 1.050E+04 4.220E+11 3.788E-02 3.962E-02 2.000E+05 0.000E+00 0.000E+00 5.062E+05
1.24828954E+00   3451.1 1.248E+04 5.072E+11 4.194E-02 4.081E-02 2.000E+05 0.000E+00 0.000E+00 5.089E+05
1.49331443E+00   3488.6 1.493E+04 6.164E+11 4.386E-02 3.936E-02 2.000E+05 0.000E+00 0.000E+00 5.121E+05
1.81136177E+00   3526.6 1.811E+04 7.572E+11 4.458E-02 3.763E-02 2.000E+05 0.000E+00 0.000E+00 5.150E+05
2.22499548E+00   3568.6 2.225E+04 9.444E+11 4.625E-02 3.753E-02 2.000E+05 0.000E+00 0.000E+00 5.183E+05
2.74801214E+00   3615.5 2.748E+04 1.191E+12 4.983E-02 3.900E-02 2.000E+05 0.000E+00 0.000E+00 5.222E+05
3.34829961E+00   3675.4 3.348E+04 1.519E+12 6.261E-02 4.658E-02 2.000E+05 0.000E+00 0.000E+00 5.287E+05
3.96329401E+00   3744.2 3.963E+04 1.927E+12 8.290E-02 5.854E-02 2.000E+05 0.000E+00 0.000E+00 5.372E+05
4.58605775E+00   3828.4 4.586E+04 2.475E+12 1.076E-01 7.286E-02 2.000E+05 1.424E+03 0.000E+00 5.490E+05
5.24736258E+00   3927.9 5.247E+04 3.249E+12 1.316E-01 8.432E-02 2.000E+05 1.424E+04 2.730E+03 5.638E+05
5.95845317E+00   4037.9 5.958E+04 4.331E+12 1.670E-01 1.016E-01 2.000E+05 7.198E+04 5.494E+03 5.807E+05
6.69289617E+00   4165.6 6.693E+04 5.904E+12 2.190E-01 1.261E-01 2.000E+05 3.113E+05 8.985E+03 6.009E+05
7.43253487E+00   4307.2 7.432E+04 8.113E+12 2.926E-01 1.591E-01 2.000E+05 1.372E+06 1.481E+04 6.228E+05
8.16066485E+00   4468.6 8.161E+04 1.123E+13 3.989E-01 2.076E-01 2.000E+05 4.649E+06 2.478E+04 6.462E+05
8.88119932E+00   4648.9 8.881E+04 1.543E+13 5.268E-01 2.627E-01 2.000E+05 1.154E+07 3.548E+04 6.688E+05
9.63554640E+00   4849.2 9.635E+04 2.081E+13 6.524E-01 3.103E-01 2.000E+05 2.214E+07 4.532E+04 6.899E+05
1.04571968E+01   5073.3 1.046E+05 2.735E+13 7.913E-01 3.673E-01 2.000E+05 3.395E+07 5.316E+04 7.113E+05
1.13824041E+01   5326.7 1.138E+05 3.498E+13 9.129E-01 4.177E-01 2.000E+05 4.344E+07 5.764E+04 7.358E+05
1.24744188E+01   5617.0 1.247E+05 4.419E+13 1.019E+00 4.617E-01 2.000E+05 5.410E+07 5.992E+04 7.623E+05
1.37642515E+01   5943.6 1.376E+05 5.795E+13 1.170E+00 5.164E-01 2.000E+05 8.841E+07 6.692E+04 7.868E+05
1.51879223E+01   6292.3 1.519E+05 8.520E+13 1.503E+00 6.078E-01 2.000E+05 1.794E+08 8.590E+04 8.071E+05
1.65828311E+01   6637.5 1.658E+05 1.375E+14 2.147E+00 7.304E-01 2.000E+05 3.342E+08 1.067E+05 8.229E+05
1.78577865E+01   6955.3 1.786E+05 2.213E+14 3.159E+00 8.405E-01 2.000E+05 5.163E+08 1.224E+05 8.342E+05
1.90269606E+01   7239.5 1.903E+05 3.391E+14 4.521E+00 9.021E-01 2.000E+05 6.767E+08 1.310E+05 8.420E+05
2.01372747E+01   7491.5 2.014E+05 4.906E+14 6.231E+00 9.262E-01 2.000E+05 7.995E+08 1.347E+05 8.473E+05
2.12297426E+01   7718.9 2.123E+05 6.775E+14 8.317E+00 9.286E-01 2.000E+05 8.881E+08 1.365E+05 8.512E+05
2.23337004E+01   7930.0 2.233E+05 9.052E+14 1.085E+01 9.116E-01 2.000E+05 9.539E+08 1.352E+05 8.544E+05
2.34780786E+01   8124.5 2.348E+05 1.173E+15 1.380E+01 8.917E-01 2.000E+05 1.001E+09 1.352E+05 8.572E+05
2.46789681E+01   8316.7 2.468E+05 1.501E+15 1.748E+01 8.594E-01 2.000E+05 1.037E+09 1.313E+05 8.601E+05
2.59596002E+01   8489.9 2.596E+05 1.866E+15 2.158E+01 8.859E-01 2.000E+05 1.057E+09 1.312E+05 8.630E+05
PRADK 3.4049E-01
BEGIN                    ITERATION  15 COMPLETED
