TEFF   7750.  GRAVITY 2.50000 LTE
TITLE  [+0.5] N(He)/Ntot=0.07813 VTURB=2.0  L/H=1.25 NOVER
OPACITY IFOP 1 1 1 1 1 1 1 1 1 1 1 1 1 0 1 0 0 0 0 0
CONVECTION ON   1.25 TURBULENCE OFF  0.00  0.00  0.00  0.00
ABUNDANCE SCALE   3.16228 ABUNDANCE CHANGE 1 0.91790 2 0.07813
ABUNDANCE CHANGE  3 -10.94  4 -10.64  5  -9.49  6  -3.52  7  -4.12  8  -3.21
ABUNDANCE CHANGE  9  -7.48 10  -3.96 11  -5.71 12  -4.46 13  -5.57 14  -4.49
ABUNDANCE CHANGE 15  -6.59 16  -4.71 17  -6.54 18  -5.64 19  -6.92 20  -5.68
ABUNDANCE CHANGE 21  -8.87 22  -7.02 23  -8.04 24  -6.37 25  -6.65 26  -4.54
ABUNDANCE CHANGE 27  -7.12 28  -5.79 29  -7.83 30  -7.44 31  -9.16 32  -8.63
ABUNDANCE CHANGE 33  -9.67 34  -8.63 35  -9.41 36  -8.73 37  -9.44 38  -9.07
ABUNDANCE CHANGE 39  -9.80 40  -9.44 41 -10.62 42 -10.12 43 -20.00 44 -10.20
ABUNDANCE CHANGE 45 -10.92 46 -10.35 47 -11.10 48 -10.27 49 -10.38 50 -10.04
ABUNDANCE CHANGE 51 -11.04 52  -9.80 53 -10.53 54  -9.87 55 -10.91 56  -9.91
ABUNDANCE CHANGE 57 -10.87 58 -10.46 59 -11.33 60 -10.54 61 -20.00 62 -11.03
ABUNDANCE CHANGE 63 -11.53 64 -10.92 65 -11.69 66 -10.90 67 -11.78 68 -11.11
ABUNDANCE CHANGE 69 -12.04 70 -10.96 71 -11.98 72 -11.16 73 -12.17 74 -10.93
ABUNDANCE CHANGE 75 -11.76 76 -10.59 77 -10.69 78 -10.24 79 -11.03 80 -10.91
ABUNDANCE CHANGE 81 -11.14 82 -10.09 83 -11.33 84 -20.00 85 -20.00 86 -20.00
ABUNDANCE CHANGE 87 -20.00 88 -20.00 89 -20.00 90 -11.95 91 -20.00 92 -12.54
ABUNDANCE CHANGE 93 -20.00 94 -20.00 95 -20.00 96 -20.00 97 -20.00 98 -20.00
ABUNDANCE CHANGE 99 -20.00
READ DECK6 72 RHOX,T,P,XNE,ABROSS,ACCRAD,VTURB, FLXCNV,VCONV,VELSND
6.70934453E-05   4564.0 2.117E-02 1.665E+08 1.987E-03 6.488E-01 2.000E+05 0.000E+00 0.000E+00 8.120E+06
9.01435623E-05   4580.1 2.845E-02 2.068E+08 1.871E-03 6.469E-01 2.000E+05 0.000E+00 0.000E+00 7.202E+06
1.22697355E-04   4599.4 3.872E-02 2.614E+08 1.772E-03 6.293E-01 2.000E+05 0.000E+00 0.000E+00 6.339E+06
1.68416511E-04   4621.2 5.315E-02 3.346E+08 1.687E-03 6.108E-01 2.000E+05 0.000E+00 2.542E+06 5.550E+06
2.32320872E-04   4645.8 7.332E-02 4.332E+08 1.619E-03 5.939E-01 2.000E+05 0.000E+00 1.883E+06 4.841E+06
3.20729651E-04   4673.1 1.012E-01 5.654E+08 1.568E-03 5.779E-01 2.000E+05 0.000E+00 1.385E+06 4.214E+06
4.41787460E-04   4703.6 1.394E-01 7.438E+08 1.535E-03 5.623E-01 2.000E+05 0.000E+00 1.012E+06 3.666E+06
6.05652926E-04   4737.1 1.912E-01 9.839E+08 1.521E-03 5.455E-01 2.000E+05 0.000E+00 7.250E+05 3.193E+06
8.24973165E-04   4773.3 2.604E-01 1.306E+09 1.524E-03 5.273E-01 2.000E+05 0.000E+00 5.069E+05 2.788E+06
1.11467915E-03   4812.6 3.519E-01 1.738E+09 1.549E-03 5.144E-01 2.000E+05 0.000E+00 3.398E+05 2.442E+06
1.49207127E-03   4854.2 4.710E-01 2.314E+09 1.595E-03 5.036E-01 2.000E+05 0.000E+00 1.408E+05 2.150E+06
1.97826262E-03   4897.6 6.245E-01 3.073E+09 1.658E-03 4.909E-01 2.000E+05 0.000E+00 4.088E+04 1.905E+06
2.59922554E-03   4941.8 8.206E-01 4.062E+09 1.738E-03 4.769E-01 2.000E+05 0.000E+00 0.000E+00 1.699E+06
3.38675229E-03   4986.5 1.069E+00 5.340E+09 1.833E-03 4.628E-01 2.000E+05 0.000E+00 0.000E+00 1.527E+06
4.37960877E-03   5031.2 1.383E+00 6.976E+09 1.944E-03 4.504E-01 2.000E+05 0.000E+00 0.000E+00 1.384E+06
5.62441122E-03   5075.6 1.776E+00 9.055E+09 2.073E-03 4.394E-01 2.000E+05 0.000E+00 0.000E+00 1.264E+06
7.17688850E-03   5119.9 2.266E+00 1.168E+10 2.222E-03 4.300E-01 2.000E+05 0.000E+00 0.000E+00 1.164E+06
9.10209600E-03   5164.2 2.874E+00 1.499E+10 2.397E-03 4.221E-01 2.000E+05 0.000E+00 0.000E+00 1.082E+06
1.14738127E-02   5208.7 3.623E+00 1.915E+10 2.603E-03 4.164E-01 2.000E+05 0.000E+00 0.000E+00 1.013E+06
1.43742386E-02   5253.7 4.539E+00 2.436E+10 2.849E-03 4.121E-01 2.000E+05 0.000E+00 0.000E+00 9.563E+05
1.78947068E-02   5299.1 5.651E+00 3.087E+10 3.142E-03 4.083E-01 2.000E+05 0.000E+00 0.000E+00 9.098E+05
2.21371582E-02   5345.1 6.991E+00 3.895E+10 3.488E-03 4.049E-01 2.000E+05 0.000E+00 0.000E+00 8.718E+05
2.72137135E-02   5391.4 8.594E+00 4.895E+10 3.900E-03 4.025E-01 2.000E+05 0.000E+00 0.000E+00 8.408E+05
3.32488046E-02   5438.0 1.050E+01 6.122E+10 4.388E-03 4.015E-01 2.000E+05 0.000E+00 0.000E+00 8.157E+05
4.03801353E-02   5484.9 1.275E+01 7.626E+10 4.966E-03 4.025E-01 2.000E+05 0.000E+00 0.000E+00 7.954E+05
4.87623198E-02   5532.2 1.540E+01 9.462E+10 5.646E-03 4.041E-01 2.000E+05 0.000E+00 0.000E+00 7.791E+05
5.85710849E-02   5579.9 1.850E+01 1.170E+11 6.447E-03 4.063E-01 2.000E+05 0.000E+00 0.000E+00 7.660E+05
7.00068395E-02   5627.8 2.211E+01 1.440E+11 7.386E-03 4.092E-01 2.000E+05 0.000E+00 0.000E+00 7.555E+05
8.32980879E-02   5676.1 2.631E+01 1.767E+11 8.486E-03 4.129E-01 2.000E+05 0.000E+00 0.000E+00 7.471E+05
9.87074500E-02   5724.5 3.117E+01 2.161E+11 9.771E-03 4.174E-01 2.000E+05 0.000E+00 0.000E+00 7.406E+05
1.16530391E-01   5773.1 3.680E+01 2.633E+11 1.128E-02 4.246E-01 2.000E+05 0.000E+00 0.000E+00 7.354E+05
1.37097341E-01   5821.9 4.330E+01 3.199E+11 1.305E-02 4.340E-01 2.000E+05 0.000E+00 0.000E+00 7.315E+05
1.60793446E-01   5870.9 5.078E+01 3.876E+11 1.511E-02 4.451E-01 2.000E+05 0.000E+00 0.000E+00 7.285E+05
1.88068332E-01   5920.2 5.939E+01 4.683E+11 1.751E-02 4.582E-01 2.000E+05 0.000E+00 0.000E+00 7.263E+05
2.19439777E-01   5969.7 6.930E+01 5.645E+11 2.031E-02 4.737E-01 2.000E+05 0.000E+00 0.000E+00 7.249E+05
2.55504344E-01   6019.5 8.069E+01 6.791E+11 2.356E-02 4.919E-01 2.000E+05 0.000E+00 0.000E+00 7.240E+05
2.96950511E-01   6069.7 9.377E+01 8.153E+11 2.734E-02 5.135E-01 2.000E+05 0.000E+00 0.000E+00 7.235E+05
3.44550099E-01   6120.4 1.088E+02 9.777E+11 3.177E-02 5.399E-01 2.000E+05 0.000E+00 0.000E+00 7.235E+05
3.99157574E-01   6172.0 1.260E+02 1.171E+12 3.695E-02 5.719E-01 2.000E+05 0.000E+00 0.000E+00 7.238E+05
4.61678719E-01   6224.7 1.458E+02 1.403E+12 4.309E-02 6.118E-01 2.000E+05 0.000E+00 0.000E+00 7.244E+05
5.33076065E-01   6279.1 1.683E+02 1.682E+12 5.038E-02 6.598E-01 2.000E+05 0.000E+00 0.000E+00 7.253E+05
6.14378887E-01   6335.8 1.940E+02 2.019E+12 5.910E-02 7.182E-01 2.000E+05 0.000E+00 0.000E+00 7.264E+05
7.06602943E-01   6395.4 2.231E+02 2.431E+12 6.964E-02 7.901E-01 2.000E+05 0.000E+00 0.000E+00 7.277E+05
8.10681090E-01   6458.8 2.559E+02 2.938E+12 8.254E-02 8.801E-01 2.000E+05 0.000E+00 0.000E+00 7.291E+05
9.27338662E-01   6527.5 2.927E+02 3.570E+12 9.860E-02 9.947E-01 2.000E+05 0.000E+00 0.000E+00 7.307E+05
1.05690048E+00   6603.0 3.335E+02 4.372E+12 1.191E-01 1.144E+00 2.000E+05 0.000E+00 0.000E+00 7.324E+05
1.19886248E+00   6687.9 3.782E+02 5.412E+12 1.461E-01 1.349E+00 2.000E+05 0.000E+00 0.000E+00 7.347E+05
1.35169016E+00   6784.9 4.263E+02 6.792E+12 1.828E-01 1.632E+00 2.000E+05 7.016E-07 0.000E+00 7.371E+05
1.51274744E+00   6897.2 4.769E+02 8.665E+12 2.341E-01 2.032E+00 2.000E+05 1.166E-04 1.166E+01 7.401E+05
1.67805248E+00   7028.7 5.288E+02 1.127E+13 3.089E-01 2.623E+00 2.000E+05 1.577E-03 6.072E+01 7.440E+05
1.84196886E+00   7184.5 5.802E+02 1.501E+13 4.238E-01 3.540E+00 2.000E+05 1.747E-02 1.309E+02 7.493E+05
1.99780067E+00   7369.6 6.288E+02 2.047E+13 6.083E-01 5.021E+00 2.000E+05 3.004E-01 2.763E+02 7.568E+05
2.13890573E+00   7590.2 6.726E+02 2.864E+13 9.199E-01 7.532E+00 2.000E+05 9.528E+00 6.963E+02 7.679E+05
2.25946432E+00   7853.5 7.095E+02 4.105E+13 1.479E+00 1.199E+01 2.000E+05 4.476E+02 2.153E+03 7.842E+05
2.35725127E+00   8156.0 7.389E+02 5.919E+13 2.478E+00 1.970E+01 2.000E+05 2.454E+04 7.613E+03 8.079E+05
2.43393271E+00   8501.1 7.612E+02 8.491E+13 4.262E+00 3.295E+01 2.000E+05 8.766E+05 2.872E+04 8.420E+05
2.49320517E+00   8894.4 7.774E+02 1.194E+14 7.321E+00 5.481E+01 2.000E+05 6.753E+06 9.529E+04 8.908E+05
2.54013280E+00   9333.1 7.890E+02 1.598E+14 1.189E+01 8.604E+01 2.000E+05 2.715E+07 1.813E+05 9.577E+05
2.58128700E+00   9815.4 7.978E+02 1.986E+14 1.693E+01 1.192E+02 2.000E+05 4.317E+07 2.850E+05 1.041E+06
2.62351501E+00  10354.1 8.057E+02 2.264E+14 2.012E+01 1.390E+02 2.000E+05 2.802E+07 2.212E+05 1.135E+06
2.67578324E+00  10951.0 8.149E+02 2.387E+14 1.987E+01 1.365E+02 2.000E+05 6.485E+06 1.008E+05 1.231E+06
2.75232681E+00  11619.9 8.295E+02 2.397E+14 1.688E+01 1.156E+02 2.000E+05 3.808E+05 2.249E+04 1.337E+06
2.87788165E+00  12358.2 8.564E+02 2.372E+14 1.323E+01 9.034E+01 2.000E+05 2.717E+03 5.237E+03 1.458E+06
3.09540628E+00  13174.1 9.081E+02 2.380E+14 1.010E+01 6.874E+01 2.000E+05 2.445E+01 1.678E+03 1.558E+06
3.47329908E+00  14068.2 1.005E+03 2.481E+14 7.847E+00 5.329E+01 2.000E+05 9.842E-01 9.027E+02 1.594E+06
4.09763875E+00  15049.9 1.172E+03 2.731E+14 6.582E+00 4.481E+01 2.000E+05 3.972E-01 8.146E+02 1.615E+06
5.05672439E+00  16116.2 1.435E+03 3.161E+14 5.934E+00 4.058E+01 2.000E+05 2.577E-01 6.744E+02 1.686E+06
6.37510388E+00  17266.2 1.798E+03 3.734E+14 6.064E+00 4.105E+01 2.000E+05 9.371E-02 3.806E+02 1.810E+06
8.10209351E+00  18515.2 2.273E+03 4.425E+14 6.126E+00 4.125E+01 2.000E+05 1.234E-02 5.694E+01 1.950E+06
1.04357681E+01  19864.6 2.916E+03 5.302E+14 5.921E+00 4.022E+01 2.000E+05 4.110E-05 0.000E+00 2.069E+06
1.36913341E+01  21331.5 3.818E+03 6.471E+14 5.601E+00 3.805E+01 2.000E+05 0.000E+00 0.000E+00 2.162E+06
1.82478183E+01  22899.9 5.091E+03 8.043E+14 5.377E+00 3.569E+01 2.000E+05 0.000E+00 0.000E+00 2.247E+06
PRADK 4.8220E+00
BEGIN                    ITERATION  15 COMPLETED
