TEFF   3500.  GRAVITY 4.00000 LTE
TITLE  [+0.5] N(He)/Ntot=0.07813 VTURB=2.0  L/H=1.25 NOVER
OPACITY IFOP 1 1 1 1 1 1 1 1 1 1 1 1 1 0 1 0 0 0 0 0
CONVECTION ON   1.25 TURBULENCE OFF  0.00  0.00  0.00  0.00
ABUNDANCE SCALE   3.16228 ABUNDANCE CHANGE 1 0.91790 2 0.07813
ABUNDANCE CHANGE  3 -10.94  4 -10.64  5  -9.49  6  -3.52  7  -4.12  8  -3.21
ABUNDANCE CHANGE  9  -7.48 10  -3.96 11  -5.71 12  -4.46 13  -5.57 14  -4.49
ABUNDANCE CHANGE 15  -6.59 16  -4.71 17  -6.54 18  -5.64 19  -6.92 20  -5.68
ABUNDANCE CHANGE 21  -8.87 22  -7.02 23  -8.04 24  -6.37 25  -6.65 26  -4.54
ABUNDANCE CHANGE 27  -7.12 28  -5.79 29  -7.83 30  -7.44 31  -9.16 32  -8.63
ABUNDANCE CHANGE 33  -9.67 34  -8.63 35  -9.41 36  -8.73 37  -9.44 38  -9.07
ABUNDANCE CHANGE 39  -9.80 40  -9.44 41 -10.62 42 -10.12 43 -20.00 44 -10.20
ABUNDANCE CHANGE 45 -10.92 46 -10.35 47 -11.10 48 -10.27 49 -10.38 50 -10.04
ABUNDANCE CHANGE 51 -11.04 52  -9.80 53 -10.53 54  -9.87 55 -10.91 56  -9.91
ABUNDANCE CHANGE 57 -10.87 58 -10.46 59 -11.33 60 -10.54 61 -20.00 62 -11.03
ABUNDANCE CHANGE 63 -11.53 64 -10.92 65 -11.69 66 -10.90 67 -11.78 68 -11.11
ABUNDANCE CHANGE 69 -12.04 70 -10.96 71 -11.98 72 -11.16 73 -12.17 74 -10.93
ABUNDANCE CHANGE 75 -11.76 76 -10.59 77 -10.69 78 -10.24 79 -11.03 80 -10.91
ABUNDANCE CHANGE 81 -11.14 82 -10.09 83 -11.33 84 -20.00 85 -20.00 86 -20.00
ABUNDANCE CHANGE 87 -20.00 88 -20.00 89 -20.00 90 -11.95 91 -20.00 92 -12.54
ABUNDANCE CHANGE 93 -20.00 94 -20.00 95 -20.00 96 -20.00 97 -20.00 98 -20.00
ABUNDANCE CHANGE 99 -20.00
READ DECK6 72 RHOX,T,P,XNE,ABROSS,ACCRAD,VTURB, FLXCNV,VCONV,VELSND
1.31149524E-04   2318.2 1.311E+00 4.724E+07 1.017E-03 4.244E-02 2.000E+05 0.000E+00 0.000E+00 4.428E+05
1.70251205E-04   2330.8 1.703E+00 5.999E+07 1.258E-03 4.275E-02 2.000E+05 0.000E+00 0.000E+00 4.364E+05
2.13535681E-04   2342.9 2.135E+00 7.401E+07 1.482E-03 4.322E-02 2.000E+05 0.000E+00 0.000E+00 4.324E+05
2.63631670E-04   2356.1 2.636E+00 9.037E+07 1.675E-03 4.376E-02 2.000E+05 0.000E+00 0.000E+00 4.301E+05
3.23804446E-04   2371.1 3.238E+00 1.103E+08 1.830E-03 4.425E-02 2.000E+05 0.000E+00 0.000E+00 4.289E+05
3.94536169E-04   2380.9 3.945E+00 1.322E+08 2.147E-03 4.465E-02 2.000E+05 0.000E+00 0.000E+00 4.268E+05
4.77266216E-04   2393.9 4.773E+00 1.585E+08 2.388E-03 4.482E-02 2.000E+05 0.000E+00 0.000E+00 4.260E+05
5.75081586E-04   2404.4 5.751E+00 1.885E+08 2.731E-03 4.484E-02 2.000E+05 0.000E+00 0.000E+00 4.249E+05
6.88518106E-04   2413.5 6.885E+00 2.221E+08 3.150E-03 4.485E-02 2.000E+05 0.000E+00 0.000E+00 4.236E+05
8.21000393E-04   2423.8 8.210E+00 2.617E+08 3.548E-03 4.484E-02 2.000E+05 0.000E+00 0.000E+00 4.230E+05
9.80585655E-04   2436.5 9.806E+00 3.103E+08 3.885E-03 4.466E-02 2.000E+05 0.000E+00 0.000E+00 4.230E+05
1.16893941E-03   2444.6 1.169E+01 3.635E+08 4.513E-03 4.473E-02 2.000E+05 0.000E+00 0.000E+00 4.219E+05
1.38669034E-03   2453.3 1.387E+01 4.248E+08 5.161E-03 4.477E-02 2.000E+05 0.000E+00 0.000E+00 4.212E+05
1.64249139E-03   2463.1 1.642E+01 4.968E+08 5.821E-03 4.488E-02 2.000E+05 0.000E+00 0.000E+00 4.208E+05
1.94621589E-03   2473.5 1.946E+01 5.820E+08 6.515E-03 4.517E-02 2.000E+05 0.000E+00 0.000E+00 4.205E+05
2.30934207E-03   2484.6 2.309E+01 6.835E+08 7.245E-03 4.569E-02 2.000E+05 0.000E+00 0.000E+00 4.205E+05
2.74561052E-03   2496.4 2.746E+01 8.050E+08 8.015E-03 4.651E-02 2.000E+05 0.000E+00 0.000E+00 4.205E+05
3.28482799E-03   2513.1 3.285E+01 9.623E+08 8.480E-03 4.657E-02 2.000E+05 0.000E+00 0.000E+00 4.216E+05
3.90913405E-03   2514.2 3.909E+01 1.109E+09 1.052E-02 4.841E-02 2.000E+05 0.000E+00 0.000E+00 4.193E+05
4.59880663E-03   2518.4 4.599E+01 1.275E+09 1.241E-02 4.971E-02 2.000E+05 0.000E+00 0.000E+00 4.178E+05
5.38150917E-03   2522.3 5.381E+01 1.459E+09 1.454E-02 5.141E-02 2.000E+05 0.000E+00 0.000E+00 4.164E+05
6.24868714E-03   2519.9 6.249E+01 1.640E+09 1.789E-02 5.551E-02 2.000E+05 0.000E+00 0.000E+00 4.137E+05
7.24275011E-03   2528.0 7.243E+01 1.878E+09 1.981E-02 5.668E-02 2.000E+05 0.000E+00 0.000E+00 4.132E+05
8.37538113E-03   2523.7 8.374E+01 2.098E+09 2.453E-02 6.276E-02 2.000E+05 0.000E+00 0.000E+00 4.100E+05
9.60007295E-03   2518.8 9.597E+01 2.325E+09 3.003E-02 7.021E-02 2.000E+05 0.000E+00 0.000E+00 4.066E+05
1.09508654E-02   2513.2 1.094E+02 2.565E+09 3.596E-02 7.798E-02 2.000E+05 0.000E+00 0.000E+00 4.031E+05
1.24631981E-02   2508.2 1.246E+02 2.831E+09 4.193E-02 8.530E-02 2.000E+05 0.000E+00 0.000E+00 3.996E+05
1.42082195E-02   2506.0 1.422E+02 3.146E+09 4.768E-02 9.225E-02 2.000E+05 0.000E+00 0.000E+00 3.967E+05
1.62812923E-02   2508.5 1.632E+02 3.540E+09 5.287E-02 9.822E-02 2.000E+05 0.000E+00 0.000E+00 3.948E+05
1.88115359E-02   2516.3 1.887E+02 4.048E+09 5.693E-02 1.019E-01 2.000E+05 0.000E+00 0.000E+00 3.940E+05
2.19982369E-02   2529.1 2.209E+02 4.716E+09 5.951E-02 1.025E-01 2.000E+05 0.000E+00 0.000E+00 3.942E+05
2.60983013E-02   2546.7 2.621E+02 5.602E+09 6.156E-02 1.021E-01 2.000E+05 0.000E+00 0.000E+00 3.953E+05
3.13907529E-02   2568.8 3.154E+02 6.779E+09 6.340E-02 1.013E-01 2.000E+05 0.000E+00 0.000E+00 3.972E+05
3.83889714E-02   2593.6 3.857E+02 8.346E+09 6.315E-02 9.667E-02 2.000E+05 0.000E+00 0.000E+00 3.994E+05
4.76660864E-02   2619.6 4.782E+02 1.040E+10 6.512E-02 9.486E-02 2.000E+05 0.000E+00 0.000E+00 4.015E+05
5.95789773E-02   2646.8 5.979E+02 1.308E+10 6.698E-02 9.206E-02 2.000E+05 0.000E+00 0.000E+00 4.037E+05
7.50621307E-02   2676.3 7.533E+02 1.660E+10 6.874E-02 8.906E-02 2.000E+05 0.000E+00 0.000E+00 4.062E+05
9.49810757E-02   2709.3 9.535E+02 2.126E+10 7.167E-02 8.794E-02 2.000E+05 0.000E+00 0.000E+00 4.093E+05
1.20765349E-01   2745.6 1.213E+03 2.743E+10 7.281E-02 8.427E-02 2.000E+05 0.000E+00 0.000E+00 4.130E+05
1.55211948E-01   2784.2 1.558E+03 3.578E+10 7.214E-02 7.720E-02 2.000E+05 0.000E+00 0.000E+00 4.168E+05
2.00957680E-01   2824.2 2.016E+03 4.699E+10 7.372E-02 7.285E-02 2.000E+05 0.000E+00 0.000E+00 4.206E+05
2.59865031E-01   2869.0 2.604E+03 6.200E+10 7.743E-02 7.098E-02 2.000E+05 0.000E+00 0.000E+00 4.254E+05
3.35557231E-01   2916.2 3.362E+03 8.192E+10 7.883E-02 6.623E-02 2.000E+05 0.000E+00 0.000E+00 4.305E+05
4.36454358E-01   2967.4 4.370E+03 1.093E+11 7.801E-02 5.892E-02 2.000E+05 0.000E+00 0.000E+00 4.362E+05
5.68708604E-01   3021.1 5.693E+03 1.463E+11 8.149E-02 5.559E-02 2.000E+05 0.000E+00 0.000E+00 4.420E+05
7.39024366E-01   3075.8 7.395E+03 1.954E+11 8.370E-02 5.070E-02 2.000E+05 0.000E+00 0.000E+00 4.479E+05
9.56839244E-01   3134.7 9.573E+03 2.612E+11 8.852E-02 4.833E-02 2.000E+05 0.000E+00 0.000E+00 4.545E+05
1.23593588E+00   3195.3 1.236E+04 3.486E+11 9.072E-02 4.399E-02 2.000E+05 0.000E+00 0.000E+00 4.612E+05
1.59715572E+00   3257.8 1.598E+04 4.657E+11 9.408E-02 4.088E-02 2.000E+05 0.000E+00 0.000E+00 4.680E+05
2.05551984E+00   3324.6 2.056E+04 6.227E+11 1.000E-01 3.987E-02 2.000E+05 0.000E+00 0.000E+00 4.755E+05
2.63171129E+00   3395.2 2.632E+04 8.325E+11 1.054E-01 3.918E-02 2.000E+05 0.000E+00 0.000E+00 4.834E+05
3.37480457E+00   3476.2 3.375E+04 1.130E+12 1.060E-01 3.821E-02 2.000E+05 0.000E+00 0.000E+00 4.930E+05
4.47726169E+00   3561.1 4.478E+04 1.582E+12 8.529E-02 3.281E-02 2.000E+05 9.742E+03 0.000E+00 5.021E+05
6.03338960E+00   3690.0 6.034E+04 2.394E+12 1.030E-01 3.802E-02 2.000E+05 4.130E+06 4.170E+03 5.183E+05
7.48904599E+00   3805.2 7.489E+04 3.357E+12 1.547E-01 5.341E-02 2.000E+05 1.165E+07 3.057E+04 5.334E+05
8.91317711E+00   3969.8 8.913E+04 5.006E+12 1.965E-01 6.423E-02 2.000E+05 2.060E+07 3.005E+04 5.632E+05
1.03731251E+01   4120.4 1.037E+05 7.226E+12 2.666E-01 8.064E-02 2.000E+05 3.714E+07 4.238E+04 5.804E+05
1.17586079E+01   4304.9 1.176E+05 1.083E+13 3.835E-01 1.043E-01 2.000E+05 6.081E+07 5.022E+04 6.095E+05
1.30581333E+01   4475.8 1.306E+05 1.537E+13 5.367E-01 1.331E-01 2.000E+05 9.117E+07 5.947E+04 6.353E+05
1.43087290E+01   4673.1 1.431E+05 2.188E+13 7.281E-01 1.648E-01 2.000E+05 1.271E+08 6.853E+04 6.625E+05
1.55903719E+01   4871.6 1.559E+05 2.981E+13 9.178E-01 1.892E-01 2.000E+05 1.652E+08 7.467E+04 6.855E+05
1.69614380E+01   5094.3 1.696E+05 3.977E+13 1.134E+00 2.177E-01 2.000E+05 2.035E+08 8.130E+04 7.083E+05
1.84777733E+01   5331.4 1.848E+05 5.118E+13 1.333E+00 2.416E-01 2.000E+05 2.336E+08 8.490E+04 7.316E+05
2.02348288E+01   5600.7 2.023E+05 6.483E+13 1.512E+00 2.651E-01 2.000E+05 2.528E+08 8.699E+04 7.573E+05
2.23034123E+01   5899.9 2.230E+05 8.283E+13 1.713E+00 2.882E-01 2.000E+05 2.723E+08 8.765E+04 7.822E+05
2.46814849E+01   6222.9 2.468E+05 1.131E+14 2.055E+00 3.141E-01 2.000E+05 3.100E+08 9.020E+04 8.038E+05
2.72007883E+01   6543.1 2.720E+05 1.681E+14 2.711E+00 3.440E-01 2.000E+05 3.723E+08 9.439E+04 8.212E+05
2.96748522E+01   6840.2 2.967E+05 2.560E+14 3.750E+00 3.740E-01 2.000E+05 4.389E+08 9.870E+04 8.345E+05
3.20636941E+01   7109.6 3.206E+05 3.814E+14 5.150E+00 3.897E-01 2.000E+05 4.954E+08 9.918E+04 8.445E+05
3.44015170E+01   7350.5 3.440E+05 5.452E+14 6.957E+00 4.041E-01 2.000E+05 5.386E+08 1.012E+05 8.520E+05
3.67300985E+01   7579.9 3.673E+05 7.603E+14 9.219E+00 4.044E-01 2.000E+05 5.718E+08 9.876E+04 8.579E+05
3.90993273E+01   7782.9 3.910E+05 1.015E+15 1.189E+01 4.343E-01 2.000E+05 5.886E+08 1.001E+05 8.625E+05
PRADK 1.9949E-01
BEGIN                    ITERATION  15 COMPLETED
