TEFF   4750.  GRAVITY 2.00000 LTE
TITLE  [+0.5] N(He)/Ntot=0.07813 VTURB=2.0  L/H=1.25 NOVER
OPACITY IFOP 1 1 1 1 1 1 1 1 1 1 1 1 1 0 1 0 0 0 0 0
CONVECTION ON   1.25 TURBULENCE OFF  0.00  0.00  0.00  0.00
ABUNDANCE SCALE   3.16228 ABUNDANCE CHANGE 1 0.91790 2 0.07813
ABUNDANCE CHANGE  3 -10.94  4 -10.64  5  -9.49  6  -3.52  7  -4.12  8  -3.21
ABUNDANCE CHANGE  9  -7.48 10  -3.96 11  -5.71 12  -4.46 13  -5.57 14  -4.49
ABUNDANCE CHANGE 15  -6.59 16  -4.71 17  -6.54 18  -5.64 19  -6.92 20  -5.68
ABUNDANCE CHANGE 21  -8.87 22  -7.02 23  -8.04 24  -6.37 25  -6.65 26  -4.54
ABUNDANCE CHANGE 27  -7.12 28  -5.79 29  -7.83 30  -7.44 31  -9.16 32  -8.63
ABUNDANCE CHANGE 33  -9.67 34  -8.63 35  -9.41 36  -8.73 37  -9.44 38  -9.07
ABUNDANCE CHANGE 39  -9.80 40  -9.44 41 -10.62 42 -10.12 43 -20.00 44 -10.20
ABUNDANCE CHANGE 45 -10.92 46 -10.35 47 -11.10 48 -10.27 49 -10.38 50 -10.04
ABUNDANCE CHANGE 51 -11.04 52  -9.80 53 -10.53 54  -9.87 55 -10.91 56  -9.91
ABUNDANCE CHANGE 57 -10.87 58 -10.46 59 -11.33 60 -10.54 61 -20.00 62 -11.03
ABUNDANCE CHANGE 63 -11.53 64 -10.92 65 -11.69 66 -10.90 67 -11.78 68 -11.11
ABUNDANCE CHANGE 69 -12.04 70 -10.96 71 -11.98 72 -11.16 73 -12.17 74 -10.93
ABUNDANCE CHANGE 75 -11.76 76 -10.59 77 -10.69 78 -10.24 79 -11.03 80 -10.91
ABUNDANCE CHANGE 81 -11.14 82 -10.09 83 -11.33 84 -20.00 85 -20.00 86 -20.00
ABUNDANCE CHANGE 87 -20.00 88 -20.00 89 -20.00 90 -11.95 91 -20.00 92 -12.54
ABUNDANCE CHANGE 93 -20.00 94 -20.00 95 -20.00 96 -20.00 97 -20.00 98 -20.00
ABUNDANCE CHANGE 99 -20.00
READ DECK6 72 RHOX,T,P,XNE,ABROSS,ACCRAD,VTURB, FLXCNV,VCONV,VELSND
3.15648454E-03   2561.1 3.156E-01 2.390E+07 4.225E-05 1.783E-02 2.000E+05 0.000E+00 0.000E+00 1.057E+06
4.17494296E-03   2595.8 4.174E-01 3.259E+07 4.509E-05 1.656E-02 2.000E+05 0.000E+00 0.000E+00 9.603E+05
5.45681601E-03   2629.8 5.456E-01 4.399E+07 4.744E-05 1.548E-02 2.000E+05 0.000E+00 0.000E+00 8.828E+05
7.05193378E-03   2666.2 7.051E-01 5.933E+07 5.172E-05 1.447E-02 2.000E+05 0.000E+00 0.000E+00 8.216E+05
9.01445994E-03   2702.0 9.013E-01 7.931E+07 5.568E-05 1.356E-02 2.000E+05 0.000E+00 0.000E+00 7.726E+05
1.14419498E-02   2738.2 1.144E+00 1.056E+08 6.019E-05 1.277E-02 2.000E+05 0.000E+00 0.000E+00 7.332E+05
1.43917929E-02   2775.9 1.439E+00 1.406E+08 6.700E-05 1.214E-02 2.000E+05 0.000E+00 0.000E+00 7.023E+05
1.79074612E-02   2813.3 1.791E+00 1.855E+08 7.527E-05 1.160E-02 2.000E+05 0.000E+00 0.000E+00 6.780E+05
2.20993505E-02   2849.4 2.210E+00 2.421E+08 8.364E-05 1.112E-02 2.000E+05 0.000E+00 0.000E+00 6.587E+05
2.71523203E-02   2885.1 2.715E+00 3.142E+08 9.239E-05 1.072E-02 2.000E+05 0.000E+00 0.000E+00 6.431E+05
3.31260519E-02   2922.3 3.312E+00 4.076E+08 1.062E-04 1.047E-02 2.000E+05 0.000E+00 0.000E+00 6.312E+05
4.00617348E-02   2958.0 4.006E+00 5.221E+08 1.218E-04 1.024E-02 2.000E+05 0.000E+00 0.000E+00 6.220E+05
4.81683977E-02   2992.5 4.816E+00 6.623E+08 1.382E-04 1.002E-02 2.000E+05 0.000E+00 0.000E+00 6.148E+05
5.77091633E-02   3026.7 5.770E+00 8.354E+08 1.566E-04 9.872E-03 2.000E+05 0.000E+00 0.000E+00 6.092E+05
6.88200090E-02   3061.5 6.881E+00 1.051E+09 1.810E-04 9.802E-03 2.000E+05 0.000E+00 0.000E+00 6.052E+05
8.16745864E-02   3095.5 8.167E+00 1.311E+09 2.079E-04 9.735E-03 2.000E+05 0.000E+00 0.000E+00 6.022E+05
9.66339791E-02   3129.1 9.663E+00 1.626E+09 2.380E-04 9.693E-03 2.000E+05 0.000E+00 0.000E+00 6.001E+05
1.14044354E-01   3162.8 1.140E+01 2.010E+09 2.730E-04 9.697E-03 2.000E+05 0.000E+00 0.000E+00 5.988E+05
1.34099322E-01   3197.7 1.341E+01 2.482E+09 3.185E-04 9.732E-03 2.000E+05 0.000E+00 0.000E+00 5.983E+05
1.57082047E-01   3231.7 1.571E+01 3.041E+09 3.696E-04 9.770E-03 2.000E+05 0.000E+00 0.000E+00 5.983E+05
1.83536182E-01   3265.5 1.835E+01 3.708E+09 4.276E-04 9.834E-03 2.000E+05 0.000E+00 0.000E+00 5.987E+05
2.14084408E-01   3299.2 2.141E+01 4.505E+09 4.932E-04 9.936E-03 2.000E+05 0.000E+00 0.000E+00 5.994E+05
2.49339401E-01   3333.5 2.493E+01 5.462E+09 5.711E-04 1.005E-02 2.000E+05 0.000E+00 0.000E+00 6.005E+05
2.89871473E-01   3368.1 2.898E+01 6.605E+09 6.634E-04 1.023E-02 2.000E+05 0.000E+00 0.000E+00 6.018E+05
3.36362711E-01   3403.1 3.363E+01 7.965E+09 7.718E-04 1.047E-02 2.000E+05 0.000E+00 0.000E+00 6.033E+05
3.89625882E-01   3438.6 3.896E+01 9.582E+09 8.983E-04 1.078E-02 2.000E+05 0.000E+00 0.000E+00 6.051E+05
4.51130363E-01   3475.0 4.511E+01 1.152E+10 1.025E-03 1.041E-02 2.000E+05 0.000E+00 0.000E+00 6.070E+05
5.25671476E-01   3509.6 5.256E+01 1.382E+10 1.097E-03 8.053E-03 2.000E+05 0.000E+00 0.000E+00 6.088E+05
6.17929239E-01   3542.0 6.179E+01 1.657E+10 1.189E-03 6.632E-03 2.000E+05 0.000E+00 0.000E+00 6.105E+05
7.30714425E-01   3572.1 7.307E+01 1.983E+10 1.304E-03 5.750E-03 2.000E+05 0.000E+00 0.000E+00 6.120E+05
8.67195169E-01   3600.6 8.672E+01 2.369E+10 1.444E-03 5.184E-03 2.000E+05 0.000E+00 0.000E+00 6.136E+05
1.03103698E+00   3625.7 1.031E+02 2.813E+10 1.607E-03 4.850E-03 2.000E+05 0.000E+00 0.000E+00 6.149E+05
1.22310420E+00   3646.4 1.224E+02 3.305E+10 1.862E-03 5.286E-03 2.000E+05 0.000E+00 0.000E+00 6.160E+05
1.44400681E+00   3664.2 1.445E+02 3.845E+10 2.164E-03 5.947E-03 2.000E+05 0.000E+00 0.000E+00 6.170E+05
1.69826102E+00   3682.4 1.698E+02 4.461E+10 2.518E-03 6.740E-03 2.000E+05 0.000E+00 0.000E+00 6.181E+05
1.98821793E+00   3702.2 1.988E+02 5.174E+10 2.947E-03 7.741E-03 2.000E+05 0.000E+00 0.000E+00 6.193E+05
2.31810020E+00   3723.0 2.317E+02 5.994E+10 3.461E-03 8.990E-03 2.000E+05 0.000E+00 0.000E+00 6.206E+05
2.68963025E+00   3747.5 2.689E+02 6.966E+10 4.117E-03 1.073E-02 2.000E+05 0.000E+00 0.000E+00 6.222E+05
3.10304733E+00   3777.2 3.102E+02 8.131E+10 4.982E-03 1.338E-02 2.000E+05 0.000E+00 0.000E+00 6.242E+05
3.55542886E+00   3819.2 3.555E+02 9.641E+10 6.070E-03 1.639E-02 2.000E+05 0.000E+00 0.000E+00 6.271E+05
4.06019980E+00   3872.1 4.059E+02 1.158E+11 7.137E-03 1.715E-02 2.000E+05 0.000E+00 0.000E+00 6.306E+05
4.63567044E+00   3920.7 4.635E+02 1.374E+11 8.317E-03 1.805E-02 2.000E+05 0.000E+00 0.000E+00 6.337E+05
5.29468699E+00   3969.4 5.294E+02 1.626E+11 9.683E-03 1.932E-02 2.000E+05 0.000E+00 0.000E+00 6.805E+05
6.05318561E+00   4020.0 6.052E+02 1.925E+11 1.117E-02 2.043E-02 2.000E+05 0.000E+00 0.000E+00 6.400E+05
6.93071305E+00   4072.5 6.930E+02 2.278E+11 1.287E-02 2.175E-02 2.000E+05 0.000E+00 0.000E+00 6.434E+05
7.94385294E+00   4127.9 7.943E+02 2.699E+11 1.489E-02 2.350E-02 2.000E+05 0.000E+00 0.000E+00 6.471E+05
9.11213684E+00   4188.2 9.111E+02 3.203E+11 1.721E-02 2.546E-02 2.000E+05 0.000E+00 0.000E+00 6.513E+05
1.04675399E+01   4254.4 1.047E+03 3.811E+11 1.968E-02 2.718E-02 2.000E+05 0.000E+00 0.000E+00 6.562E+05
1.20491530E+01   4326.9 1.205E+03 4.544E+11 2.250E-02 2.919E-02 2.000E+05 0.000E+00 0.000E+00 6.620E+05
1.38907348E+01   4408.2 1.389E+03 5.429E+11 2.581E-02 3.187E-02 2.000E+05 0.000E+00 0.000E+00 6.692E+05
1.60265159E+01   4502.7 1.602E+03 6.502E+11 2.972E-02 3.539E-02 2.000E+05 0.000E+00 0.000E+00 6.781E+05
1.85253144E+01   4612.9 1.852E+03 7.796E+11 3.339E-02 3.798E-02 2.000E+05 0.000E+00 0.000E+00 6.890E+05
2.15630178E+01   4733.4 2.156E+03 9.356E+11 3.605E-02 3.847E-02 2.000E+05 0.000E+00 0.000E+00 7.008E+05
2.52822379E+01   4869.8 2.528E+03 1.128E+12 3.961E-02 4.071E-02 2.000E+05 0.000E+00 0.000E+00 7.133E+05
2.97691943E+01   5028.4 2.976E+03 1.376E+12 4.403E-02 4.409E-02 2.000E+05 0.000E+00 0.000E+00 7.263E+05
3.50972774E+01   5213.4 3.509E+03 1.733E+12 5.008E-02 4.933E-02 2.000E+05 0.000E+00 0.000E+00 7.394E+05
4.11568230E+01   5428.7 4.114E+03 2.347E+12 6.102E-02 5.908E-02 2.000E+05 0.000E+00 0.000E+00 7.519E+05
4.74361975E+01   5674.2 4.742E+03 3.540E+12 8.328E-02 7.976E-02 2.000E+05 6.493E+00 0.000E+00 7.634E+05
5.32024373E+01   5958.8 5.318E+03 6.019E+12 1.282E-01 1.220E-01 2.000E+05 9.792E+02 1.380E+03 7.731E+05
5.79592767E+01   6281.3 5.793E+03 1.113E+13 2.164E-01 2.057E-01 2.000E+05 8.086E+04 7.050E+03 7.795E+05
6.15507548E+01   6651.6 6.151E+03 2.182E+13 3.976E-01 3.792E-01 2.000E+05 2.198E+06 2.929E+04 7.815E+05
6.40680591E+01   7068.1 6.401E+03 4.363E+13 7.786E-01 7.423E-01 2.000E+05 2.478E+07 8.178E+04 7.815E+05
6.57108971E+01   7535.4 6.564E+03 8.717E+13 1.625E+00 1.404E+00 2.000E+05 2.443E+08 1.648E+05 7.848E+05
6.68115669E+01   7944.5 6.672E+03 1.495E+14 3.051E+00 1.887E+00 2.000E+05 8.041E+08 3.315E+05 7.940E+05
6.76644372E+01   8244.8 6.756E+03 2.143E+14 4.787E+00 1.756E+00 2.000E+05 1.403E+09 3.951E+05 8.052E+05
6.84570135E+01   8447.9 6.834E+03 2.693E+14 6.449E+00 1.469E+00 2.000E+05 1.747E+09 4.049E+05 8.149E+05
6.92595060E+01   8626.9 6.913E+03 3.261E+14 8.332E+00 1.314E+00 2.000E+05 1.920E+09 4.122E+05 8.248E+05
7.01079627E+01   8779.9 6.997E+03 3.816E+14 1.031E+01 1.170E+00 2.000E+05 2.025E+09 4.126E+05 8.344E+05
7.10280128E+01   8928.6 7.088E+03 4.417E+14 1.262E+01 1.071E+00 2.000E+05 2.094E+09 4.129E+05 8.446E+05
7.20423330E+01   9066.0 7.188E+03 5.033E+14 1.512E+01 9.825E-01 2.000E+05 2.142E+09 4.134E+05 8.548E+05
7.31709069E+01   9208.2 7.300E+03 5.731E+14 1.812E+01 9.096E-01 2.000E+05 2.177E+09 4.109E+05 8.661E+05
7.44391602E+01   9340.2 7.425E+03 6.440E+14 2.132E+01 8.991E-01 2.000E+05 2.196E+09 4.135E+05 8.774E+05
PRADK 6.7982E-01
BEGIN                    ITERATION  15 COMPLETED
