TEFF   4500.  GRAVITY 4.50000 LTE
TITLE  [+0.5] N(He)/Ntot=0.07813 VTURB=2.0  L/H=1.25 NOVER
OPACITY IFOP 1 1 1 1 1 1 1 1 1 1 1 1 1 0 1 0 0 0 0 0
CONVECTION ON   1.25 TURBULENCE OFF  0.00  0.00  0.00  0.00
ABUNDANCE SCALE   3.16228 ABUNDANCE CHANGE 1 0.91790 2 0.07813
ABUNDANCE CHANGE  3 -10.94  4 -10.64  5  -9.49  6  -3.52  7  -4.12  8  -3.21
ABUNDANCE CHANGE  9  -7.48 10  -3.96 11  -5.71 12  -4.46 13  -5.57 14  -4.49
ABUNDANCE CHANGE 15  -6.59 16  -4.71 17  -6.54 18  -5.64 19  -6.92 20  -5.68
ABUNDANCE CHANGE 21  -8.87 22  -7.02 23  -8.04 24  -6.37 25  -6.65 26  -4.54
ABUNDANCE CHANGE 27  -7.12 28  -5.79 29  -7.83 30  -7.44 31  -9.16 32  -8.63
ABUNDANCE CHANGE 33  -9.67 34  -8.63 35  -9.41 36  -8.73 37  -9.44 38  -9.07
ABUNDANCE CHANGE 39  -9.80 40  -9.44 41 -10.62 42 -10.12 43 -20.00 44 -10.20
ABUNDANCE CHANGE 45 -10.92 46 -10.35 47 -11.10 48 -10.27 49 -10.38 50 -10.04
ABUNDANCE CHANGE 51 -11.04 52  -9.80 53 -10.53 54  -9.87 55 -10.91 56  -9.91
ABUNDANCE CHANGE 57 -10.87 58 -10.46 59 -11.33 60 -10.54 61 -20.00 62 -11.03
ABUNDANCE CHANGE 63 -11.53 64 -10.92 65 -11.69 66 -10.90 67 -11.78 68 -11.11
ABUNDANCE CHANGE 69 -12.04 70 -10.96 71 -11.98 72 -11.16 73 -12.17 74 -10.93
ABUNDANCE CHANGE 75 -11.76 76 -10.59 77 -10.69 78 -10.24 79 -11.03 80 -10.91
ABUNDANCE CHANGE 81 -11.14 82 -10.09 83 -11.33 84 -20.00 85 -20.00 86 -20.00
ABUNDANCE CHANGE 87 -20.00 88 -20.00 89 -20.00 90 -11.95 91 -20.00 92 -12.54
ABUNDANCE CHANGE 93 -20.00 94 -20.00 95 -20.00 96 -20.00 97 -20.00 98 -20.00
ABUNDANCE CHANGE 99 -20.00
READ DECK6 72 RHOX,T,P,XNE,ABROSS,ACCRAD,VTURB, FLXCNV,VCONV,VELSND
5.40022805E-04   2806.2 1.708E+01 9.863E+08 2.469E-04 5.425E-02 2.000E+05 0.000E+00 0.000E+00 5.234E+05
7.05963467E-04   2831.5 2.232E+01 1.282E+09 2.891E-04 5.507E-02 2.000E+05 0.000E+00 0.000E+00 5.217E+05
8.98566375E-04   2855.8 2.841E+01 1.627E+09 3.268E-04 5.494E-02 2.000E+05 0.000E+00 0.000E+00 5.209E+05
1.12583277E-03   2879.4 3.560E+01 2.035E+09 3.692E-04 5.448E-02 2.000E+05 0.000E+00 0.000E+00 5.207E+05
1.38911920E-03   2902.6 4.393E+01 2.513E+09 4.319E-04 5.360E-02 2.000E+05 0.000E+00 0.000E+00 5.210E+05
1.69142491E-03   2925.5 5.349E+01 3.067E+09 4.972E-04 5.263E-02 2.000E+05 0.000E+00 0.000E+00 5.216E+05
2.04495898E-03   2948.4 6.467E+01 3.721E+09 5.620E-04 5.164E-02 2.000E+05 0.000E+00 0.000E+00 5.225E+05
2.46525204E-03   2971.7 7.796E+01 4.506E+09 6.262E-04 5.063E-02 2.000E+05 0.000E+00 0.000E+00 5.236E+05
2.97204989E-03   2995.7 9.398E+01 5.463E+09 6.900E-04 4.959E-02 2.000E+05 0.000E+00 0.000E+00 5.249E+05
3.58128863E-03   3020.1 1.132E+02 6.624E+09 7.716E-04 4.845E-02 2.000E+05 0.000E+00 0.000E+00 5.262E+05
4.29063118E-03   3044.9 1.357E+02 8.000E+09 9.007E-04 4.721E-02 2.000E+05 0.000E+00 0.000E+00 5.278E+05
5.10724489E-03   3068.9 1.615E+02 9.596E+09 1.034E-03 4.606E-02 2.000E+05 0.000E+00 0.000E+00 5.294E+05
6.06214740E-03   3092.8 1.917E+02 1.148E+10 1.172E-03 4.499E-02 2.000E+05 0.000E+00 0.000E+00 5.309E+05
7.19077033E-03   3116.7 2.274E+02 1.372E+10 1.317E-03 4.402E-02 2.000E+05 0.000E+00 0.000E+00 5.325E+05
8.53639742E-03   3140.9 2.699E+02 1.640E+10 1.469E-03 4.315E-02 2.000E+05 0.000E+00 0.000E+00 5.340E+05
1.01447030E-02   3165.5 3.208E+02 1.964E+10 1.641E-03 4.245E-02 2.000E+05 0.000E+00 0.000E+00 5.356E+05
1.20132977E-02   3190.5 3.799E+02 2.347E+10 1.928E-03 4.185E-02 2.000E+05 0.000E+00 0.000E+00 5.373E+05
1.41490723E-02   3214.5 4.474E+02 2.785E+10 2.232E-03 4.134E-02 2.000E+05 0.000E+00 0.000E+00 5.388E+05
1.66237727E-02   3238.2 5.257E+02 3.297E+10 2.556E-03 4.096E-02 2.000E+05 0.000E+00 0.000E+00 5.403E+05
1.95186933E-02   3261.9 6.172E+02 3.897E+10 2.903E-03 4.067E-02 2.000E+05 0.000E+00 0.000E+00 5.417E+05
2.29304190E-02   3285.9 7.251E+02 4.611E+10 3.274E-03 4.048E-02 2.000E+05 0.000E+00 0.000E+00 5.432E+05
2.69775497E-02   3310.5 8.531E+02 5.464E+10 3.676E-03 4.045E-02 2.000E+05 0.000E+00 0.000E+00 5.447E+05
3.17210554E-02   3336.5 1.003E+03 6.489E+10 4.243E-03 4.079E-02 2.000E+05 0.000E+00 0.000E+00 5.465E+05
3.71592198E-02   3362.3 1.175E+03 7.678E+10 4.955E-03 4.116E-02 2.000E+05 0.000E+00 0.000E+00 5.483E+05
4.34002232E-02   3388.0 1.372E+03 9.059E+10 5.725E-03 4.161E-02 2.000E+05 0.000E+00 0.000E+00 5.500E+05
5.06342966E-02   3414.0 1.601E+03 1.068E+11 6.562E-03 4.219E-02 2.000E+05 0.000E+00 0.000E+00 5.518E+05
5.90779647E-02   3440.8 1.868E+03 1.261E+11 7.476E-03 4.292E-02 2.000E+05 0.000E+00 0.000E+00 5.538E+05
6.89844399E-02   3468.2 2.181E+03 1.491E+11 8.471E-03 4.420E-02 2.000E+05 0.000E+00 0.000E+00 5.557E+05
8.08123311E-02   3503.7 2.556E+03 1.796E+11 9.357E-03 3.610E-02 2.000E+05 0.000E+00 0.000E+00 5.593E+05
9.50474762E-02   3530.8 3.006E+03 2.129E+11 1.040E-02 3.210E-02 2.000E+05 0.000E+00 0.000E+00 5.609E+05
1.12033155E-01   3556.0 3.543E+03 2.515E+11 1.168E-02 2.994E-02 2.000E+05 0.000E+00 0.000E+00 5.619E+05
1.32173815E-01   3576.6 4.180E+03 2.942E+11 1.314E-02 2.933E-02 2.000E+05 0.000E+00 0.000E+00 5.619E+05
1.56042259E-01   3597.6 4.934E+03 3.443E+11 1.479E-02 2.925E-02 2.000E+05 0.000E+00 0.000E+00 5.619E+05
1.84371182E-01   3612.7 5.830E+03 3.980E+11 1.661E-02 3.033E-02 2.000E+05 0.000E+00 0.000E+00 5.606E+05
2.17899232E-01   3632.3 6.891E+03 4.643E+11 1.877E-02 3.155E-02 2.000E+05 0.000E+00 0.000E+00 5.601E+05
2.57297183E-01   3640.0 8.136E+03 5.282E+11 2.140E-02 3.498E-02 2.000E+05 0.000E+00 0.000E+00 5.572E+05
3.03128352E-01   3651.7 9.586E+03 6.049E+11 2.463E-02 3.949E-02 2.000E+05 0.000E+00 0.000E+00 5.552E+05
3.56193140E-01   3663.9 1.126E+04 6.920E+11 2.839E-02 4.460E-02 2.000E+05 0.000E+00 0.000E+00 5.534E+05
4.17479382E-01   3678.0 1.320E+04 7.933E+11 3.284E-02 5.059E-02 2.000E+05 0.000E+00 0.000E+00 5.520E+05
4.88025418E-01   3694.3 1.543E+04 9.116E+11 3.809E-02 5.754E-02 2.000E+05 0.000E+00 0.000E+00 5.511E+05
5.68974371E-01   3713.5 1.799E+04 1.051E+12 4.436E-02 6.571E-02 2.000E+05 0.000E+00 0.000E+00 5.509E+05
6.61455040E-01   3736.4 2.092E+04 1.217E+12 5.191E-02 7.547E-02 2.000E+05 0.000E+00 0.000E+00 5.515E+05
7.66500777E-01   3764.2 2.424E+04 1.420E+12 6.117E-02 8.751E-02 2.000E+05 0.000E+00 0.000E+00 5.531E+05
8.84413164E-01   3800.3 2.797E+04 1.676E+12 7.298E-02 1.038E-01 2.000E+05 0.000E+00 0.000E+00 5.563E+05
1.01788909E+00   3848.9 3.219E+04 2.020E+12 8.505E-02 1.137E-01 2.000E+05 0.000E+00 0.000E+00 5.619E+05
1.17006918E+00   3898.1 3.700E+04 2.434E+12 9.996E-02 1.259E-01 2.000E+05 0.000E+00 0.000E+00 5.676E+05
1.34239016E+00   3953.0 4.245E+04 2.958E+12 1.180E-01 1.411E-01 2.000E+05 0.000E+00 0.000E+00 5.742E+05
1.53573173E+00   4014.4 4.856E+04 3.627E+12 1.413E-01 1.606E-01 2.000E+05 0.000E+00 0.000E+00 5.821E+05
1.74944099E+00   4083.8 5.532E+04 4.494E+12 1.716E-01 1.854E-01 2.000E+05 0.000E+00 0.000E+00 5.913E+05
1.98342040E+00   4162.7 6.272E+04 5.634E+12 2.097E-01 2.160E-01 2.000E+05 0.000E+00 0.000E+00 6.022E+05
2.23628052E+00   4253.4 7.072E+04 7.156E+12 2.611E-01 2.558E-01 2.000E+05 0.000E+00 0.000E+00 6.149E+05
2.50629106E+00   4356.4 7.926E+04 9.190E+12 3.274E-01 3.054E-01 2.000E+05 0.000E+00 0.000E+00 6.293E+05
2.78857802E+00   4476.8 8.818E+04 1.196E+13 4.235E-01 3.811E-01 2.000E+05 3.964E+01 0.000E+00 6.456E+05
3.08009677E+00   4615.3 9.740E+04 1.567E+13 5.414E-01 4.696E-01 2.000E+05 7.239E+03 8.422E+02 6.629E+05
3.39265076E+00   4771.8 1.073E+05 2.051E+13 6.588E-01 5.440E-01 2.000E+05 8.105E+04 4.731E+03 6.801E+05
3.73387589E+00   4950.8 1.181E+05 2.673E+13 8.071E-01 6.480E-01 2.000E+05 3.936E+05 9.872E+03 6.979E+05
4.11084612E+00   5154.9 1.300E+05 3.439E+13 9.600E-01 7.529E-01 2.000E+05 1.079E+06 1.528E+04 7.174E+05
4.53943291E+00   5389.2 1.435E+05 4.366E+13 1.111E+00 8.601E-01 2.000E+05 2.084E+06 1.913E+04 7.399E+05
5.04127982E+00   5657.8 1.594E+05 5.515E+13 1.253E+00 9.601E-01 2.000E+05 4.579E+06 2.227E+04 7.643E+05
5.62900371E+00   5964.6 1.780E+05 7.208E+13 1.448E+00 1.102E+00 2.000E+05 1.928E+07 3.157E+04 7.877E+05
6.27823938E+00   6312.0 1.985E+05 1.051E+14 1.845E+00 1.352E+00 2.000E+05 8.909E+07 5.491E+04 8.087E+05
6.91712741E+00   6673.7 2.187E+05 1.713E+14 2.643E+00 1.732E+00 2.000E+05 2.703E+08 8.790E+04 8.260E+05
7.49466403E+00   7020.1 2.370E+05 2.845E+14 3.963E+00 2.133E+00 2.000E+05 5.534E+08 1.137E+05 8.389E+05
8.01122013E+00   7334.3 2.533E+05 4.509E+14 5.833E+00 2.400E+00 2.000E+05 8.593E+08 1.295E+05 8.478E+05
8.49037823E+00   7611.6 2.685E+05 6.691E+14 8.196E+00 2.497E+00 2.000E+05 1.120E+09 1.381E+05 8.537E+05
8.95291417E+00   7859.8 2.831E+05 9.406E+14 1.113E+01 2.510E+00 2.000E+05 1.310E+09 1.417E+05 8.580E+05
9.41571386E+00   8084.0 2.977E+05 1.265E+15 1.459E+01 2.472E+00 2.000E+05 1.446E+09 1.421E+05 8.621E+05
9.89135646E+00   8293.6 3.128E+05 1.654E+15 1.876E+01 2.416E+00 2.000E+05 1.543E+09 1.422E+05 8.646E+05
1.03892543E+01   8491.0 3.285E+05 2.111E+15 2.369E+01 2.318E+00 2.000E+05 1.615E+09 1.391E+05 8.677E+05
1.09198514E+01   8677.9 3.453E+05 2.642E+15 2.943E+01 2.248E+00 2.000E+05 1.670E+09 1.388E+05 8.710E+05
1.14893728E+01   8865.8 3.633E+05 3.285E+15 3.647E+01 2.138E+00 2.000E+05 1.707E+09 1.339E+05 8.746E+05
1.21090626E+01   9037.2 3.829E+05 3.995E+15 4.425E+01 2.178E+00 2.000E+05 1.735E+09 1.332E+05 8.783E+05
PRADK 5.4727E-01
BEGIN                    ITERATION  15 COMPLETED
