
       Teff log g  [M]  Vturb  l/H  E(B-V)    U       B       V      BOL     BC      U-B     B-V(J)  B-V(H) 
    1  3500  0.00 -2.50  2.00  1.25  0.00 -13.020 -16.159 -17.635 -22.077  -2.318   2.168   2.200   2.184
    2  3500  0.50 -2.50  2.00  1.25  0.00 -13.422 -16.463 -17.818 -22.077  -2.134   2.067   2.080   2.064
    3  3500  1.00 -2.50  2.00  1.25  0.00 -13.952 -16.794 -17.996 -22.077  -1.956   1.863   1.927   1.911
    4  3500  1.50 -2.50  2.00  1.25  0.00 -14.538 -17.130 -18.185 -22.077  -1.767   1.608   1.780   1.764
    5  3500  2.00 -2.50  2.00  1.25  0.00 -14.977 -17.382 -18.332 -22.077  -1.620   1.416   1.676   1.660
    6  3500  2.50 -2.50  2.00  1.25  0.00 -15.192 -17.502 -18.400 -22.077  -1.553   1.319   1.623   1.607
    7  3500  3.00 -2.50  2.00  1.25  0.00 -15.253 -17.537 -18.420 -22.077  -1.532   1.294   1.608   1.592
    8  3500  3.50 -2.50  2.00  1.25  0.00 -15.247 -17.530 -18.419 -22.077  -1.533   1.292   1.615   1.599
    9  3500  4.00 -2.50  2.00  1.25  0.00 -15.254 -17.504 -18.407 -22.077  -1.545   1.259   1.628   1.612
   10  3750  0.00 -2.50  2.00  1.25  0.00 -14.397 -17.249 -18.484 -22.376  -1.768   1.875   1.960   1.944
   11  3750  0.50 -2.50  2.00  1.25  0.00 -14.791 -17.535 -18.639 -22.376  -1.613   1.763   1.830   1.814
   12  3750  1.00 -2.50  2.00  1.25  0.00 -15.185 -17.784 -18.757 -22.376  -1.495   1.615   1.698   1.682
   13  3750  1.50 -2.50  2.00  1.25  0.00 -15.552 -17.987 -18.843 -22.376  -1.409   1.446   1.582   1.566
   14  3750  2.00 -2.50  2.00  1.25  0.00 -15.890 -18.150 -18.921 -22.376  -1.332   1.267   1.495   1.479
   15  3750  2.50 -2.50  2.00  1.25  0.00 -16.156 -18.278 -18.990 -22.376  -1.263   1.127   1.436   1.420
   16  3750  3.00 -2.50  2.00  1.25  0.00 -16.309 -18.355 -19.032 -22.376  -1.221   1.048   1.401   1.385
   17  3750  3.50 -2.50  2.00  1.25  0.00 -16.372 -18.386 -19.048 -22.376  -1.204   1.014   1.387   1.371
   18  3750  4.00 -2.50  2.00  1.25  0.00 -16.394 -18.385 -19.048 -22.376  -1.204   0.991   1.389   1.373
   19  3750  4.50 -2.50  2.00  1.25  0.00 -16.418 -18.366 -19.039 -22.376  -1.213   0.948   1.399   1.383
   20  4000  0.00 -2.50  2.00  1.25  0.00 -15.595 -18.166 -19.180 -22.656  -1.352   1.587   1.740   1.724
   21  4000  0.50 -2.50  2.00  1.25  0.00 -15.962 -18.405 -19.300 -22.656  -1.232   1.455   1.620   1.604
   22  4000  1.00 -2.50  2.00  1.25  0.00 -16.331 -18.618 -19.393 -22.656  -1.139   1.295   1.500   1.484
   23  4000  1.50 -2.50  2.00  1.25  0.00 -16.655 -18.788 -19.458 -22.656  -1.074   1.136   1.395   1.379
   24  4000  2.00 -2.50  2.00  1.25  0.00 -16.903 -18.910 -19.500 -22.656  -1.032   1.007   1.316   1.300
   25  4000  2.50 -2.50  2.00  1.25  0.00 -17.069 -18.985 -19.530 -22.656  -1.002   0.914   1.271   1.255
   26  4000  3.00 -2.50  2.00  1.25  0.00 -17.180 -19.034 -19.557 -22.656  -0.976   0.850   1.248   1.232
   27  4000  3.50 -2.50  2.00  1.25  0.00 -17.254 -19.068 -19.574 -22.656  -0.958   0.809   1.232   1.216
   28  4000  4.00 -2.50  2.00  1.25  0.00 -17.301 -19.085 -19.582 -22.656  -0.951   0.779   1.222   1.206
   29  4000  4.50 -2.50  2.00  1.25  0.00 -17.332 -19.086 -19.580 -22.656  -0.952   0.747   1.219   1.203
   30  4250  0.00 -2.50  2.00  1.25  0.00 -16.824 -19.021 -19.783 -22.920  -1.013   1.203   1.487   1.471
   31  4250  0.50 -2.50  2.00  1.25  0.00 -17.106 -19.186 -19.858 -22.920  -0.938   1.083   1.397   1.381
   32  4250  1.00 -2.50  2.00  1.25  0.00 -17.387 -19.337 -19.919 -22.920  -0.876   0.949   1.307   1.291
   33  4250  1.50 -2.50  2.00  1.25  0.00 -17.635 -19.462 -19.965 -22.920  -0.831   0.822   1.228   1.212
   34  4250  2.00 -2.50  2.00  1.25  0.00 -17.828 -19.554 -19.995 -22.920  -0.801   0.720   1.166   1.150
   35  4250  2.50 -2.50  2.00  1.25  0.00 -17.956 -19.614 -20.014 -22.920  -0.782   0.650   1.125   1.109
   36  4250  3.00 -2.50  2.00  1.25  0.00 -18.023 -19.645 -20.025 -22.920  -0.771   0.613   1.106   1.090
   37  4250  3.50 -2.50  2.00  1.25  0.00 -18.053 -19.659 -20.034 -22.920  -0.761   0.596   1.101   1.085
   38  4250  4.00 -2.50  2.00  1.25  0.00 -18.077 -19.669 -20.041 -22.920  -0.755   0.582   1.097   1.081
   39  4250  4.50 -2.50  2.00  1.25  0.00 -18.102 -19.676 -20.043 -22.920  -0.753   0.563   1.092   1.076
   40  4250  5.00 -2.50  2.00  1.25  0.00 -18.127 -19.676 -20.039 -22.920  -0.757   0.537   1.088   1.072
   41  4500  0.00 -2.50  2.00  1.25  0.00 -17.957 -19.799 -20.300 -23.168  -0.744   0.836   1.226   1.210
   42  4500  0.50 -2.50  2.00  1.25  0.00 -18.175 -19.904 -20.338 -23.168  -0.706   0.720   1.159   1.143
   43  4500  1.00 -2.50  2.00  1.25  0.00 -18.374 -19.994 -20.369 -23.168  -0.675   0.609   1.100   1.084
   44  4500  1.50 -2.50  2.00  1.25  0.00 -18.540 -20.066 -20.393 -23.168  -0.651   0.514   1.051   1.035
   45  4500  2.00 -2.50  2.00  1.25  0.00 -18.664 -20.121 -20.410 -23.168  -0.634   0.443   1.014   0.998
   46  4500  2.50 -2.50  2.00  1.25  0.00 -18.743 -20.156 -20.422 -23.168  -0.622   0.398   0.991   0.975
   47  4500  3.00 -2.50  2.00  1.25  0.00 -18.783 -20.175 -20.430 -23.168  -0.614   0.378   0.980   0.964
   48  4500  3.50 -2.50  2.00  1.25  0.00 -18.794 -20.182 -20.434 -23.168  -0.610   0.373   0.978   0.962
   49  4500  4.00 -2.50  2.00  1.25  0.00 -18.791 -20.182 -20.437 -23.168  -0.606   0.376   0.981   0.965
   50  4500  4.50 -2.50  2.00  1.25  0.00 -18.792 -20.182 -20.440 -23.168  -0.604   0.375   0.982   0.966
   51  4500  5.00 -2.50  2.00  1.25  0.00 -18.801 -20.183 -20.440 -23.168  -0.604   0.366   0.982   0.966
   52  4750  0.00 -2.50  2.00  1.25  0.00 -18.847 -20.450 -20.729 -23.403  -0.549   0.588   1.005   0.989
   53  4750  0.50 -2.50  2.00  1.25  0.00 -19.024 -20.517 -20.743 -23.403  -0.536   0.476   0.951   0.935
   54  4750  1.00 -2.50  2.00  1.25  0.00 -19.181 -20.570 -20.752 -23.403  -0.526   0.370   0.907   0.891
   55  4750  1.50 -2.50  2.00  1.25  0.00 -19.308 -20.608 -20.758 -23.403  -0.520   0.279   0.876   0.860
   56  4750  2.00 -2.50  2.00  1.25  0.00 -19.396 -20.631 -20.763 -23.403  -0.515   0.214   0.857   0.841
   57  4750  2.50 -2.50  2.00  1.25  0.00 -19.444 -20.643 -20.769 -23.403  -0.510   0.177   0.851   0.835
   58  4750  3.00 -2.50  2.00  1.25  0.00 -19.459 -20.646 -20.774 -23.403  -0.504   0.166   0.853   0.837
   59  4750  3.50 -2.50  2.00  1.25  0.00 -19.449 -20.643 -20.779 -23.403  -0.500   0.173   0.861   0.845
   60  4750  4.00 -2.50  2.00  1.25  0.00 -19.432 -20.637 -20.781 -23.403  -0.498   0.184   0.869   0.853
   61  4750  4.50 -2.50  2.00  1.25  0.00 -19.417 -20.631 -20.783 -23.403  -0.496   0.194   0.877   0.861
   62  4750  5.00 -2.50  2.00  1.25  0.00 -19.409 -20.627 -20.784 -23.403  -0.495   0.198   0.882   0.866
   63  5000  0.00 -2.50  2.00  1.25  0.00 -19.538 -20.987 -21.090 -23.626  -0.412   0.426   0.828   0.812
   64  5000  0.50 -2.50  2.00  1.25  0.00 -19.676 -21.025 -21.088 -23.626  -0.413   0.325   0.788   0.772
   65  5000  1.00 -2.50  2.00  1.25  0.00 -19.797 -21.053 -21.084 -23.626  -0.418   0.230   0.756   0.740
   66  5000  1.50 -2.50  2.00  1.25  0.00 -19.897 -21.069 -21.078 -23.626  -0.424   0.145   0.734   0.718
   67  5000  2.00 -2.50  2.00  1.25  0.00 -19.972 -21.074 -21.072 -23.626  -0.430   0.075   0.722   0.706
   68  5000  2.50 -2.50  2.00  1.25  0.00 -20.017 -21.073 -21.068 -23.626  -0.433   0.028   0.720   0.704
   69  5000  3.00 -2.50  2.00  1.25  0.00 -20.032 -21.066 -21.070 -23.626  -0.432   0.007   0.728   0.712
   70  5000  3.50 -2.50  2.00  1.25  0.00 -20.021 -21.056 -21.074 -23.626  -0.428   0.008   0.742   0.726
   71  5000  4.00 -2.50  2.00  1.25  0.00 -19.996 -21.044 -21.078 -23.626  -0.423   0.023   0.759   0.743
   72  5000  4.50 -2.50  2.00  1.25  0.00 -19.970 -21.033 -21.081 -23.626  -0.420   0.037   0.773   0.757
   73  5000  5.00 -2.50  2.00  1.25  0.00 -19.951 -21.025 -21.084 -23.626  -0.418   0.049   0.784   0.768
   74  5250  0.00 -2.50  2.00  1.25  0.00 -20.092 -21.442 -21.402 -23.837  -0.312   0.322   0.685   0.669
   75  5250  0.50 -2.50  2.00  1.25  0.00 -20.192 -21.457 -21.390 -23.837  -0.323   0.235   0.658   0.642
   76  5250  1.00 -2.50  2.00  1.25  0.00 -20.282 -21.464 -21.378 -23.837  -0.336   0.151   0.638   0.622
   77  5250  1.50 -2.50  2.00  1.25  0.00 -20.358 -21.463 -21.364 -23.837  -0.350   0.074   0.625   0.609
   78  5250  2.00 -2.50  2.00  1.25  0.00 -20.419 -21.456 -21.350 -23.837  -0.364   0.005   0.619   0.603
   79  5250  2.50 -2.50  2.00  1.25  0.00 -20.463 -21.445 -21.338 -23.837  -0.375  -0.050   0.618   0.602
   80  5250  3.00 -2.50  2.00  1.25  0.00 -20.487 -21.432 -21.333 -23.837  -0.381  -0.086   0.625   0.609
   81  5250  3.50 -2.50  2.00  1.25  0.00 -20.489 -21.419 -21.333 -23.837  -0.381  -0.101   0.638   0.622
   82  5250  4.00 -2.50  2.00  1.25  0.00 -20.473 -21.406 -21.337 -23.837  -0.376  -0.098   0.657   0.641
   83  5250  4.50 -2.50  2.00  1.25  0.00 -20.448 -21.392 -21.343 -23.837  -0.371  -0.085   0.675   0.659
   84  5250  5.00 -2.50  2.00  1.25  0.00 -20.424 -21.381 -21.347 -23.837  -0.366  -0.072   0.691   0.675
   85  5500  0.00 -2.50  2.00  1.25  0.00 -20.549 -21.841 -21.679 -24.039  -0.236   0.258   0.564   0.548
   86  5500  0.50 -2.50  2.00  1.25  0.00 -20.617 -21.837 -21.663 -24.039  -0.253   0.186   0.550   0.534
   87  5500  1.00 -2.50  2.00  1.25  0.00 -20.680 -21.828 -21.645 -24.039  -0.271   0.113   0.541   0.525
   88  5500  1.50 -2.50  2.00  1.25  0.00 -20.736 -21.814 -21.626 -24.039  -0.290   0.042   0.537   0.521
   89  5500  2.00 -2.50  2.00  1.25  0.00 -20.783 -21.795 -21.607 -24.039  -0.309  -0.023   0.537   0.521
   90  5500  2.50 -2.50  2.00  1.25  0.00 -20.821 -21.774 -21.589 -24.039  -0.326  -0.082   0.540   0.524
   91  5500  3.00 -2.50  2.00  1.25  0.00 -20.850 -21.754 -21.576 -24.039  -0.340  -0.130   0.546   0.530
   92  5500  3.50 -2.50  2.00  1.25  0.00 -20.865 -21.737 -21.569 -24.039  -0.346  -0.163   0.557   0.541
   93  5500  4.00 -2.50  2.00  1.25  0.00 -20.865 -21.723 -21.570 -24.039  -0.345  -0.176   0.572   0.556
   94  5500  4.50 -2.50  2.00  1.25  0.00 -20.851 -21.710 -21.575 -24.039  -0.340  -0.174   0.590   0.574
   95  5500  5.00 -2.50  2.00  1.25  0.00 -20.832 -21.699 -21.581 -24.039  -0.334  -0.165   0.608   0.592
   96  5750  0.00 -2.50  2.00  1.25  0.00 -20.940 -22.197 -21.931 -24.233  -0.178   0.220   0.458   0.442
   97  5750  0.50 -2.50  2.00  1.25  0.00 -20.978 -22.180 -21.912 -24.233  -0.197   0.164   0.457   0.441
   98  5750  1.00 -2.50  2.00  1.25  0.00 -21.019 -22.159 -21.891 -24.233  -0.217   0.102   0.457   0.441
   99  5750  1.50 -2.50  2.00  1.25  0.00 -21.057 -22.134 -21.869 -24.233  -0.239   0.038   0.461   0.445
  100  5750  2.00 -2.50  2.00  1.25  0.00 -21.092 -22.105 -21.847 -24.233  -0.262  -0.025   0.467   0.451
  101  5750  2.50 -2.50  2.00  1.25  0.00 -21.124 -22.076 -21.824 -24.233  -0.284  -0.086   0.474   0.458
  102  5750  3.00 -2.50  2.00  1.25  0.00 -21.151 -22.048 -21.805 -24.233  -0.303  -0.141   0.483   0.467
  103  5750  3.50 -2.50  2.00  1.25  0.00 -21.174 -22.024 -21.792 -24.233  -0.317  -0.187   0.493   0.477
  104  5750  4.00 -2.50  2.00  1.25  0.00 -21.187 -22.005 -21.786 -24.233  -0.322  -0.218   0.506   0.490
  105  5750  4.50 -2.50  2.00  1.25  0.00 -21.188 -21.992 -21.788 -24.233  -0.321  -0.232   0.521   0.505
  106  5750  5.00 -2.50  2.00  1.25  0.00 -21.179 -21.981 -21.793 -24.233  -0.315  -0.233   0.538   0.522
  107  6000  0.00 -2.50  2.00  1.25  0.00 -21.286 -22.524 -22.161 -24.417  -0.133   0.196   0.362   0.346
  108  6000  0.50 -2.50  2.00  1.25  0.00 -21.296 -22.494 -22.142 -24.417  -0.151   0.158   0.373   0.357
  109  6000  1.00 -2.50  2.00  1.25  0.00 -21.316 -22.464 -22.121 -24.417  -0.172   0.108   0.382   0.366
  110  6000  1.50 -2.50  2.00  1.25  0.00 -21.339 -22.430 -22.098 -24.417  -0.195   0.051   0.393   0.377
  111  6000  2.00 -2.50  2.00  1.25  0.00 -21.363 -22.394 -22.073 -24.417  -0.220  -0.009   0.404   0.388
  112  6000  2.50 -2.50  2.00  1.25  0.00 -21.387 -22.357 -22.048 -24.417  -0.246  -0.070   0.416   0.400
  113  6000  3.00 -2.50  2.00  1.25  0.00 -21.412 -22.321 -22.024 -24.417  -0.270  -0.130   0.428   0.412
  114  6000  3.50 -2.50  2.00  1.25  0.00 -21.436 -22.289 -22.004 -24.417  -0.290  -0.186   0.439   0.423
  115  6000  4.00 -2.50  2.00  1.25  0.00 -21.458 -22.264 -21.990 -24.417  -0.303  -0.232   0.451   0.435
  116  6000  4.50 -2.50  2.00  1.25  0.00 -21.472 -22.247 -21.986 -24.417  -0.307  -0.263   0.465   0.449
  117  6000  5.00 -2.50  2.00  1.25  0.00 -21.475 -22.234 -21.989 -24.417  -0.304  -0.278   0.480   0.464
  118  6250  0.50 -2.50  2.00  1.25  0.00 -21.586 -22.787 -22.356 -24.595  -0.115   0.157   0.294   0.278
  119  6250  1.00 -2.50  2.00  1.25  0.00 -21.586 -22.749 -22.337 -24.595  -0.134   0.120   0.313   0.297
  120  6250  1.50 -2.50  2.00  1.25  0.00 -21.594 -22.709 -22.314 -24.595  -0.157   0.073   0.330   0.314
  121  6250  2.00 -2.50  2.00  1.25  0.00 -21.607 -22.667 -22.288 -24.595  -0.183   0.018   0.346   0.330
  122  6250  2.50 -2.50  2.00  1.25  0.00 -21.624 -22.623 -22.260 -24.595  -0.211  -0.042   0.362   0.346
  123  6250  3.00 -2.50  2.00  1.25  0.00 -21.644 -22.580 -22.232 -24.595  -0.238  -0.105   0.377   0.361
  124  6250  3.50 -2.50  2.00  1.25  0.00 -21.666 -22.540 -22.207 -24.595  -0.264  -0.166   0.391   0.375
  125  6250  4.00 -2.50  2.00  1.25  0.00 -21.691 -22.507 -22.187 -24.595  -0.284  -0.224   0.405   0.389
  126  6250  4.50 -2.50  2.00  1.25  0.00 -21.714 -22.483 -22.175 -24.595  -0.296  -0.271   0.417   0.401
  127  6250  5.00 -2.50  2.00  1.25  0.00 -21.729 -22.466 -22.172 -24.595  -0.298  -0.302   0.431   0.415
  128  6500  0.50 -2.50  2.00  1.25  0.00 -21.864 -23.067 -22.550 -24.765  -0.091   0.156   0.209   0.193
  129  6500  1.00 -2.50  2.00  1.25  0.00 -21.837 -23.018 -22.537 -24.765  -0.104   0.136   0.244   0.228
  130  6500  1.50 -2.50  2.00  1.25  0.00 -21.829 -22.972 -22.517 -24.765  -0.124   0.099   0.270   0.254
  131  6500  2.00 -2.50  2.00  1.25  0.00 -21.831 -22.925 -22.491 -24.765  -0.150   0.050   0.292   0.276
  132  6500  2.50 -2.50  2.00  1.25  0.00 -21.839 -22.875 -22.463 -24.765  -0.178  -0.007   0.312   0.296
  133  6500  3.00 -2.50  2.00  1.25  0.00 -21.854 -22.826 -22.432 -24.765  -0.209  -0.069   0.331   0.315
  134  6500  3.50 -2.50  2.00  1.25  0.00 -21.873 -22.780 -22.403 -24.765  -0.238  -0.135   0.348   0.332
  135  6500  4.00 -2.50  2.00  1.25  0.00 -21.898 -22.739 -22.377 -24.765  -0.264  -0.200   0.363   0.347
  136  6500  4.50 -2.50  2.00  1.25  0.00 -21.925 -22.706 -22.357 -24.765  -0.284  -0.259   0.376   0.360
  137  6500  5.00 -2.50  2.00  1.25  0.00 -21.949 -22.683 -22.347 -24.765  -0.294  -0.307   0.389   0.373
  138  6750  0.50 -2.50  2.00  1.25  0.00 -22.119 -23.315 -22.734 -24.929  -0.071   0.147   0.144   0.128
  139  6750  1.00 -2.50  2.00  1.25  0.00 -22.082 -23.277 -22.721 -24.929  -0.084   0.147   0.169   0.153
  140  6750  1.50 -2.50  2.00  1.25  0.00 -22.053 -23.222 -22.706 -24.929  -0.099   0.122   0.210   0.194
  141  6750  2.00 -2.50  2.00  1.25  0.00 -22.041 -23.169 -22.683 -24.929  -0.121   0.083   0.240   0.224
  142  6750  2.50 -2.50  2.00  1.25  0.00 -22.040 -23.116 -22.655 -24.929  -0.150   0.032   0.264   0.248
  143  6750  3.00 -2.50  2.00  1.25  0.00 -22.047 -23.061 -22.623 -24.929  -0.182  -0.029   0.287   0.271
  144  6750  3.50 -2.50  2.00  1.25  0.00 -22.063 -23.009 -22.591 -24.929  -0.214  -0.097   0.307   0.291
  145  6750  4.00 -2.50  2.00  1.25  0.00 -22.085 -22.960 -22.560 -24.929  -0.245  -0.167   0.324   0.308
  146  6750  4.50 -2.50  2.00  1.25  0.00 -22.112 -22.919 -22.534 -24.929  -0.271  -0.235   0.340   0.324
  147  6750  5.00 -2.50  2.00  1.25  0.00 -22.143 -22.888 -22.517 -24.929  -0.288  -0.296   0.353   0.337
  148  7000  0.50 -2.50  2.00  1.25  0.00 -22.354 -23.531 -22.905 -25.087  -0.058   0.127   0.099   0.083
  149  7000  1.00 -2.50  2.00  1.25  0.00 -22.312 -23.506 -22.893 -25.087  -0.070   0.145   0.112   0.096
  150  7000  1.50 -2.50  2.00  1.25  0.00 -22.273 -23.462 -22.880 -25.087  -0.083   0.141   0.142   0.126
  151  7000  2.00 -2.50  2.00  1.25  0.00 -22.243 -23.402 -22.863 -25.087  -0.100   0.112   0.186   0.170
  152  7000  2.50 -2.50  2.00  1.25  0.00 -22.230 -23.344 -22.837 -25.087  -0.126   0.068   0.218   0.202
  153  7000  3.00 -2.50  2.00  1.25  0.00 -22.229 -23.286 -22.805 -25.087  -0.157   0.012   0.245   0.229
  154  7000  3.50 -2.50  2.00  1.25  0.00 -22.238 -23.228 -22.771 -25.087  -0.192  -0.054   0.268   0.252
  155  7000  4.00 -2.50  2.00  1.25  0.00 -22.257 -23.173 -22.737 -25.087  -0.226  -0.127   0.289   0.273
  156  7000  4.50 -2.50  2.00  1.25  0.00 -22.284 -23.125 -22.706 -25.087  -0.257  -0.202   0.306   0.290
  157  7000  5.00 -2.50  2.00  1.25  0.00 -22.316 -23.086 -22.681 -25.087  -0.281  -0.272   0.321   0.305
  158  7250  0.50 -2.50  2.00  1.25  0.00 -22.572 -23.714 -23.062 -25.239  -0.053   0.091   0.073   0.057
  159  7250  1.00 -2.50  2.00  1.25  0.00 -22.528 -23.707 -23.053 -25.239  -0.062   0.128   0.072   0.056
  160  7250  1.50 -2.50  2.00  1.25  0.00 -22.482 -23.675 -23.042 -25.239  -0.074   0.144   0.091   0.075
  161  7250  2.00 -2.50  2.00  1.25  0.00 -22.441 -23.626 -23.026 -25.239  -0.089   0.136   0.126   0.110
  162  7250  2.50 -2.50  2.00  1.25  0.00 -22.414 -23.561 -23.007 -25.239  -0.109   0.101   0.171   0.155
  163  7250  3.00 -2.50  2.00  1.25  0.00 -22.402 -23.499 -22.978 -25.239  -0.138   0.051   0.204   0.188
  164  7250  3.50 -2.50  2.00  1.25  0.00 -22.404 -23.437 -22.944 -25.239  -0.172  -0.011   0.231   0.215
  165  7250  4.00 -2.50  2.00  1.25  0.00 -22.417 -23.377 -22.907 -25.239  -0.208  -0.084   0.255   0.239
  166  7250  4.50 -2.50  2.00  1.25  0.00 -22.441 -23.322 -22.872 -25.239  -0.243  -0.162   0.275   0.259
  167  7250  5.00 -2.50  2.00  1.25  0.00 -22.473 -23.276 -22.842 -25.239  -0.273  -0.240   0.292   0.276
  168  7500  0.50 -2.50  2.00  1.25  0.00 -22.761 -23.846 -23.203 -25.386  -0.060   0.035   0.081   0.065
  169  7500  1.00 -2.50  2.00  1.25  0.00 -22.732 -23.880 -23.198 -25.386  -0.064   0.096   0.043   0.027
  170  7500  1.50 -2.50  2.00  1.25  0.00 -22.681 -23.861 -23.191 -25.386  -0.072   0.129   0.055   0.039
  171  7500  2.00 -2.50  2.00  1.25  0.00 -22.633 -23.823 -23.177 -25.386  -0.085   0.140   0.079   0.063
  172  7500  2.50 -2.50  2.00  1.25  0.00 -22.594 -23.768 -23.160 -25.386  -0.102   0.126   0.117   0.101
  173  7500  3.00 -2.50  2.00  1.25  0.00 -22.570 -23.701 -23.138 -25.386  -0.124   0.085   0.162   0.146
  174  7500  3.50 -2.50  2.00  1.25  0.00 -22.563 -23.636 -23.107 -25.386  -0.156   0.028   0.196   0.180
  175  7500  4.00 -2.50  2.00  1.25  0.00 -22.570 -23.573 -23.070 -25.386  -0.192  -0.041   0.223   0.207
  176  7500  4.50 -2.50  2.00  1.25  0.00 -22.589 -23.513 -23.033 -25.386  -0.229  -0.120   0.246   0.230
  177  7500  5.00 -2.50  2.00  1.25  0.00 -22.618 -23.459 -22.998 -25.386  -0.264  -0.203   0.265   0.249
  178  7750  1.00 -2.50  2.00  1.25  0.00 -22.920 -24.019 -23.325 -25.529  -0.079   0.046   0.032   0.016
  179  7750  1.50 -2.50  2.00  1.25  0.00 -22.871 -24.021 -23.323 -25.529  -0.081   0.098   0.027   0.011
  180  7750  2.00 -2.50  2.00  1.25  0.00 -22.816 -23.994 -23.315 -25.529  -0.090   0.127   0.046   0.030
  181  7750  2.50 -2.50  2.00  1.25  0.00 -22.768 -23.951 -23.301 -25.529  -0.104   0.134   0.075   0.059
  182  7750  3.00 -2.50  2.00  1.25  0.00 -22.733 -23.892 -23.282 -25.529  -0.123   0.112   0.115   0.099
  183  7750  3.50 -2.50  2.00  1.25  0.00 -22.716 -23.824 -23.258 -25.529  -0.147   0.062   0.159   0.143
  184  7750  4.00 -2.50  2.00  1.25  0.00 -22.715 -23.758 -23.225 -25.529  -0.180  -0.002   0.192   0.176
  185  7750  4.50 -2.50  2.00  1.25  0.00 -22.728 -23.694 -23.187 -25.529  -0.218  -0.078   0.218   0.202
  186  7750  5.00 -2.50  2.00  1.25  0.00 -22.754 -23.635 -23.150 -25.529  -0.255  -0.163   0.240   0.224
  187  8000  1.50 -2.50  2.00  1.25  0.00 -23.047 -24.154 -23.440 -25.667  -0.103   0.054   0.011  -0.005
  188  8000  2.00 -2.50  2.00  1.25  0.00 -22.991 -24.142 -23.437 -25.667  -0.105   0.099   0.021   0.005
  189  8000  2.50 -2.50  2.00  1.25  0.00 -22.936 -24.108 -23.428 -25.667  -0.115   0.122   0.045   0.029
  190  8000  3.00 -2.50  2.00  1.25  0.00 -22.892 -24.061 -23.412 -25.667  -0.131   0.121   0.076   0.060
  191  8000  3.50 -2.50  2.00  1.25  0.00 -22.863 -24.000 -23.393 -25.667  -0.149   0.089   0.119   0.103
  192  8000  4.00 -2.50  2.00  1.25  0.00 -22.855 -23.933 -23.368 -25.667  -0.175   0.032   0.160   0.144
  193  8000  4.50 -2.50  2.00  1.25  0.00 -22.862 -23.867 -23.333 -25.667  -0.209  -0.040   0.191   0.175
  194  8000  5.00 -2.50  2.00  1.25  0.00 -22.884 -23.804 -23.295 -25.667  -0.248  -0.123   0.216   0.200
  195  8250  1.50 -2.50  2.00  1.25  0.00 -23.211 -24.262 -23.540 -25.800  -0.136  -0.002   0.003  -0.013
  196  8250  2.00 -2.50  2.00  1.25  0.00 -23.157 -24.268 -23.544 -25.800  -0.133   0.058   0.001  -0.015
  197  8250  2.50 -2.50  2.00  1.25  0.00 -23.098 -24.245 -23.540 -25.800  -0.136   0.096   0.020   0.004
  198  8250  3.00 -2.50  2.00  1.25  0.00 -23.046 -24.207 -23.530 -25.800  -0.147   0.112   0.048   0.032
  199  8250  3.50 -2.50  2.00  1.25  0.00 -23.006 -24.156 -23.513 -25.800  -0.163   0.102   0.082   0.066
  200  8250  4.00 -2.50  2.00  1.25  0.00 -22.989 -24.094 -23.496 -25.800  -0.181   0.059   0.127   0.111
  201  8250  4.50 -2.50  2.00  1.25  0.00 -22.991 -24.029 -23.469 -25.800  -0.208  -0.006   0.164   0.148
  202  8250  5.00 -2.50  2.00  1.25  0.00 -23.007 -23.965 -23.433 -25.800  -0.243  -0.086   0.193   0.177
  203  8500  1.50 -2.50  2.00  1.25  0.00 -23.357 -24.348 -23.626 -25.930  -0.180  -0.062   0.002  -0.014
  204  8500  2.00 -2.50  2.00  1.25  0.00 -23.311 -24.374 -23.637 -25.930  -0.169   0.010  -0.012  -0.028
  205  8500  2.50 -2.50  2.00  1.25  0.00 -23.251 -24.363 -23.639 -25.930  -0.168   0.060   0.000  -0.016
  206  8500  3.00 -2.50  2.00  1.25  0.00 -23.193 -24.334 -23.633 -25.930  -0.173   0.090   0.024   0.008
  207  8500  3.50 -2.50  2.00  1.25  0.00 -23.147 -24.291 -23.622 -25.930  -0.184   0.096   0.056   0.040
  208  8500  4.00 -2.50  2.00  1.25  0.00 -23.117 -24.238 -23.606 -25.930  -0.200   0.074   0.093   0.077
  209  8500  4.50 -2.50  2.00  1.25  0.00 -23.114 -24.178 -23.590 -25.930  -0.216   0.019   0.137   0.121
  210  8500  5.00 -2.50  2.00  1.25  0.00 -23.125 -24.115 -23.561 -25.930  -0.245  -0.054   0.171   0.155
  211  8750  2.00 -2.50  2.00  1.25  0.00 -23.453 -24.463 -23.718 -26.056  -0.214  -0.043  -0.020  -0.036
  212  8750  2.50 -2.50  2.00  1.25  0.00 -23.397 -24.465 -23.724 -26.056  -0.208   0.015  -0.016  -0.032
  213  8750  3.00 -2.50  2.00  1.25  0.00 -23.337 -24.445 -23.724 -26.056  -0.208   0.057   0.004  -0.012
  214  8750  3.50 -2.50  2.00  1.25  0.00 -23.284 -24.411 -23.718 -26.056  -0.214   0.077   0.033   0.017
  215  8750  4.00 -2.50  2.00  1.25  0.00 -23.245 -24.364 -23.706 -26.056  -0.226   0.072   0.067   0.051
  216  8750  4.50 -2.50  2.00  1.25  0.00 -23.228 -24.309 -23.692 -26.056  -0.240   0.035   0.108   0.092
  217  8750  5.00 -2.50  2.00  1.25  0.00 -23.238 -24.253 -23.677 -26.056  -0.255  -0.029   0.149   0.133
  218  9000  2.00 -2.50  2.00  0.00  0.00 -23.579 -24.541 -23.790 -26.178  -0.264  -0.093  -0.026  -0.042
  219  9000  2.50 -2.50  2.00  0.00  0.00 -23.529 -24.552 -23.800 -26.178  -0.254  -0.030  -0.027  -0.043
  220  9000  3.00 -2.50  2.00  0.00  0.00 -23.470 -24.541 -23.804 -26.178  -0.250   0.019  -0.012  -0.028
  221  9000  3.50 -2.50  2.00  0.00  0.00 -23.414 -24.515 -23.803 -26.178  -0.251   0.050   0.013  -0.003
  222  9000  4.00 -2.50  2.00  0.00  0.00 -23.368 -24.475 -23.796 -26.178  -0.258   0.059   0.046   0.030
  223  9000  4.50 -2.50  2.00  0.00  0.00 -23.339 -24.426 -23.783 -26.178  -0.271   0.040   0.082   0.066
  224  9000  5.00 -2.50  2.00  0.00  0.00 -23.330 -24.370 -23.764 -26.178  -0.290  -0.005   0.119   0.103
  225  9250  2.00 -2.50  2.00  0.00  0.00 -23.694 -24.611 -23.856 -26.297  -0.317  -0.138  -0.030  -0.046
  226  9250  2.50 -2.50  2.00  0.00  0.00 -23.649 -24.630 -23.869 -26.297  -0.304  -0.073  -0.036  -0.052
  227  9250  3.00 -2.50  2.00  0.00  0.00 -23.594 -24.626 -23.875 -26.297  -0.298  -0.021  -0.025  -0.041
  228  9250  3.50 -2.50  2.00  0.00  0.00 -23.537 -24.606 -23.878 -26.297  -0.296   0.018  -0.003  -0.019
  229  9250  4.00 -2.50  2.00  0.00  0.00 -23.489 -24.574 -23.876 -26.297  -0.297   0.037   0.026   0.010
  230  9250  4.50 -2.50  2.00  0.00  0.00 -23.454 -24.532 -23.868 -26.297  -0.305   0.030   0.062   0.046
  231  9250  5.00 -2.50  2.00  0.00  0.00 -23.438 -24.481 -23.855 -26.297  -0.318  -0.003   0.099   0.083
  232  9500  2.00 -2.50  2.00  0.00  0.00 -23.801 -24.677 -23.918 -26.413  -0.371  -0.179  -0.035  -0.051
  233  9500  2.50 -2.50  2.00  0.00  0.00 -23.761 -24.700 -23.932 -26.413  -0.357  -0.115  -0.043  -0.059
  234  9500  3.00 -2.50  2.00  0.00  0.00 -23.709 -24.702 -23.940 -26.413  -0.349  -0.061  -0.037  -0.053
  235  9500  3.50 -2.50  2.00  0.00  0.00 -23.654 -24.688 -23.945 -26.413  -0.344  -0.018  -0.018  -0.034
  236  9500  4.00 -2.50  2.00  0.00  0.00 -23.604 -24.662 -23.946 -26.413  -0.343   0.009   0.009  -0.007
  237  9500  4.50 -2.50  2.00  0.00  0.00 -23.565 -24.626 -23.944 -26.413  -0.345   0.013   0.043   0.027
  238  9500  5.00 -2.50  2.00  0.00  0.00 -23.542 -24.579 -23.936 -26.413  -0.353  -0.009   0.082   0.066
  239  9750  2.00 -2.50  2.00  0.00  0.00 -23.901 -24.740 -23.976 -26.526  -0.426  -0.216  -0.039  -0.055
  240  9750  2.50 -2.50  2.00  0.00  0.00 -23.863 -24.766 -23.991 -26.526  -0.411  -0.152  -0.050  -0.066
  241  9750  3.00 -2.50  2.00  0.00  0.00 -23.816 -24.771 -24.000 -26.526  -0.402  -0.099  -0.046  -0.062
  242  9750  3.50 -2.50  2.00  0.00  0.00 -23.763 -24.761 -24.006 -26.526  -0.396  -0.054  -0.030  -0.046
  243  9750  4.00 -2.50  2.00  0.00  0.00 -23.711 -24.741 -24.010 -26.526  -0.392  -0.022  -0.005  -0.021
  244  9750  4.50 -2.50  2.00  0.00  0.00 -23.669 -24.710 -24.012 -26.526  -0.390  -0.008   0.027   0.011
  245  9750  5.00 -2.50  2.00  0.00  0.00 -23.643 -24.669 -24.009 -26.526  -0.393  -0.020   0.065   0.049
  246 10000  2.00 -2.50  2.00  0.00  0.00 -23.996 -24.800 -24.032 -26.636  -0.480  -0.251  -0.043  -0.059
  247 10000  2.50 -2.50  2.00  0.00  0.00 -23.959 -24.828 -24.047 -26.636  -0.465  -0.187  -0.055  -0.071
  248 10000  3.00 -2.50  2.00  0.00  0.00 -23.914 -24.835 -24.056 -26.636  -0.456  -0.134  -0.053  -0.069
  249 10000  3.50 -2.50  2.00  0.00  0.00 -23.864 -24.829 -24.063 -26.636  -0.449  -0.088  -0.041  -0.057
  250 10000  4.00 -2.50  2.00  0.00  0.00 -23.813 -24.812 -24.069 -26.636  -0.443  -0.053  -0.018  -0.034
  251 10000  4.50 -2.50  2.00  0.00  0.00 -23.770 -24.786 -24.073 -26.636  -0.439  -0.034   0.012  -0.004
  252 10000  5.00 -2.50  2.00  0.00  0.00 -23.741 -24.750 -24.074 -26.636  -0.438  -0.038   0.049   0.033
  253 10500  2.00 -2.50  2.00  0.00  0.00 -24.172 -24.914 -24.137 -26.848  -0.587  -0.313  -0.052  -0.068
  254 10500  2.50 -2.50  2.00  0.00  0.00 -24.136 -24.943 -24.152 -26.848  -0.572  -0.248  -0.066  -0.082
  255 10500  3.00 -2.50  2.00  0.00  0.00 -24.094 -24.952 -24.161 -26.848  -0.563  -0.197  -0.066  -0.082
  256 10500  3.50 -2.50  2.00  0.00  0.00 -24.049 -24.950 -24.167 -26.848  -0.556  -0.153  -0.057  -0.073
  257 10500  4.00 -2.50  2.00  0.00  0.00 -24.002 -24.939 -24.174 -26.848  -0.550  -0.116  -0.040  -0.056
  258 10500  4.50 -2.50  2.00  0.00  0.00 -23.958 -24.919 -24.180 -26.848  -0.543  -0.090  -0.014  -0.030
  259 10500  5.00 -2.50  2.00  0.00  0.00 -23.925 -24.892 -24.186 -26.848  -0.538  -0.081   0.019   0.003
  260 11000  2.50 -2.50  2.00  0.00  0.00 -24.296 -25.050 -24.249 -27.050  -0.677  -0.303  -0.075  -0.091
  261 11000  3.00 -2.50  2.00  0.00  0.00 -24.256 -25.059 -24.257 -27.050  -0.669  -0.253  -0.077  -0.093
  262 11000  3.50 -2.50  2.00  0.00  0.00 -24.214 -25.058 -24.263 -27.050  -0.663  -0.210  -0.071  -0.087
  263 11000  4.00 -2.50  2.00  0.00  0.00 -24.171 -25.050 -24.269 -27.050  -0.657  -0.174  -0.056  -0.072
  264 11000  4.50 -2.50  2.00  0.00  0.00 -24.130 -25.036 -24.276 -27.050  -0.650  -0.146  -0.035  -0.051
  265 11000  5.00 -2.50  2.00  0.00  0.00 -24.094 -25.014 -24.284 -27.050  -0.642  -0.130  -0.005  -0.021
  266 11500  2.50 -2.50  2.00  0.00  0.00 -24.445 -25.149 -24.339 -27.243  -0.779  -0.352  -0.085  -0.101
  267 11500  3.00 -2.50  2.00  0.00  0.00 -24.405 -25.158 -24.346 -27.243  -0.773  -0.302  -0.087  -0.103
  268 11500  3.50 -2.50  2.00  0.00  0.00 -24.364 -25.158 -24.351 -27.243  -0.768  -0.262  -0.082  -0.098
  269 11500  4.00 -2.50  2.00  0.00  0.00 -24.325 -25.151 -24.357 -27.243  -0.762  -0.227  -0.070  -0.086
  270 11500  4.50 -2.50  2.00  0.00  0.00 -24.287 -25.140 -24.363 -27.243  -0.756  -0.199  -0.051  -0.067
  271 11500  5.00 -2.50  2.00  0.00  0.00 -24.252 -25.122 -24.371 -27.243  -0.748  -0.181  -0.026  -0.042
  272 12000  2.50 -2.50  2.00  0.00  0.00 -24.583 -25.243 -24.424 -27.428  -0.880  -0.397  -0.093  -0.109
  273 12000  3.00 -2.50  2.00  0.00  0.00 -24.542 -25.251 -24.430 -27.428  -0.874  -0.348  -0.097  -0.113
  274 12000  3.50 -2.50  2.00  0.00  0.00 -24.503 -25.251 -24.434 -27.428  -0.870  -0.308  -0.092  -0.108
  275 12000  4.00 -2.50  2.00  0.00  0.00 -24.466 -25.245 -24.438 -27.428  -0.865  -0.275  -0.081  -0.097
  276 12000  4.50 -2.50  2.00  0.00  0.00 -24.430 -25.235 -24.444 -27.428  -0.859  -0.249  -0.065  -0.081
  277 12000  5.00 -2.50  2.00  0.00  0.00 -24.398 -25.220 -24.452 -27.428  -0.852  -0.230  -0.043  -0.059
  278 12500  2.50 -2.50  2.00  0.00  0.00 -24.712 -25.331 -24.504 -27.605  -0.977  -0.439  -0.102  -0.118
  279 12500  3.00 -2.50  2.00  0.00  0.00 -24.671 -25.339 -24.508 -27.605  -0.973  -0.389  -0.105  -0.121
  280 12500  3.50 -2.50  2.00  0.00  0.00 -24.632 -25.338 -24.511 -27.605  -0.969  -0.351  -0.101  -0.117
  281 12500  4.00 -2.50  2.00  0.00  0.00 -24.596 -25.332 -24.515 -27.605  -0.965  -0.319  -0.092  -0.108
  282 12500  4.50 -2.50  2.00  0.00  0.00 -24.563 -25.323 -24.521 -27.605  -0.960  -0.294  -0.077  -0.093
  283 12500  5.00 -2.50  2.00  0.00  0.00 -24.533 -25.310 -24.528 -27.605  -0.953  -0.276  -0.057  -0.073
  284 13000  2.50 -2.50  2.00  0.00  0.00 -24.834 -25.415 -24.580 -27.775  -1.071  -0.477  -0.110  -0.126
  285 13000  3.00 -2.50  2.00  0.00  0.00 -24.792 -25.422 -24.583 -27.775  -1.068  -0.428  -0.114  -0.130
  286 13000  3.50 -2.50  2.00  0.00  0.00 -24.753 -25.420 -24.585 -27.775  -1.066  -0.390  -0.110  -0.126
  287 13000  4.00 -2.50  2.00  0.00  0.00 -24.718 -25.414 -24.588 -27.775  -1.063  -0.360  -0.101  -0.117
  288 13000  4.50 -2.50  2.00  0.00  0.00 -24.687 -25.405 -24.593 -27.775  -1.058  -0.336  -0.087  -0.103
  289 13000  5.00 -2.50  2.00  0.00  0.00 -24.659 -25.393 -24.600 -27.775  -1.052  -0.319  -0.069  -0.085
  290 14000  2.00 -2.50  2.00  0.00  0.00 -25.107 -25.539 -24.710 -28.097  -1.263  -0.626  -0.104  -0.120
  291 14000  2.50 -2.50  2.00  0.00  0.00 -25.059 -25.571 -24.721 -28.097  -1.252  -0.547  -0.125  -0.141
  292 14000  3.00 -2.50  2.00  0.00  0.00 -25.015 -25.576 -24.722 -28.097  -1.251  -0.496  -0.129  -0.145
  293 14000  3.50 -2.50  2.00  0.00  0.00 -24.975 -25.573 -24.722 -28.097  -1.251  -0.459  -0.126  -0.142
  294 14000  4.00 -2.50  2.00  0.00  0.00 -24.942 -25.567 -24.724 -28.097  -1.249  -0.431  -0.118  -0.134
  295 14000  4.50 -2.50  2.00  0.00  0.00 -24.912 -25.558 -24.727 -28.097  -1.246  -0.410  -0.106  -0.122
  296 14000  5.00 -2.50  2.00  0.00  0.00 -24.888 -25.547 -24.733 -28.097  -1.240  -0.394  -0.089  -0.105
  297 15000  2.50 -2.50  2.00  0.00  0.00 -25.265 -25.715 -24.852 -28.397  -1.421  -0.609  -0.138  -0.154
  298 15000  3.00 -2.50  2.00  0.00  0.00 -25.217 -25.719 -24.850 -28.397  -1.423  -0.557  -0.144  -0.160
  299 15000  3.50 -2.50  2.00  0.00  0.00 -25.176 -25.714 -24.848 -28.397  -1.425  -0.520  -0.141  -0.157
  300 15000  4.00 -2.50  2.00  0.00  0.00 -25.142 -25.706 -24.848 -28.397  -1.425  -0.493  -0.134  -0.150
  301 15000  4.50 -2.50  2.00  0.00  0.00 -25.115 -25.697 -24.850 -28.397  -1.422  -0.473  -0.122  -0.138
  302 15000  5.00 -2.50  2.00  0.00  0.00 -25.092 -25.687 -24.855 -28.397  -1.418  -0.460  -0.106  -0.122
  303 16000  2.50 -2.50  2.00  0.00  0.00 -25.456 -25.848 -24.974 -28.677  -1.579  -0.667  -0.149  -0.165
  304 16000  3.00 -2.50  2.00  0.00  0.00 -25.404 -25.851 -24.969 -28.677  -1.584  -0.612  -0.156  -0.172
  305 16000  3.50 -2.50  2.00  0.00  0.00 -25.361 -25.844 -24.965 -28.677  -1.588  -0.575  -0.155  -0.171
  306 16000  4.00 -2.50  2.00  0.00  0.00 -25.326 -25.835 -24.963 -28.677  -1.590  -0.548  -0.148  -0.164
  307 16000  4.50 -2.50  2.00  0.00  0.00 -25.299 -25.826 -24.964 -28.677  -1.589  -0.530  -0.137  -0.153
  308 16000  5.00 -2.50  2.00  0.00  0.00 -25.277 -25.815 -24.968 -28.677  -1.585  -0.517  -0.122  -0.138
  309 17000  2.50 -2.50  2.00  0.00  0.00 -25.634 -25.973 -25.088 -28.940  -1.728  -0.720  -0.160  -0.176
  310 17000  3.00 -2.50  2.00  0.00  0.00 -25.578 -25.975 -25.082 -28.940  -1.735  -0.663  -0.168  -0.184
  311 17000  3.50 -2.50  2.00  0.00  0.00 -25.532 -25.966 -25.075 -28.940  -1.742  -0.625  -0.167  -0.183
  312 17000  4.00 -2.50  2.00  0.00  0.00 -25.496 -25.956 -25.071 -28.940  -1.746  -0.598  -0.161  -0.177
  313 17000  4.50 -2.50  2.00  0.00  0.00 -25.469 -25.946 -25.071 -28.940  -1.746  -0.580  -0.150  -0.166
  314 17000  5.00 -2.50  2.00  0.00  0.00 -25.448 -25.935 -25.074 -28.940  -1.743  -0.569  -0.137  -0.153
  315 18000  2.50 -2.50  2.00  0.00  0.00 -25.800 -26.090 -25.196 -29.189  -1.869  -0.770  -0.169  -0.185
  316 18000  3.00 -2.50  2.00  0.00  0.00 -25.741 -26.092 -25.188 -29.189  -1.877  -0.710  -0.179  -0.195
  317 18000  3.50 -2.50  2.00  0.00  0.00 -25.693 -26.082 -25.179 -29.189  -1.886  -0.671  -0.178  -0.194
  318 18000  4.00 -2.50  2.00  0.00  0.00 -25.656 -26.070 -25.173 -29.189  -1.892  -0.644  -0.172  -0.188
  319 18000  4.50 -2.50  2.00  0.00  0.00 -25.627 -26.059 -25.171 -29.189  -1.893  -0.626  -0.163  -0.179
  320 18000  5.00 -2.50  2.00  0.00  0.00 -25.606 -26.048 -25.173 -29.189  -1.891  -0.615  -0.150  -0.166
  321 19000  2.50 -2.50  2.00  0.00  0.00 -25.956 -26.201 -25.298 -29.423  -2.001  -0.816  -0.178  -0.194
  322 19000  3.00 -2.50  2.00  0.00  0.00 -25.895 -26.202 -25.289 -29.423  -2.011  -0.753  -0.189  -0.205
  323 19000  3.50 -2.50  2.00  0.00  0.00 -25.844 -26.191 -25.277 -29.423  -2.022  -0.714  -0.188  -0.204
  324 19000  4.00 -2.50  2.00  0.00  0.00 -25.806 -26.178 -25.270 -29.423  -2.029  -0.687  -0.183  -0.199
  325 19000  4.50 -2.50  2.00  0.00  0.00 -25.777 -26.166 -25.267 -29.423  -2.032  -0.669  -0.174  -0.190
  326 19000  5.00 -2.50  2.00  0.00  0.00 -25.755 -26.155 -25.268 -29.423  -2.031  -0.658  -0.162  -0.178
  327 20000  3.00 -2.50  2.00  0.00  0.00 -26.038 -26.308 -25.385 -29.646  -2.137  -0.792  -0.198  -0.214
  328 20000  3.50 -2.50  2.00  0.00  0.00 -25.987 -26.295 -25.371 -29.646  -2.151  -0.753  -0.198  -0.214
  329 20000  4.00 -2.50  2.00  0.00  0.00 -25.947 -26.281 -25.362 -29.646  -2.160  -0.726  -0.193  -0.209
  330 20000  4.50 -2.50  2.00  0.00  0.00 -25.917 -26.268 -25.358 -29.646  -2.164  -0.708  -0.185  -0.201
  331 20000  5.00 -2.50  2.00  0.00  0.00 -25.896 -26.257 -25.358 -29.646  -2.164  -0.697  -0.174  -0.190
  332 21000  3.00 -2.50  2.00  0.00  0.00 -26.175 -26.409 -25.477 -29.858  -2.257  -0.827  -0.207  -0.223
  333 21000  3.50 -2.50  2.00  0.00  0.00 -26.121 -26.394 -25.461 -29.858  -2.273  -0.788  -0.208  -0.224
  334 21000  4.00 -2.50  2.00  0.00  0.00 -26.081 -26.379 -25.451 -29.858  -2.283  -0.762  -0.203  -0.219
  335 21000  4.50 -2.50  2.00  0.00  0.00 -26.051 -26.366 -25.446 -29.858  -2.288  -0.745  -0.195  -0.211
  336 21000  5.00 -2.50  2.00  0.00  0.00 -26.029 -26.354 -25.445 -29.858  -2.289  -0.734  -0.184  -0.200
  337 22000  3.00 -2.50  2.00  0.00  0.00 -26.305 -26.508 -25.568 -30.060  -2.368  -0.859  -0.215  -0.231
  338 22000  3.50 -2.50  2.00  0.00  0.00 -26.248 -26.490 -25.548 -30.060  -2.388  -0.819  -0.216  -0.232
  339 22000  4.00 -2.50  2.00  0.00  0.00 -26.206 -26.473 -25.536 -30.060  -2.400  -0.794  -0.212  -0.228
  340 22000  4.50 -2.50  2.00  0.00  0.00 -26.177 -26.459 -25.529 -30.060  -2.407  -0.778  -0.205  -0.221
  341 22000  5.00 -2.50  2.00  0.00  0.00 -26.155 -26.447 -25.527 -30.060  -2.409  -0.767  -0.194  -0.210
  342 23000  3.00 -2.50  2.00  0.00  0.00 -26.433 -26.605 -25.657 -30.253  -2.472  -0.889  -0.223  -0.239
  343 23000  3.50 -2.50  2.00  0.00  0.00 -26.369 -26.583 -25.633 -30.253  -2.496  -0.848  -0.225  -0.241
  344 23000  4.00 -2.50  2.00  0.00  0.00 -26.326 -26.563 -25.618 -30.253  -2.511  -0.823  -0.221  -0.237
  345 23000  4.50 -2.50  2.00  0.00  0.00 -26.296 -26.548 -25.610 -30.253  -2.519  -0.808  -0.214  -0.230
  346 23000  5.00 -2.50  2.00  0.00  0.00 -26.275 -26.536 -25.607 -30.253  -2.522  -0.798  -0.204  -0.220
  347 24000  3.00 -2.50  2.00  0.00  0.00 -26.560 -26.703 -25.748 -30.438  -2.566  -0.919  -0.231  -0.247
  348 24000  3.50 -2.50  2.00  0.00  0.00 -26.487 -26.674 -25.716 -30.438  -2.598  -0.875  -0.233  -0.249
  349 24000  4.00 -2.50  2.00  0.00  0.00 -26.440 -26.652 -25.698 -30.438  -2.616  -0.850  -0.229  -0.245
  350 24000  4.50 -2.50  2.00  0.00  0.00 -26.409 -26.635 -25.688 -30.438  -2.626  -0.835  -0.222  -0.238
  351 24000  5.00 -2.50  2.00  0.00  0.00 -26.388 -26.622 -25.684 -30.438  -2.630  -0.826  -0.213  -0.229
  352 25000  3.00 -2.50  2.00  0.00  0.00 -26.693 -26.806 -25.843 -30.615  -2.648  -0.950  -0.238  -0.254
  353 25000  3.50 -2.50  2.00  0.00  0.00 -26.602 -26.764 -25.798 -30.615  -2.693  -0.901  -0.241  -0.257
  354 25000  4.00 -2.50  2.00  0.00  0.00 -26.551 -26.738 -25.776 -30.615  -2.715  -0.875  -0.237  -0.253
  355 25000  4.50 -2.50  2.00  0.00  0.00 -26.518 -26.720 -25.764 -30.615  -2.727  -0.860  -0.230  -0.246
  356 25000  5.00 -2.50  2.00  0.00  0.00 -26.497 -26.706 -25.760 -30.615  -2.732  -0.851  -0.221  -0.237
  357 26000  3.00 -2.50  2.00  0.00  0.00 -26.837 -26.914 -25.948 -30.786  -2.714  -0.986  -0.241  -0.257
  358 26000  3.50 -2.50  2.00  0.00  0.00 -26.718 -26.855 -25.882 -30.786  -2.780  -0.925  -0.249  -0.265
  359 26000  4.00 -2.50  2.00  0.00  0.00 -26.660 -26.824 -25.854 -30.786  -2.808  -0.898  -0.245  -0.261
  360 26000  4.50 -2.50  2.00  0.00  0.00 -26.624 -26.803 -25.840 -30.786  -2.822  -0.883  -0.238  -0.254
  361 26000  5.00 -2.50  2.00  0.00  0.00 -26.602 -26.788 -25.833 -30.786  -2.828  -0.875  -0.230  -0.246
  362 27000  3.50 -2.50  2.00  0.00  0.00 -26.837 -26.949 -25.969 -30.949  -2.857  -0.951  -0.256  -0.272
  363 27000  4.00 -2.50  2.00  0.00  0.00 -26.768 -26.910 -25.932 -30.949  -2.893  -0.921  -0.252  -0.268
  364 27000  4.50 -2.50  2.00  0.00  0.00 -26.729 -26.886 -25.915 -30.949  -2.911  -0.905  -0.246  -0.262
  365 27000  5.00 -2.50  2.00  0.00  0.00 -26.705 -26.869 -25.907 -30.949  -2.919  -0.897  -0.238  -0.254
  366 28000  3.50 -2.50  2.00  0.00  0.00 -26.961 -27.047 -26.061 -31.107  -2.923  -0.977  -0.261  -0.277
  367 28000  4.00 -2.50  2.00  0.00  0.00 -26.878 -26.997 -26.013 -31.107  -2.971  -0.944  -0.260  -0.276
  368 28000  4.50 -2.50  2.00  0.00  0.00 -26.833 -26.968 -25.990 -31.107  -2.993  -0.927  -0.253  -0.269
  369 28000  5.00 -2.50  2.00  0.00  0.00 -26.807 -26.950 -25.980 -31.107  -3.004  -0.918  -0.245  -0.261
  370 29000  3.50 -2.50  2.00  0.00  0.00 -27.087 -27.145 -26.155 -31.260  -2.981  -1.005  -0.266  -0.282
  371 29000  4.00 -2.50  2.00  0.00  0.00 -26.990 -27.087 -26.095 -31.260  -3.040  -0.966  -0.266  -0.282
  372 29000  4.50 -2.50  2.00  0.00  0.00 -26.938 -27.052 -26.067 -31.260  -3.069  -0.948  -0.260  -0.276
  373 29000  5.00 -2.50  2.00  0.00  0.00 -26.909 -27.031 -26.054 -31.260  -3.082  -0.939  -0.253  -0.269
  374 30000  3.50 -2.50  2.00  0.00  0.00 -27.205 -27.238 -26.245 -31.407  -3.038  -1.030  -0.268  -0.284
  375 30000  4.00 -2.50  2.00  0.00  0.00 -27.104 -27.178 -26.181 -31.407  -3.102  -0.989  -0.272  -0.288
  376 30000  4.50 -2.50  2.00  0.00  0.00 -27.044 -27.138 -26.146 -31.407  -3.137  -0.969  -0.267  -0.283
  377 30000  5.00 -2.50  2.00  0.00  0.00 -27.011 -27.114 -26.129 -31.407  -3.154  -0.959  -0.260  -0.276
  378 31000  3.50 -2.50  2.00  0.00  0.00 -27.309 -27.321 -26.327 -31.549  -3.098  -1.052  -0.268  -0.284
  379 31000  4.00 -2.50  2.00  0.00  0.00 -27.216 -27.268 -26.266 -31.549  -3.160  -1.012  -0.277  -0.293
  380 31000  4.50 -2.50  2.00  0.00  0.00 -27.151 -27.224 -26.226 -31.549  -3.200  -0.990  -0.273  -0.289
  381 31000  5.00 -2.50  2.00  0.00  0.00 -27.114 -27.197 -26.205 -31.549  -3.220  -0.979  -0.267  -0.283
  382 32000  4.00 -2.50  2.00  0.00  0.00 -27.322 -27.353 -26.348 -31.687  -3.216  -1.032  -0.281  -0.297
  383 32000  4.50 -2.50  2.00  0.00  0.00 -27.257 -27.310 -26.306 -31.687  -3.257  -1.010  -0.279  -0.295
  384 32000  5.00 -2.50  2.00  0.00  0.00 -27.216 -27.280 -26.282 -31.687  -3.281  -0.999  -0.273  -0.289
  385 33000  4.00 -2.50  2.00  0.00  0.00 -27.417 -27.430 -26.422 -31.821  -3.275  -1.051  -0.283  -0.299
  386 33000  4.50 -2.50  2.00  0.00  0.00 -27.358 -27.393 -26.384 -31.821  -3.313  -1.029  -0.284  -0.300
  387 33000  5.00 -2.50  2.00  0.00  0.00 -27.316 -27.362 -26.358 -31.821  -3.339  -1.017  -0.279  -0.295
  388 34000  4.00 -2.50  2.00  0.00  0.00 -27.498 -27.497 -26.487 -31.951  -3.339  -1.066  -0.284  -0.300
  389 34000  4.50 -2.50  2.00  0.00  0.00 -27.450 -27.469 -26.456 -31.951  -3.371  -1.046  -0.287  -0.303
  390 34000  5.00 -2.50  2.00  0.00  0.00 -27.412 -27.441 -26.432 -31.951  -3.395  -1.035  -0.284  -0.300
  391 35000  4.00 -2.50  2.00  0.00  0.00 -27.567 -27.553 -26.544 -32.077  -3.409  -1.078  -0.285  -0.301
  392 35000  4.50 -2.50  2.00  0.00  0.00 -27.532 -27.536 -26.521 -32.077  -3.432  -1.060  -0.290  -0.306
  393 35000  5.00 -2.50  2.00  0.00  0.00 -27.499 -27.513 -26.500 -32.077  -3.453  -1.050  -0.288  -0.304
  394 37500  4.50 -2.50  2.00  0.00  0.00 -27.691 -27.667 -26.649 -32.376  -3.603  -1.088  -0.293  -0.309
  395 37500  5.00 -2.50  2.00  0.00  0.00 -27.676 -27.660 -26.641 -32.376  -3.611  -1.080  -0.294  -0.310
  396 40000  4.50 -2.50  2.00  0.00  0.00 -27.794 -27.755 -26.734 -32.656  -3.798  -1.103  -0.296  -0.312
  397 40000  5.00 -2.50  2.00  0.00  0.00 -27.797 -27.763 -26.740 -32.656  -3.792  -1.099  -0.298  -0.314
  398 42500  5.00 -2.50  2.00  0.00  0.00 -27.881 -27.836 -26.809 -32.920  -3.986  -1.110  -0.301  -0.317
  399 45000  5.00 -2.50  2.00  0.00  0.00 -27.948 -27.895 -26.865 -33.168  -4.179  -1.118  -0.305  -0.321
  400 47500  5.00 -2.50  2.00  0.00  0.00 -28.009 -27.950 -26.916 -33.403  -4.363  -1.124  -0.309  -0.325
  401 50000  5.00 -2.50  2.00  0.00  0.00 -28.067 -28.003 -26.966 -33.626  -4.536  -1.129  -0.312  -0.328