
       Teff log g  [M]  Vturb  l/H  E(B-V)    V       R       I       J       K       L      V-R     V-I     V-J     V-K     V-L
    1  3500  0.00  0.00  0.00  0.00  0.00 -13.131 -13.530 -13.910 -13.988 -13.025 -11.054   1.116   2.266   3.508   4.744   4.884
    2  3500  0.50  0.00  0.00  0.00  0.00 -13.119 -13.480 -13.888 -13.991 -13.030 -11.056   1.078   2.257   3.523   4.761   4.899
    3  3500  1.00  0.00  0.00  0.00  0.00 -13.093 -13.427 -13.866 -13.996 -13.034 -11.059   1.052   2.261   3.554   4.791   4.928
    4  3500  1.50  0.00  0.00  0.00  0.00 -13.058 -13.375 -13.846 -14.004 -13.038 -11.061   1.034   2.276   3.597   4.830   4.965
    5  3500  2.00  0.00  0.00  0.00  0.00 -13.017 -13.325 -13.826 -14.011 -13.041 -11.064   1.025   2.297   3.645   4.873   5.009
    6  3500  2.50  0.00  0.00  0.00  0.00 -12.977 -13.285 -13.811 -14.019 -13.043 -11.066   1.024   2.321   3.692   4.916   5.051
    7  3500  3.00  0.00  0.00  0.00  0.00 -12.991 -13.309 -13.830 -14.023 -13.030 -11.061   1.036   2.327   3.683   4.890   5.032
    8  3500  3.50  0.00  0.00  0.00  0.00 -13.170 -13.511 -13.949 -14.026 -12.956 -11.029   1.058   2.267   3.506   4.636   4.821
    9  3500  4.00  0.00  0.00  0.00  0.00 -13.329 -13.693 -14.055 -14.027 -12.876 -10.998   1.081   2.213   3.349   4.396   4.631
   10  3500  4.50  0.00  0.00  0.00  0.00 -13.395 -13.786 -14.104 -14.021 -12.837 -10.979   1.108   2.197   3.277   4.291   4.546
   11  3500  5.00  0.00  0.00  0.00  0.00 -13.416 -13.836 -14.128 -14.014 -12.820 -10.969   1.138   2.200   3.249   4.254   4.515
   12  3750  0.00  0.00  0.00  0.00  0.00 -13.972 -14.313 -14.409 -14.246 -13.127 -11.138   1.058   1.925   2.926   4.006   4.128
   13  3750  0.50  0.00  0.00  0.00  0.00 -13.981 -14.297 -14.397 -14.238 -13.132 -11.139   1.033   1.904   2.908   4.002   4.120
   14  3750  1.00  0.00  0.00  0.00  0.00 -13.979 -14.276 -14.388 -14.234 -13.136 -11.140   1.014   1.896   2.906   4.007   4.122
   15  3750  1.50  0.00  0.00  0.00  0.00 -13.970 -14.252 -14.379 -14.235 -13.139 -11.141   0.999   1.897   2.917   4.019   4.133
   16  3750  2.00  0.00  0.00  0.00  0.00 -13.954 -14.224 -14.370 -14.240 -13.142 -11.143   0.987   1.904   2.937   4.038   4.151
   17  3750  2.50  0.00  0.00  0.00  0.00 -13.933 -14.194 -14.362 -14.246 -13.146 -11.145   0.979   1.917   2.964   4.063   4.175
   18  3750  3.00  0.00  0.00  0.00  0.00 -13.909 -14.167 -14.355 -14.253 -13.149 -11.148   0.976   1.934   2.995   4.091   4.201
   19  3750  3.50  0.00  0.00  0.00  0.00 -13.907 -14.177 -14.371 -14.258 -13.137 -11.143   0.987   1.951   3.002   4.080   4.197
   20  3750  4.00  0.00  0.00  0.00  0.00 -13.975 -14.275 -14.438 -14.258 -13.077 -11.118   1.017   1.950   2.934   3.952   4.105
   21  3750  4.50  0.00  0.00  0.00  0.00 -14.049 -14.372 -14.501 -14.258 -13.010 -11.095   1.040   1.940   2.860   3.811   4.008
   22  3750  5.00  0.00  0.00  0.00  0.00 -14.082 -14.422 -14.533 -14.256 -12.973 -11.080   1.057   1.939   2.826   3.742   3.960
   23  4000  0.00  0.00  0.00  0.00  0.00 -14.603 -14.825 -14.790 -14.500 -13.222 -11.219   0.939   1.675   2.548   3.469   3.578
   24  4000  0.50  0.00  0.00  0.00  0.00 -14.614 -14.824 -14.780 -14.485 -13.227 -11.219   0.927   1.654   2.522   3.464   3.567
   25  4000  1.00  0.00  0.00  0.00  0.00 -14.615 -14.821 -14.773 -14.474 -13.231 -11.219   0.923   1.645   2.510   3.466   3.565
   26  4000  1.50  0.00  0.00  0.00  0.00 -14.611 -14.816 -14.768 -14.467 -13.234 -11.219   0.923   1.645   2.507   3.473   3.570
   27  4000  2.00  0.00  0.00  0.00  0.00 -14.601 -14.809 -14.765 -14.464 -13.236 -11.219   0.925   1.651   2.513   3.485   3.580
   28  4000  2.50  0.00  0.00  0.00  0.00 -14.589 -14.800 -14.762 -14.463 -13.239 -11.221   0.928   1.662   2.526   3.500   3.594
   29  4000  3.00  0.00  0.00  0.00  0.00 -14.573 -14.788 -14.760 -14.466 -13.243 -11.222   0.932   1.676   2.544   3.520   3.612
   30  4000  3.50  0.00  0.00  0.00  0.00 -14.553 -14.776 -14.760 -14.470 -13.247 -11.225   0.939   1.694   2.568   3.544   3.633
   31  4000  4.00  0.00  0.00  0.00  0.00 -14.546 -14.784 -14.775 -14.475 -13.236 -11.221   0.955   1.717   2.580   3.540   3.637
   32  4000  4.50  0.00  0.00  0.00  0.00 -14.571 -14.833 -14.818 -14.475 -13.190 -11.204   0.979   1.735   2.555   3.469   3.595
   33  4000  5.00  0.00  0.00  0.00  0.00 -14.608 -14.884 -14.859 -14.475 -13.136 -11.187   0.993   1.739   2.518   3.378   3.541
   34  4250  0.00  0.00  0.00  0.00  0.00 -15.126 -15.236 -15.114 -14.726 -13.309 -11.296   0.827   1.476   2.251   3.033   3.132
   35  4250  0.50  0.00  0.00  0.00  0.00 -15.136 -15.232 -15.102 -14.710 -13.315 -11.295   0.814   1.454   2.225   3.029   3.121
   36  4250  1.00  0.00  0.00  0.00  0.00 -15.138 -15.230 -15.093 -14.698 -13.319 -11.294   0.809   1.444   2.211   3.031   3.118
   37  4250  1.50  0.00  0.00  0.00  0.00 -15.134 -15.229 -15.088 -14.688 -13.322 -11.294   0.812   1.442   2.205   3.038   3.122
   38  4250  2.00  0.00  0.00  0.00  0.00 -15.126 -15.228 -15.085 -14.681 -13.324 -11.294   0.819   1.447   2.205   3.048   3.129
   39  4250  2.50  0.00  0.00  0.00  0.00 -15.115 -15.228 -15.084 -14.676 -13.327 -11.294   0.829   1.456   2.212   3.061   3.140
   40  4250  3.00  0.00  0.00  0.00  0.00 -15.102 -15.227 -15.084 -14.674 -13.329 -11.295   0.842   1.470   2.223   3.077   3.155
   41  4250  3.50  0.00  0.00  0.00  0.00 -15.086 -15.226 -15.085 -14.675 -13.334 -11.297   0.857   1.487   2.239   3.098   3.173
   42  4250  4.00  0.00  0.00  0.00  0.00 -15.068 -15.225 -15.088 -14.677 -13.339 -11.299   0.874   1.508   2.260   3.121   3.193
   43  4250  4.50  0.00  0.00  0.00  0.00 -15.056 -15.233 -15.102 -14.681 -13.331 -11.297   0.895   1.534   2.276   3.125   3.203
   44  4250  5.00  0.00  0.00  0.00  0.00 -15.064 -15.259 -15.132 -14.682 -13.297 -11.287   0.913   1.556   2.269   3.083   3.185
   45  4500  0.00  0.00  0.00  0.00  0.00 -15.569 -15.594 -15.399 -14.917 -13.390 -11.367   0.742   1.317   1.998   2.671   2.760
   46  4500  0.50  0.00  0.00  0.00  0.00 -15.577 -15.586 -15.384 -14.904 -13.396 -11.366   0.726   1.295   1.978   2.669   2.751
   47  4500  1.00  0.00  0.00  0.00  0.00 -15.579 -15.581 -15.374 -14.893 -13.400 -11.365   0.718   1.283   1.965   2.671   2.748
   48  4500  1.50  0.00  0.00  0.00  0.00 -15.577 -15.576 -15.367 -14.883 -13.403 -11.364   0.717   1.278   1.957   2.677   2.749
   49  4500  2.00  0.00  0.00  0.00  0.00 -15.571 -15.574 -15.362 -14.875 -13.406 -11.364   0.720   1.279   1.955   2.685   2.755
   50  4500  2.50  0.00  0.00  0.00  0.00 -15.563 -15.573 -15.359 -14.870 -13.408 -11.364   0.728   1.285   1.958   2.696   2.763
   51  4500  3.00  0.00  0.00  0.00  0.00 -15.552 -15.574 -15.359 -14.866 -13.411 -11.364   0.739   1.295   1.965   2.709   2.774
   52  4500  3.50  0.00  0.00  0.00  0.00 -15.539 -15.576 -15.360 -14.865 -13.414 -11.366   0.754   1.309   1.976   2.725   2.788
   53  4500  4.00  0.00  0.00  0.00  0.00 -15.524 -15.579 -15.364 -14.865 -13.420 -11.368   0.772   1.327   1.992   2.746   2.805
   54  4500  4.50  0.00  0.00  0.00  0.00 -15.508 -15.584 -15.369 -14.868 -13.425 -11.370   0.793   1.349   2.011   2.768   2.825
   55  4500  5.00  0.00  0.00  0.00  0.00 -15.495 -15.593 -15.381 -14.871 -13.421 -11.371   0.815   1.374   2.027   2.776   2.838
   56  4750  0.00  0.00  0.00  0.00  0.00 -15.954 -15.910 -15.650 -15.079 -13.466 -11.434   0.673   1.185   1.776   2.362   2.442
   57  4750  0.50  0.00  0.00  0.00  0.00 -15.958 -15.899 -15.634 -15.069 -13.472 -11.433   0.658   1.165   1.762   2.364   2.437
   58  4750  1.00  0.00  0.00  0.00  0.00 -15.958 -15.890 -15.623 -15.060 -13.476 -11.431   0.649   1.152   1.753   2.368   2.435
   59  4750  1.50  0.00  0.00  0.00  0.00 -15.956 -15.883 -15.614 -15.052 -13.479 -11.430   0.644   1.146   1.747   2.373   2.436
   60  4750  2.00  0.00  0.00  0.00  0.00 -15.952 -15.878 -15.608 -15.046 -13.481 -11.429   0.643   1.144   1.745   2.380   2.440
   61  4750  2.50  0.00  0.00  0.00  0.00 -15.946 -15.875 -15.604 -15.040 -13.484 -11.429   0.646   1.146   1.746   2.388   2.445
   62  4750  3.00  0.00  0.00  0.00  0.00 -15.938 -15.874 -15.602 -15.037 -13.486 -11.430   0.653   1.152   1.749   2.398   2.453
   63  4750  3.50  0.00  0.00  0.00  0.00 -15.929 -15.875 -15.602 -15.035 -13.489 -11.431   0.663   1.161   1.757   2.410   2.463
   64  4750  4.00  0.00  0.00  0.00  0.00 -15.918 -15.879 -15.605 -15.034 -13.494 -11.432   0.677   1.174   1.767   2.425   2.476
   65  4750  4.50  0.00  0.00  0.00  0.00 -15.906 -15.884 -15.609 -15.036 -13.500 -11.435   0.695   1.191   1.782   2.444   2.491
   66  4750  5.00  0.00  0.00  0.00  0.00 -15.892 -15.890 -15.615 -15.040 -13.505 -11.438   0.715   1.211   1.799   2.463   2.507
   67  5000  0.00  0.00  0.00  0.00  0.00 -16.294 -16.185 -15.873 -15.221 -13.535 -11.495   0.608   1.067   1.577   2.091   2.163
   68  5000  0.50  0.00  0.00  0.00  0.00 -16.294 -16.173 -15.856 -15.212 -13.542 -11.494   0.596   1.050   1.570   2.099   2.163
   69  5000  1.00  0.00  0.00  0.00  0.00 -16.291 -16.163 -15.843 -15.205 -13.547 -11.493   0.589   1.040   1.565   2.105   2.164
   70  5000  1.50  0.00  0.00  0.00  0.00 -16.287 -16.155 -15.834 -15.199 -13.550 -11.492   0.584   1.035   1.563   2.112   2.166
   71  5000  2.00  0.00  0.00  0.00  0.00 -16.283 -16.148 -15.827 -15.194 -13.552 -11.491   0.582   1.032   1.563   2.119   2.170
   72  5000  2.50  0.00  0.00  0.00  0.00 -16.278 -16.143 -15.822 -15.190 -13.554 -11.490   0.583   1.032   1.564   2.126   2.175
   73  5000  3.00  0.00  0.00  0.00  0.00 -16.272 -16.141 -15.819 -15.187 -13.556 -11.491   0.586   1.035   1.566   2.134   2.181
   74  5000  3.50  0.00  0.00  0.00  0.00 -16.266 -16.141 -15.818 -15.186 -13.559 -11.492   0.591   1.040   1.570   2.143   2.187
   75  5000  4.00  0.00  0.00  0.00  0.00 -16.260 -16.143 -15.820 -15.185 -13.563 -11.493   0.600   1.048   1.577   2.153   2.196
   76  5000  4.50  0.00  0.00  0.00  0.00 -16.252 -16.148 -15.824 -15.187 -13.568 -11.496   0.613   1.060   1.586   2.167   2.206
   77  5000  5.00  0.00  0.00  0.00  0.00 -16.242 -16.154 -15.829 -15.190 -13.574 -11.499   0.628   1.075   1.599   2.182   2.218
   78  5250  0.00  0.00  0.00  0.00  0.00 -16.601 -16.426 -16.067 -15.346 -13.598 -11.551   0.542   0.955   1.397   1.848   1.912
   79  5250  0.50  0.00  0.00  0.00  0.00 -16.596 -16.414 -16.052 -15.341 -13.607 -11.551   0.535   0.944   1.396   1.862   1.917
   80  5250  1.00  0.00  0.00  0.00  0.00 -16.590 -16.404 -16.039 -15.335 -13.612 -11.550   0.531   0.937   1.396   1.873   1.923
   81  5250  1.50  0.00  0.00  0.00  0.00 -16.583 -16.395 -16.029 -15.330 -13.616 -11.549   0.528   0.934   1.398   1.882   1.928
   82  5250  2.00  0.00  0.00  0.00  0.00 -16.577 -16.388 -16.022 -15.326 -13.618 -11.549   0.528   0.933   1.400   1.891   1.934
   83  5250  2.50  0.00  0.00  0.00  0.00 -16.571 -16.382 -16.016 -15.323 -13.620 -11.548   0.528   0.934   1.403   1.899   1.939
   84  5250  3.00  0.00  0.00  0.00  0.00 -16.566 -16.379 -16.013 -15.321 -13.622 -11.548   0.530   0.935   1.406   1.907   1.945
   85  5250  3.50  0.00  0.00  0.00  0.00 -16.561 -16.378 -16.012 -15.320 -13.625 -11.549   0.534   0.939   1.409   1.914   1.950
   86  5250  4.00  0.00  0.00  0.00  0.00 -16.557 -16.379 -16.013 -15.320 -13.628 -11.551   0.539   0.944   1.414   1.921   1.956
   87  5250  4.50  0.00  0.00  0.00  0.00 -16.553 -16.383 -16.017 -15.322 -13.633 -11.553   0.547   0.951   1.420   1.930   1.962
   88  5250  5.00  0.00  0.00  0.00  0.00 -16.549 -16.390 -16.022 -15.325 -13.638 -11.556   0.558   0.961   1.428   1.940   1.970
   89  5500  0.00  0.00  0.00  0.00  0.00 -16.879 -16.637 -16.238 -15.458 -13.653 -11.600   0.475   0.847   1.230   1.624   1.683
   90  5500  0.50  0.00  0.00  0.00  0.00 -16.870 -16.627 -16.224 -15.455 -13.665 -11.603   0.474   0.842   1.237   1.646   1.695
   91  5500  1.00  0.00  0.00  0.00  0.00 -16.861 -16.618 -16.213 -15.452 -13.673 -11.604   0.474   0.840   1.242   1.662   1.705
   92  5500  1.50  0.00  0.00  0.00  0.00 -16.852 -16.610 -16.204 -15.448 -13.677 -11.604   0.475   0.840   1.247   1.675   1.714
   93  5500  2.00  0.00  0.00  0.00  0.00 -16.844 -16.602 -16.196 -15.445 -13.680 -11.603   0.476   0.841   1.253   1.687   1.722
   94  5500  2.50  0.00  0.00  0.00  0.00 -16.836 -16.597 -16.191 -15.442 -13.683 -11.603   0.478   0.843   1.258   1.697   1.729
   95  5500  3.00  0.00  0.00  0.00  0.00 -16.829 -16.593 -16.187 -15.441 -13.685 -11.603   0.480   0.846   1.263   1.706   1.736
   96  5500  3.50  0.00  0.00  0.00  0.00 -16.824 -16.591 -16.186 -15.440 -13.687 -11.603   0.484   0.850   1.267   1.713   1.742
   97  5500  4.00  0.00  0.00  0.00  0.00 -16.821 -16.592 -16.187 -15.441 -13.690 -11.605   0.488   0.854   1.271   1.719   1.747
   98  5500  4.50  0.00  0.00  0.00  0.00 -16.818 -16.595 -16.190 -15.443 -13.694 -11.608   0.494   0.860   1.275   1.726   1.751
   99  5500  5.00  0.00  0.00  0.00  0.00 -16.817 -16.601 -16.196 -15.447 -13.699 -11.611   0.501   0.867   1.281   1.732   1.756
  100  5750  0.00  0.00  0.00  0.00  0.00 -17.132 -16.825 -16.388 -15.555 -13.696 -11.644   0.410   0.744   1.074   1.414   1.473
  101  5750  0.50  0.00  0.00  0.00  0.00 -17.120 -16.818 -16.378 -15.558 -13.714 -11.650   0.415   0.745   1.089   1.444   1.491
  102  5750  1.00  0.00  0.00  0.00  0.00 -17.109 -16.811 -16.368 -15.558 -13.725 -11.653   0.419   0.747   1.100   1.466   1.506
  103  5750  1.50  0.00  0.00  0.00  0.00 -17.098 -16.803 -16.360 -15.556 -13.732 -11.654   0.422   0.750   1.109   1.484   1.518
  104  5750  2.00  0.00  0.00  0.00  0.00 -17.088 -16.797 -16.354 -15.554 -13.737 -11.654   0.426   0.754   1.117   1.499   1.529
  105  5750  2.50  0.00  0.00  0.00  0.00 -17.078 -16.791 -16.348 -15.552 -13.740 -11.655   0.430   0.759   1.125   1.513   1.539
  106  5750  3.00  0.00  0.00  0.00  0.00 -17.069 -16.786 -16.345 -15.550 -13.743 -11.655   0.434   0.764   1.132   1.524   1.548
  107  5750  3.50  0.00  0.00  0.00  0.00 -17.062 -16.783 -16.343 -15.550 -13.745 -11.655   0.438   0.769   1.138   1.533   1.555
  108  5750  4.00  0.00  0.00  0.00  0.00 -17.058 -16.783 -16.343 -15.550 -13.748 -11.657   0.442   0.774   1.143   1.540   1.561
  109  5750  4.50  0.00  0.00  0.00  0.00 -17.055 -16.786 -16.346 -15.552 -13.752 -11.659   0.447   0.779   1.148   1.546   1.566
  110  5750  5.00  0.00  0.00  0.00  0.00 -17.055 -16.792 -16.352 -15.556 -13.756 -11.663   0.453   0.785   1.152   1.551   1.569
  111  6000  0.00  0.00  0.00  0.00  0.00 -17.362 -16.993 -16.522 -15.641 -13.732 -11.681   0.348   0.648   0.929   1.220   1.281
  112  6000  0.50  0.00  0.00  0.00  0.00 -17.351 -16.991 -16.516 -15.650 -13.755 -11.692   0.357   0.653   0.950   1.254   1.303
  113  6000  1.00  0.00  0.00  0.00  0.00 -17.339 -16.986 -16.509 -15.653 -13.771 -11.697   0.364   0.658   0.966   1.282   1.321
  114  6000  1.50  0.00  0.00  0.00  0.00 -17.326 -16.980 -16.502 -15.654 -13.781 -11.700   0.371   0.664   0.979   1.305   1.337
  115  6000  2.00  0.00  0.00  0.00  0.00 -17.313 -16.974 -16.496 -15.653 -13.787 -11.702   0.378   0.671   0.991   1.324   1.351
  116  6000  2.50  0.00  0.00  0.00  0.00 -17.301 -16.968 -16.492 -15.652 -13.792 -11.703   0.384   0.678   1.002   1.341   1.364
  117  6000  3.00  0.00  0.00  0.00  0.00 -17.290 -16.963 -16.488 -15.651 -13.796 -11.704   0.390   0.686   1.012   1.356   1.376
  118  6000  3.50  0.00  0.00  0.00  0.00 -17.281 -16.959 -16.486 -15.650 -13.799 -11.705   0.395   0.693   1.020   1.368   1.386
  119  6000  4.00  0.00  0.00  0.00  0.00 -17.274 -16.958 -16.486 -15.651 -13.802 -11.706   0.400   0.699   1.027   1.377   1.394
  120  6000  4.50  0.00  0.00  0.00  0.00 -17.271 -16.959 -16.488 -15.653 -13.805 -11.708   0.406   0.706   1.033   1.385   1.400
  121  6000  5.00  0.00  0.00  0.00  0.00 -17.270 -16.964 -16.494 -15.656 -13.810 -11.712   0.411   0.712   1.037   1.390   1.404
  122  6250  0.50  0.00  0.00  0.00  0.00 -17.562 -17.146 -16.641 -15.731 -13.791 -11.729   0.301   0.567   0.820   1.079   1.129
  123  6250  1.00  0.00  0.00  0.00  0.00 -17.552 -17.146 -16.637 -15.740 -13.810 -11.738   0.311   0.574   0.839   1.109   1.148
  124  6250  1.50  0.00  0.00  0.00  0.00 -17.538 -17.143 -16.633 -15.743 -13.824 -11.743   0.321   0.582   0.856   1.135   1.167
  125  6250  2.00  0.00  0.00  0.00  0.00 -17.524 -17.138 -16.628 -15.745 -13.833 -11.747   0.331   0.592   0.872   1.159   1.185
  126  6250  2.50  0.00  0.00  0.00  0.00 -17.510 -17.132 -16.623 -15.745 -13.840 -11.749   0.339   0.601   0.886   1.180   1.201
  127  6250  3.00  0.00  0.00  0.00  0.00 -17.496 -17.127 -16.619 -15.744 -13.845 -11.750   0.347   0.611   0.899   1.198   1.216
  128  6250  3.50  0.00  0.00  0.00  0.00 -17.484 -17.122 -16.617 -15.744 -13.848 -11.752   0.355   0.621   0.910   1.214   1.229
  129  6250  4.00  0.00  0.00  0.00  0.00 -17.475 -17.119 -16.616 -15.744 -13.852 -11.753   0.361   0.630   0.920   1.227   1.240
  130  6250  4.50  0.00  0.00  0.00  0.00 -17.469 -17.119 -16.618 -15.745 -13.855 -11.755   0.367   0.638   0.927   1.237   1.248
  131  6250  5.00  0.00  0.00  0.00  0.00 -17.466 -17.122 -16.623 -15.748 -13.860 -11.758   0.373   0.645   0.933   1.244   1.254
  132  6500  0.50  0.00  0.00  0.00  0.00 -17.755 -17.285 -16.753 -15.803 -13.823 -11.762   0.247   0.486   0.699   0.918   0.969
  133  6500  1.00  0.00  0.00  0.00  0.00 -17.747 -17.291 -16.754 -15.817 -13.846 -11.774   0.260   0.494   0.720   0.948   0.989
  134  6500  1.50  0.00  0.00  0.00  0.00 -17.737 -17.293 -16.753 -15.825 -13.862 -11.783   0.273   0.503   0.739   0.975   1.007
  135  6500  2.00  0.00  0.00  0.00  0.00 -17.723 -17.290 -16.749 -15.829 -13.874 -11.788   0.285   0.515   0.757   1.002   1.027
  136  6500  2.50  0.00  0.00  0.00  0.00 -17.707 -17.285 -16.745 -15.830 -13.883 -11.792   0.296   0.526   0.775   1.026   1.047
  137  6500  3.00  0.00  0.00  0.00  0.00 -17.691 -17.279 -16.741 -15.831 -13.890 -11.794   0.306   0.539   0.791   1.049   1.065
  138  6500  3.50  0.00  0.00  0.00  0.00 -17.675 -17.274 -16.738 -15.830 -13.895 -11.796   0.315   0.551   0.806   1.069   1.082
  139  6500  4.00  0.00  0.00  0.00  0.00 -17.662 -17.269 -16.737 -15.830 -13.898 -11.797   0.324   0.563   0.819   1.086   1.097
  140  6500  4.50  0.00  0.00  0.00  0.00 -17.653 -17.267 -16.738 -15.831 -13.902 -11.800   0.331   0.573   0.829   1.100   1.109
  141  6500  5.00  0.00  0.00  0.00  0.00 -17.647 -17.268 -16.741 -15.833 -13.907 -11.802   0.338   0.582   0.837   1.110   1.118
  142  6750  0.50  0.00  0.00  0.00  0.00 -17.935 -17.417 -16.859 -15.871 -13.855 -11.794   0.199   0.412   0.587   0.770   0.821
  143  6750  1.00  0.00  0.00  0.00  0.00 -17.927 -17.421 -16.859 -15.886 -13.878 -11.808   0.211   0.420   0.610   0.802   0.843
  144  6750  1.50  0.00  0.00  0.00  0.00 -17.919 -17.428 -16.861 -15.898 -13.897 -11.818   0.226   0.430   0.630   0.828   0.861
  145  6750  2.00  0.00  0.00  0.00  0.00 -17.908 -17.430 -16.861 -15.906 -13.912 -11.826   0.240   0.441   0.649   0.855   0.880
  146  6750  2.50  0.00  0.00  0.00  0.00 -17.891 -17.427 -16.858 -15.909 -13.923 -11.831   0.253   0.454   0.669   0.882   0.902
  147  6750  3.00  0.00  0.00  0.00  0.00 -17.873 -17.422 -16.854 -15.911 -13.931 -11.835   0.265   0.469   0.688   0.908   0.924
  148  6750  3.50  0.00  0.00  0.00  0.00 -17.855 -17.415 -16.851 -15.910 -13.937 -11.837   0.277   0.484   0.707   0.932   0.944
  149  6750  4.00  0.00  0.00  0.00  0.00 -17.838 -17.408 -16.848 -15.910 -13.942 -11.839   0.287   0.498   0.723   0.954   0.963
  150  6750  4.50  0.00  0.00  0.00  0.00 -17.824 -17.403 -16.847 -15.910 -13.946 -11.841   0.296   0.511   0.737   0.972   0.979
  151  6750  5.00  0.00  0.00  0.00  0.00 -17.814 -17.401 -16.849 -15.911 -13.951 -11.844   0.305   0.523   0.748   0.987   0.992
  152  7000  0.50  0.00  0.00  0.00  0.00 -18.102 -17.542 -16.960 -15.936 -13.888 -11.826   0.157   0.346   0.485   0.636   0.686
  153  7000  1.00  0.00  0.00  0.00  0.00 -18.095 -17.546 -16.960 -15.952 -13.911 -11.840   0.168   0.353   0.508   0.666   0.707
  154  7000  1.50  0.00  0.00  0.00  0.00 -18.087 -17.551 -16.960 -15.964 -13.930 -11.851   0.180   0.360   0.528   0.693   0.726
  155  7000  2.00  0.00  0.00  0.00  0.00 -18.079 -17.558 -16.962 -15.975 -13.947 -11.861   0.196   0.371   0.547   0.718   0.744
  156  7000  2.50  0.00  0.00  0.00  0.00 -18.066 -17.560 -16.963 -15.982 -13.960 -11.868   0.211   0.385   0.567   0.744   0.765
  157  7000  3.00  0.00  0.00  0.00  0.00 -18.048 -17.556 -16.960 -15.986 -13.970 -11.874   0.225   0.401   0.589   0.773   0.788
  158  7000  3.50  0.00  0.00  0.00  0.00 -18.027 -17.549 -16.957 -15.986 -13.978 -11.877   0.239   0.417   0.610   0.800   0.812
  159  7000  4.00  0.00  0.00  0.00  0.00 -18.007 -17.542 -16.953 -15.986 -13.983 -11.879   0.251   0.434   0.630   0.826   0.834
  160  7000  4.50  0.00  0.00  0.00  0.00 -17.989 -17.534 -16.951 -15.985 -13.988 -11.881   0.262   0.450   0.647   0.849   0.854
  161  7000  5.00  0.00  0.00  0.00  0.00 -17.975 -17.530 -16.952 -15.986 -13.993 -11.884   0.272   0.465   0.662   0.868   0.871
  162  7250  0.50  0.00  0.00  0.00  0.00 -18.256 -17.663 -17.058 -16.000 -13.925 -11.860   0.124   0.290   0.395   0.519   0.566
  163  7250  1.00  0.00  0.00  0.00  0.00 -18.251 -17.664 -17.055 -16.015 -13.945 -11.872   0.130   0.293   0.416   0.545   0.583
  164  7250  1.50  0.00  0.00  0.00  0.00 -18.245 -17.669 -17.055 -16.028 -13.964 -11.884   0.141   0.298   0.434   0.569   0.601
  165  7250  2.00  0.00  0.00  0.00  0.00 -18.237 -17.674 -17.055 -16.038 -13.980 -11.894   0.154   0.306   0.452   0.593   0.619
  166  7250  2.50  0.00  0.00  0.00  0.00 -18.227 -17.680 -17.058 -16.049 -13.995 -11.903   0.170   0.319   0.472   0.618   0.638
  167  7250  3.00  0.00  0.00  0.00  0.00 -18.211 -17.681 -17.058 -16.055 -14.007 -11.910   0.186   0.335   0.494   0.645   0.660
  168  7250  3.50  0.00  0.00  0.00  0.00 -18.191 -17.676 -17.056 -16.057 -14.016 -11.914   0.202   0.353   0.517   0.675   0.686
  169  7250  4.00  0.00  0.00  0.00  0.00 -18.169 -17.668 -17.052 -16.057 -14.022 -11.918   0.216   0.371   0.539   0.704   0.711
  170  7250  4.50  0.00  0.00  0.00  0.00 -18.147 -17.659 -17.049 -16.056 -14.028 -11.920   0.229   0.390   0.560   0.731   0.735
  171  7250  5.00  0.00  0.00  0.00  0.00 -18.129 -17.652 -17.048 -16.056 -14.033 -11.923   0.240   0.408   0.579   0.754   0.756
  172  7500  0.50  0.00  0.00  0.00  0.00 -18.395 -17.786 -17.158 -16.069 -13.968 -11.900   0.108   0.251   0.324   0.423   0.466
  173  7500  1.00  0.00  0.00  0.00  0.00 -18.392 -17.775 -17.147 -16.077 -13.982 -11.906   0.101   0.243   0.336   0.440   0.476
  174  7500  1.50  0.00  0.00  0.00  0.00 -18.389 -17.780 -17.146 -16.089 -13.998 -11.917   0.108   0.244   0.351   0.459   0.490
  175  7500  2.00  0.00  0.00  0.00  0.00 -18.384 -17.785 -17.145 -16.100 -14.014 -11.927   0.118   0.249   0.367   0.480   0.505
  176  7500  2.50  0.00  0.00  0.00  0.00 -18.375 -17.790 -17.145 -16.108 -14.028 -11.936   0.132   0.258   0.385   0.503   0.523
  177  7500  3.00  0.00  0.00  0.00  0.00 -18.363 -17.795 -17.148 -16.117 -14.041 -11.944   0.149   0.272   0.405   0.528   0.543
  178  7500  3.50  0.00  0.00  0.00  0.00 -18.345 -17.793 -17.147 -16.122 -14.051 -11.950   0.165   0.291   0.429   0.557   0.567
  179  7500  4.00  0.00  0.00  0.00  0.00 -18.322 -17.787 -17.145 -16.124 -14.059 -11.954   0.181   0.311   0.453   0.587   0.594
  180  7500  4.50  0.00  0.00  0.00  0.00 -18.298 -17.778 -17.142 -16.124 -14.066 -11.957   0.196   0.331   0.476   0.617   0.621
  181  7500  5.00  0.00  0.00  0.00  0.00 -18.276 -17.769 -17.140 -16.123 -14.071 -11.959   0.209   0.352   0.498   0.645   0.645
  182  7750  1.00  0.00  0.00  0.00  0.00 -18.519 -17.882 -17.234 -16.137 -14.021 -11.942   0.080   0.203   0.268   0.351   0.385
  183  7750  1.50  0.00  0.00  0.00  0.00 -18.520 -17.884 -17.231 -16.148 -14.034 -11.950   0.081   0.199   0.279   0.365   0.393
  184  7750  2.00  0.00  0.00  0.00  0.00 -18.518 -17.890 -17.230 -16.158 -14.048 -11.960   0.089   0.201   0.292   0.381   0.404
  185  7750  2.50  0.00  0.00  0.00  0.00 -18.511 -17.894 -17.229 -16.167 -14.062 -11.969   0.100   0.206   0.307   0.400   0.419
  186  7750  3.00  0.00  0.00  0.00  0.00 -18.501 -17.898 -17.229 -16.175 -14.074 -11.976   0.114   0.217   0.325   0.423   0.438
  187  7750  3.50  0.00  0.00  0.00  0.00 -18.487 -17.901 -17.231 -16.182 -14.085 -11.983   0.131   0.232   0.346   0.448   0.458
  188  7750  4.00  0.00  0.00  0.00  0.00 -18.467 -17.898 -17.231 -16.186 -14.094 -11.989   0.148   0.252   0.370   0.478   0.484
  189  7750  4.50  0.00  0.00  0.00  0.00 -18.443 -17.890 -17.228 -16.187 -14.102 -11.992   0.164   0.274   0.395   0.509   0.512
  190  7750  5.00  0.00  0.00  0.00  0.00 -18.418 -17.880 -17.226 -16.186 -14.108 -11.995   0.179   0.296   0.420   0.540   0.539
  191  8000  1.00  0.00  0.00  0.00  0.00 -18.628 -17.983 -17.318 -16.196 -14.063 -11.981   0.072   0.178   0.219   0.285   0.315
  192  8000  1.50  0.00  0.00  0.00  0.00 -18.636 -17.980 -17.311 -16.203 -14.071 -11.985   0.061   0.163   0.218   0.285   0.311
  193  8000  2.00  0.00  0.00  0.00  0.00 -18.637 -17.985 -17.309 -16.213 -14.083 -11.993   0.065   0.160   0.227   0.296   0.317
  194  8000  2.50  0.00  0.00  0.00  0.00 -18.635 -17.991 -17.308 -16.222 -14.095 -12.001   0.074   0.162   0.238   0.311   0.328
  195  8000  3.00  0.00  0.00  0.00  0.00 -18.627 -17.995 -17.307 -16.230 -14.107 -12.009   0.085   0.168   0.253   0.329   0.343
  196  8000  3.50  0.00  0.00  0.00  0.00 -18.616 -17.998 -17.308 -16.236 -14.118 -12.016   0.099   0.180   0.271   0.352   0.362
  197  8000  4.00  0.00  0.00  0.00  0.00 -18.601 -18.000 -17.310 -16.243 -14.128 -12.022   0.116   0.197   0.293   0.377   0.383
  198  8000  4.50  0.00  0.00  0.00  0.00 -18.578 -17.994 -17.309 -16.246 -14.136 -12.026   0.133   0.219   0.318   0.408   0.410
  199  8000  5.00  0.00  0.00  0.00  0.00 -18.553 -17.985 -17.307 -16.246 -14.142 -12.029   0.149   0.243   0.344   0.440   0.439
  200  8250  1.00  0.00  0.00  0.00  0.00 -18.712 -18.074 -17.392 -16.252 -14.108 -12.022   0.078   0.168   0.191   0.245   0.272
  201  8250  1.50  0.00  0.00  0.00  0.00 -18.738 -18.069 -17.385 -16.256 -14.109 -12.020   0.048   0.135   0.169   0.221   0.244
  202  8250  2.00  0.00  0.00  0.00  0.00 -18.744 -18.073 -17.382 -16.265 -14.118 -12.026   0.046   0.126   0.172   0.224   0.244
  203  8250  2.50  0.00  0.00  0.00  0.00 -18.745 -18.080 -17.381 -16.274 -14.129 -12.033   0.052   0.124   0.180   0.234   0.250
  204  8250  3.00  0.00  0.00  0.00  0.00 -18.742 -18.085 -17.381 -16.281 -14.140 -12.041   0.060   0.127   0.191   0.248   0.261
  205  8250  3.50  0.00  0.00  0.00  0.00 -18.733 -18.088 -17.380 -16.288 -14.150 -12.048   0.072   0.134   0.205   0.266   0.276
  206  8250  4.00  0.00  0.00  0.00  0.00 -18.721 -18.090 -17.381 -16.294 -14.159 -12.054   0.086   0.148   0.224   0.288   0.295
  207  8250  4.50  0.00  0.00  0.00  0.00 -18.704 -18.091 -17.383 -16.299 -14.168 -12.059   0.103   0.167   0.246   0.314   0.316
  208  8250  5.00  0.00  0.00  0.00  0.00 -18.680 -18.084 -17.383 -16.301 -14.176 -12.062   0.121   0.191   0.272   0.345   0.344
  209  8500  1.50  0.00  0.00  0.00  0.00 -18.826 -18.152 -17.454 -16.307 -14.147 -12.055   0.042   0.116   0.132   0.171   0.190
  210  8500  2.00  0.00  0.00  0.00  0.00 -18.837 -18.154 -17.450 -16.313 -14.153 -12.058   0.033   0.100   0.127   0.166   0.183
  211  8500  2.50  0.00  0.00  0.00  0.00 -18.842 -18.160 -17.448 -16.321 -14.162 -12.065   0.035   0.094   0.130   0.170   0.185
  212  8500  3.00  0.00  0.00  0.00  0.00 -18.842 -18.166 -17.448 -16.329 -14.172 -12.072   0.041   0.093   0.138   0.179   0.191
  213  8500  3.50  0.00  0.00  0.00  0.00 -18.839 -18.171 -17.447 -16.336 -14.181 -12.079   0.049   0.097   0.149   0.193   0.202
  214  8500  4.00  0.00  0.00  0.00  0.00 -18.829 -18.173 -17.447 -16.341 -14.190 -12.085   0.061   0.106   0.163   0.211   0.218
  215  8500  4.50  0.00  0.00  0.00  0.00 -18.817 -18.176 -17.450 -16.348 -14.199 -12.090   0.076   0.121   0.182   0.232   0.235
  216  8500  5.00  0.00  0.00  0.00  0.00 -18.799 -18.175 -17.453 -16.353 -14.207 -12.094   0.093   0.142   0.205   0.259   0.257
  217  8750  1.50  0.00  0.00  0.00  0.00 -18.904 -18.228 -17.519 -16.356 -14.186 -12.090   0.041   0.103   0.103   0.132   0.148
  218  8750  2.00  0.00  0.00  0.00  0.00 -18.921 -18.228 -17.514 -16.360 -14.188 -12.090   0.025   0.081   0.090   0.117   0.131
  219  8750  2.50  0.00  0.00  0.00  0.00 -18.928 -18.233 -17.510 -16.366 -14.195 -12.095   0.022   0.071   0.090   0.117   0.129
  220  8750  3.00  0.00  0.00  0.00  0.00 -18.931 -18.239 -17.509 -16.374 -14.203 -12.101   0.025   0.066   0.094   0.122   0.132
  221  8750  3.50  0.00  0.00  0.00  0.00 -18.931 -18.246 -17.509 -16.381 -14.212 -12.108   0.032   0.066   0.101   0.131   0.139
  222  8750  4.00  0.00  0.00  0.00  0.00 -18.926 -18.250 -17.509 -16.387 -14.221 -12.114   0.040   0.070   0.111   0.144   0.150
  223  8750  4.50  0.00  0.00  0.00  0.00 -18.917 -18.252 -17.510 -16.392 -14.229 -12.120   0.052   0.081   0.126   0.163   0.165
  224  8750  5.00  0.00  0.00  0.00  0.00 -18.905 -18.256 -17.515 -16.399 -14.237 -12.124   0.068   0.098   0.144   0.182   0.181
  225  9000  1.50  0.00  0.00  0.00  0.00 -18.974 -18.298 -17.577 -16.401 -14.224 -12.125   0.042   0.092   0.079   0.101   0.113
  226  9000  2.00  0.00  0.00  0.00  0.00 -18.996 -18.299 -17.573 -16.405 -14.223 -12.121   0.020   0.065   0.060   0.077   0.087
  227  9000  2.50  0.00  0.00  0.00  0.00 -19.005 -18.302 -17.568 -16.410 -14.227 -12.124   0.013   0.051   0.055   0.072   0.081
  228  9000  3.00  0.00  0.00  0.00  0.00 -19.010 -18.307 -17.566 -16.415 -14.234 -12.129   0.014   0.044   0.057   0.074   0.082
  229  9000  3.50  0.00  0.00  0.00  0.00 -19.012 -18.313 -17.565 -16.422 -14.242 -12.136   0.018   0.041   0.061   0.079   0.086
  230  9000  4.00  0.00  0.00  0.00  0.00 -19.011 -18.319 -17.565 -16.428 -14.250 -12.142   0.025   0.042   0.068   0.089   0.093
  231  9000  4.50  0.00  0.00  0.00  0.00 -19.006 -18.322 -17.566 -16.433 -14.258 -12.148   0.033   0.049   0.078   0.102   0.105
  232  9000  5.00  0.00  0.00  0.00  0.00 -18.994 -18.321 -17.567 -16.436 -14.265 -12.153   0.045   0.061   0.093   0.121   0.121
  233  9250  2.00  0.00  0.00  0.00  0.00 -19.067 -18.366 -17.630 -16.449 -14.258 -12.153   0.016   0.051   0.033   0.041   0.048
  234  9250  2.50  0.00  0.00  0.00  0.00 -19.077 -18.367 -17.624 -16.452 -14.259 -12.153   0.007   0.035   0.025   0.032   0.038
  235  9250  3.00  0.00  0.00  0.00  0.00 -19.082 -18.370 -17.620 -16.456 -14.264 -12.157   0.005   0.025   0.024   0.032   0.037
  236  9250  3.50  0.00  0.00  0.00  0.00 -19.086 -18.376 -17.618 -16.461 -14.270 -12.162   0.007   0.020   0.026   0.035   0.039
  237  9250  4.00  0.00  0.00  0.00  0.00 -19.087 -18.382 -17.617 -16.467 -14.278 -12.168   0.012   0.018   0.031   0.041   0.043
  238  9250  4.50  0.00  0.00  0.00  0.00 -19.085 -18.387 -17.618 -16.472 -14.285 -12.175   0.018   0.021   0.038   0.050   0.052
  239  9250  5.00  0.00  0.00  0.00  0.00 -19.078 -18.389 -17.620 -16.477 -14.293 -12.180   0.028   0.030   0.049   0.064   0.064
  240  9500  2.00  0.00  0.00  0.00  0.00 -19.133 -18.430 -17.684 -16.491 -14.293 -12.184   0.014   0.039   0.009   0.010   0.013
  241  9500  2.50  0.00  0.00  0.00  0.00 -19.144 -18.429 -17.677 -16.492 -14.292 -12.182   0.002   0.021  -0.001  -0.003   0.000
  242  9500  3.00  0.00  0.00  0.00  0.00 -19.150 -18.431 -17.671 -16.495 -14.294 -12.184  -0.002   0.010  -0.004  -0.006  -0.004
  243  9500  3.50  0.00  0.00  0.00  0.00 -19.153 -18.435 -17.668 -16.499 -14.299 -12.188  -0.002   0.002  -0.004  -0.005  -0.003
  244  9500  4.00  0.00  0.00  0.00  0.00 -19.156 -18.440 -17.666 -16.503 -14.305 -12.194   0.001  -0.001  -0.001  -0.001   0.000
  245  9500  4.50  0.00  0.00  0.00  0.00 -19.156 -18.445 -17.667 -16.509 -14.312 -12.199   0.006  -0.001   0.003   0.006   0.005
  246  9500  5.00  0.00  0.00  0.00  0.00 -19.153 -18.450 -17.669 -16.514 -14.319 -12.205   0.013   0.004   0.011   0.016   0.014
  247  9750  2.00  0.00  0.00  0.00  0.00 -19.196 -18.491 -17.736 -16.533 -14.327 -12.216   0.011   0.028  -0.013  -0.019  -0.018
  248  9750  2.50  0.00  0.00  0.00  0.00 -19.208 -18.489 -17.729 -16.533 -14.324 -12.211  -0.002   0.009  -0.025  -0.034  -0.035
  249  9750  3.00  0.00  0.00  0.00  0.00 -19.213 -18.489 -17.722 -16.533 -14.324 -12.211  -0.008  -0.004  -0.029  -0.039  -0.040
  250  9750  3.50  0.00  0.00  0.00  0.00 -19.217 -18.491 -17.716 -16.535 -14.327 -12.214  -0.009  -0.013  -0.031  -0.040  -0.041
  251  9750  4.00  0.00  0.00  0.00  0.00 -19.220 -18.495 -17.713 -16.539 -14.332 -12.218  -0.008  -0.018  -0.030  -0.038  -0.040
  252  9750  4.50  0.00  0.00  0.00  0.00 -19.221 -18.500 -17.713 -16.543 -14.338 -12.223  -0.004  -0.021  -0.027  -0.034  -0.036
  253  9750  5.00  0.00  0.00  0.00  0.00 -19.221 -18.505 -17.715 -16.548 -14.345 -12.229   0.002  -0.018  -0.022  -0.026  -0.030
  254 10000  2.00  0.00  0.00  0.00  0.00 -19.256 -18.548 -17.785 -16.572 -14.360 -12.247   0.009   0.017  -0.033  -0.046  -0.047
  255 10000  2.50  0.00  0.00  0.00  0.00 -19.269 -18.547 -17.778 -16.571 -14.356 -12.240  -0.005  -0.003  -0.046  -0.063  -0.066
  256 10000  3.00  0.00  0.00  0.00  0.00 -19.274 -18.545 -17.770 -16.571 -14.354 -12.239  -0.012  -0.016  -0.052  -0.070  -0.073
  257 10000  3.50  0.00  0.00  0.00  0.00 -19.277 -18.545 -17.763 -16.571 -14.355 -12.240  -0.015  -0.026  -0.055  -0.071  -0.075
  258 10000  4.00  0.00  0.00  0.00  0.00 -19.279 -18.548 -17.758 -16.573 -14.359 -12.242  -0.015  -0.033  -0.055  -0.071  -0.075
  259 10000  4.50  0.00  0.00  0.00  0.00 -19.282 -18.552 -17.757 -16.577 -14.363 -12.247  -0.013  -0.037  -0.054  -0.068  -0.073
  260 10000  5.00  0.00  0.00  0.00  0.00 -19.283 -18.557 -17.758 -16.581 -14.369 -12.252  -0.008  -0.037  -0.051  -0.064  -0.069
  261 10250  2.00  0.00  0.00  0.00  0.00 -19.314 -18.603 -17.832 -16.611 -14.393 -12.277   0.007   0.006  -0.052  -0.070  -0.075
  262 10250  2.50  0.00  0.00  0.00  0.00 -19.327 -18.602 -17.825 -16.609 -14.387 -12.269  -0.008  -0.014  -0.066  -0.090  -0.096
  263 10250  3.00  0.00  0.00  0.00  0.00 -19.331 -18.599 -17.816 -16.607 -14.384 -12.265  -0.016  -0.027  -0.073  -0.098  -0.104
  264 10250  3.50  0.00  0.00  0.00  0.00 -19.334 -18.598 -17.808 -16.606 -14.383 -12.265  -0.019  -0.038  -0.077  -0.100  -0.107
  265 10250  4.00  0.00  0.00  0.00  0.00 -19.336 -18.599 -17.803 -16.607 -14.385 -12.267  -0.020  -0.045  -0.078  -0.101  -0.108
  266 10250  4.50  0.00  0.00  0.00  0.00 -19.339 -18.602 -17.800 -16.610 -14.389 -12.270  -0.019  -0.051  -0.078  -0.100  -0.107
  267 10250  5.00  0.00  0.00  0.00  0.00 -19.340 -18.607 -17.800 -16.613 -14.393 -12.274  -0.017  -0.053  -0.076  -0.097  -0.104
  268 10500  2.00  0.00  0.00  0.00  0.00 -19.368 -18.656 -17.877 -16.647 -14.425 -12.307   0.005  -0.003  -0.070  -0.093  -0.100
  269 10500  2.50  0.00  0.00  0.00  0.00 -19.382 -18.654 -17.870 -16.646 -14.418 -12.297  -0.011  -0.024  -0.085  -0.114  -0.122
  270 10500  3.00  0.00  0.00  0.00  0.00 -19.386 -18.650 -17.861 -16.643 -14.413 -12.292  -0.019  -0.037  -0.093  -0.123  -0.132
  271 10500  3.50  0.00  0.00  0.00  0.00 -19.388 -18.648 -17.852 -16.641 -14.411 -12.290  -0.023  -0.048  -0.097  -0.127  -0.136
  272 10500  4.00  0.00  0.00  0.00  0.00 -19.390 -18.648 -17.845 -16.640 -14.412 -12.291  -0.025  -0.056  -0.099  -0.128  -0.137
  273 10500  4.50  0.00  0.00  0.00  0.00 -19.392 -18.650 -17.841 -16.642 -14.414 -12.293  -0.025  -0.063  -0.099  -0.128  -0.137
  274 10500  5.00  0.00  0.00  0.00  0.00 -19.395 -18.654 -17.840 -16.644 -14.418 -12.296  -0.024  -0.067  -0.099  -0.127  -0.136
  275 10750  2.00  0.00  0.00  0.00  0.00 -19.421 -18.706 -17.920 -16.683 -14.455 -12.335   0.002  -0.013  -0.087  -0.115  -0.123
  276 10750  2.50  0.00  0.00  0.00  0.00 -19.435 -18.705 -17.914 -16.681 -14.448 -12.325  -0.013  -0.033  -0.103  -0.137  -0.148
  277 10750  3.00  0.00  0.00  0.00  0.00 -19.439 -18.700 -17.904 -16.678 -14.442 -12.319  -0.022  -0.047  -0.111  -0.147  -0.159
  278 10750  3.50  0.00  0.00  0.00  0.00 -19.441 -18.697 -17.895 -16.675 -14.439 -12.315  -0.027  -0.058  -0.115  -0.152  -0.163
  279 10750  4.00  0.00  0.00  0.00  0.00 -19.442 -18.695 -17.887 -16.673 -14.438 -12.314  -0.029  -0.067  -0.118  -0.154  -0.165
  280 10750  4.50  0.00  0.00  0.00  0.00 -19.443 -18.696 -17.882 -16.673 -14.439 -12.315  -0.030  -0.074  -0.119  -0.155  -0.166
  281 10750  5.00  0.00  0.00  0.00  0.00 -19.446 -18.699 -17.879 -16.675 -14.441 -12.318  -0.030  -0.079  -0.120  -0.154  -0.166
  282 11000  2.00  0.00  0.00  0.00  0.00 -19.471 -18.753 -17.961 -16.717 -14.485 -12.363   0.000  -0.022  -0.103  -0.136  -0.146
  283 11000  2.50  0.00  0.00  0.00  0.00 -19.485 -18.753 -17.955 -16.715 -14.477 -12.352  -0.016  -0.042  -0.119  -0.158  -0.171
  284 11000  3.00  0.00  0.00  0.00  0.00 -19.490 -18.748 -17.946 -16.711 -14.471 -12.345  -0.025  -0.056  -0.127  -0.169  -0.183
  285 11000  3.50  0.00  0.00  0.00  0.00 -19.491 -18.744 -17.936 -16.707 -14.466 -12.340  -0.030  -0.067  -0.132  -0.175  -0.188
  286 11000  4.00  0.00  0.00  0.00  0.00 -19.491 -18.741 -17.927 -16.705 -14.464 -12.338  -0.033  -0.076  -0.135  -0.177  -0.191
  287 11000  4.50  0.00  0.00  0.00  0.00 -19.492 -18.741 -17.921 -16.704 -14.464 -12.338  -0.034  -0.083  -0.138  -0.179  -0.192
  288 11000  5.00  0.00  0.00  0.00  0.00 -19.495 -18.743 -17.917 -16.704 -14.465 -12.340  -0.034  -0.089  -0.139  -0.179  -0.193
  289 11250  2.00  0.00  0.00  0.00  0.00 -19.519 -18.798 -18.000 -16.749 -14.513 -12.389  -0.003  -0.031  -0.119  -0.156  -0.167
  290 11250  2.50  0.00  0.00  0.00  0.00 -19.534 -18.799 -17.995 -16.748 -14.505 -12.379  -0.018  -0.051  -0.135  -0.179  -0.193
  291 11250  3.00  0.00  0.00  0.00  0.00 -19.539 -18.795 -17.986 -16.744 -14.498 -12.371  -0.027  -0.065  -0.144  -0.190  -0.206
  292 11250  3.50  0.00  0.00  0.00  0.00 -19.539 -18.790 -17.976 -16.740 -14.493 -12.365  -0.033  -0.076  -0.149  -0.196  -0.212
  293 11250  4.00  0.00  0.00  0.00  0.00 -19.539 -18.786 -17.966 -16.736 -14.490 -12.362  -0.036  -0.085  -0.152  -0.199  -0.215
  294 11250  4.50  0.00  0.00  0.00  0.00 -19.540 -18.784 -17.959 -16.734 -14.488 -12.361  -0.038  -0.092  -0.155  -0.201  -0.217
  295 11250  5.00  0.00  0.00  0.00  0.00 -19.541 -18.785 -17.955 -16.733 -14.489 -12.361  -0.039  -0.099  -0.157  -0.203  -0.218
  296 11500  2.00  0.00  0.00  0.00  0.00 -19.565 -18.842 -18.037 -16.780 -14.540 -12.415  -0.006  -0.039  -0.134  -0.175  -0.188
  297 11500  2.50  0.00  0.00  0.00  0.00 -19.581 -18.843 -18.033 -16.780 -14.533 -12.404  -0.021  -0.059  -0.150  -0.198  -0.214
  298 11500  3.00  0.00  0.00  0.00  0.00 -19.585 -18.839 -18.024 -16.776 -14.526 -12.396  -0.030  -0.073  -0.158  -0.210  -0.227
  299 11500  3.50  0.00  0.00  0.00  0.00 -19.586 -18.833 -18.014 -16.771 -14.520 -12.390  -0.035  -0.084  -0.164  -0.216  -0.234
  300 11500  4.00  0.00  0.00  0.00  0.00 -19.585 -18.829 -18.004 -16.766 -14.515 -12.385  -0.039  -0.093  -0.168  -0.220  -0.238
  301 11500  4.50  0.00  0.00  0.00  0.00 -19.585 -18.827 -17.997 -16.763 -14.513 -12.383  -0.041  -0.100  -0.171  -0.222  -0.240
  302 11500  5.00  0.00  0.00  0.00  0.00 -19.586 -18.827 -17.991 -16.762 -14.512 -12.383  -0.043  -0.107  -0.173  -0.224  -0.241
  303 11750  2.00  0.00  0.00  0.00  0.00 -19.609 -18.883 -18.073 -16.810 -14.565 -12.439  -0.009  -0.047  -0.148  -0.193  -0.208
  304 11750  2.50  0.00  0.00  0.00  0.00 -19.626 -18.885 -18.070 -16.810 -14.559 -12.429  -0.023  -0.067  -0.164  -0.217  -0.235
  305 11750  3.00  0.00  0.00  0.00  0.00 -19.630 -18.881 -18.062 -16.806 -14.552 -12.421  -0.032  -0.081  -0.173  -0.229  -0.248
  306 11750  3.50  0.00  0.00  0.00  0.00 -19.631 -18.876 -18.051 -16.801 -14.545 -12.414  -0.038  -0.092  -0.179  -0.235  -0.255
  307 11750  4.00  0.00  0.00  0.00  0.00 -19.630 -18.871 -18.041 -16.796 -14.540 -12.409  -0.042  -0.101  -0.183  -0.239  -0.259
  308 11750  4.50  0.00  0.00  0.00  0.00 -19.629 -18.868 -18.033 -16.793 -14.537 -12.405  -0.044  -0.108  -0.186  -0.242  -0.262
  309 11750  5.00  0.00  0.00  0.00  0.00 -19.630 -18.867 -18.027 -16.790 -14.535 -12.404  -0.046  -0.115  -0.189  -0.244  -0.264
  310 12000  2.00  0.00  0.00  0.00  0.00 -19.651 -18.923 -18.108 -16.839 -14.590 -12.462  -0.011  -0.055  -0.162  -0.211  -0.227
  311 12000  2.50  0.00  0.00  0.00  0.00 -19.668 -18.925 -18.105 -16.839 -14.584 -12.453  -0.026  -0.075  -0.178  -0.234  -0.254
  312 12000  3.00  0.00  0.00  0.00  0.00 -19.673 -18.922 -18.097 -16.836 -14.577 -12.444  -0.035  -0.088  -0.187  -0.246  -0.267
  313 12000  3.50  0.00  0.00  0.00  0.00 -19.674 -18.917 -18.087 -16.830 -14.571 -12.437  -0.040  -0.099  -0.192  -0.253  -0.274
  314 12000  4.00  0.00  0.00  0.00  0.00 -19.672 -18.911 -18.077 -16.825 -14.565 -12.431  -0.044  -0.108  -0.196  -0.257  -0.279
  315 12000  4.50  0.00  0.00  0.00  0.00 -19.671 -18.908 -18.068 -16.821 -14.561 -12.428  -0.047  -0.115  -0.200  -0.261  -0.282
  316 12000  5.00  0.00  0.00  0.00  0.00 -19.672 -18.906 -18.061 -16.818 -14.558 -12.425  -0.049  -0.122  -0.203  -0.263  -0.284
  317 12250  2.00  0.00  0.00  0.00  0.00 -19.693 -18.962 -18.142 -16.867 -14.614 -12.485  -0.014  -0.063  -0.175  -0.228  -0.246
  318 12250  2.50  0.00  0.00  0.00  0.00 -19.710 -18.964 -18.139 -16.868 -14.608 -12.475  -0.029  -0.083  -0.192  -0.252  -0.273
  319 12250  3.00  0.00  0.00  0.00  0.00 -19.715 -18.961 -18.131 -16.864 -14.602 -12.467  -0.037  -0.096  -0.200  -0.264  -0.286
  320 12250  3.50  0.00  0.00  0.00  0.00 -19.716 -18.956 -18.122 -16.859 -14.595 -12.460  -0.042  -0.106  -0.205  -0.271  -0.294
  321 12250  4.00  0.00  0.00  0.00  0.00 -19.714 -18.951 -18.112 -16.854 -14.589 -12.454  -0.047  -0.115  -0.210  -0.275  -0.298
  322 12250  4.50  0.00  0.00  0.00  0.00 -19.713 -18.946 -18.102 -16.849 -14.584 -12.449  -0.050  -0.123  -0.213  -0.279  -0.302
  323 12250  5.00  0.00  0.00  0.00  0.00 -19.713 -18.944 -18.095 -16.845 -14.581 -12.446  -0.052  -0.129  -0.216  -0.281  -0.304
  324 12500  2.00  0.00  0.00  0.00  0.00 -19.733 -18.999 -18.174 -16.894 -14.638 -12.507  -0.017  -0.071  -0.188  -0.245  -0.264
  325 12500  2.50  0.00  0.00  0.00  0.00 -19.750 -19.002 -18.172 -16.895 -14.631 -12.497  -0.032  -0.090  -0.204  -0.269  -0.291
  326 12500  3.00  0.00  0.00  0.00  0.00 -19.755 -18.998 -18.164 -16.891 -14.625 -12.489  -0.040  -0.103  -0.213  -0.280  -0.304
  327 12500  3.50  0.00  0.00  0.00  0.00 -19.755 -18.993 -18.154 -16.886 -14.619 -12.482  -0.045  -0.113  -0.218  -0.287  -0.311
  328 12500  4.00  0.00  0.00  0.00  0.00 -19.754 -18.988 -18.145 -16.881 -14.613 -12.476  -0.049  -0.121  -0.222  -0.291  -0.316
  329 12500  4.50  0.00  0.00  0.00  0.00 -19.753 -18.984 -18.135 -16.876 -14.607 -12.471  -0.052  -0.129  -0.226  -0.295  -0.320
  330 12500  5.00  0.00  0.00  0.00  0.00 -19.752 -18.981 -18.128 -16.872 -14.604 -12.467  -0.054  -0.136  -0.229  -0.298  -0.323
  331 12750  2.00  0.00  0.00  0.00  0.00 -19.772 -19.036 -18.206 -16.921 -14.661 -12.528  -0.019  -0.078  -0.200  -0.261  -0.282
  332 12750  2.50  0.00  0.00  0.00  0.00 -19.789 -19.038 -18.204 -16.921 -14.654 -12.518  -0.034  -0.098  -0.217  -0.285  -0.309
  333 12750  3.00  0.00  0.00  0.00  0.00 -19.794 -19.035 -18.196 -16.918 -14.648 -12.511  -0.042  -0.110  -0.225  -0.296  -0.321
  334 12750  3.50  0.00  0.00  0.00  0.00 -19.794 -19.030 -18.187 -16.913 -14.642 -12.504  -0.047  -0.120  -0.230  -0.303  -0.329
  335 12750  4.00  0.00  0.00  0.00  0.00 -19.793 -19.025 -18.177 -16.908 -14.636 -12.497  -0.051  -0.128  -0.234  -0.308  -0.334
  336 12750  4.50  0.00  0.00  0.00  0.00 -19.792 -19.020 -18.168 -16.902 -14.630 -12.492  -0.054  -0.136  -0.238  -0.311  -0.338
  337 12750  5.00  0.00  0.00  0.00  0.00 -19.790 -19.017 -18.160 -16.898 -14.626 -12.488  -0.057  -0.142  -0.242  -0.315  -0.341
  338 13000  2.00  0.00  0.00  0.00  0.00 -19.810 -19.071 -18.237 -16.947 -14.683 -12.549  -0.022  -0.085  -0.212  -0.277  -0.299
  339 13000  2.50  0.00  0.00  0.00  0.00 -19.827 -19.073 -18.234 -16.947 -14.676 -12.539  -0.037  -0.105  -0.229  -0.301  -0.326
  340 13000  3.00  0.00  0.00  0.00  0.00 -19.831 -19.070 -18.227 -16.943 -14.670 -12.531  -0.045  -0.117  -0.237  -0.311  -0.338
  341 13000  3.50  0.00  0.00  0.00  0.00 -19.831 -19.065 -18.217 -16.939 -14.664 -12.524  -0.049  -0.126  -0.242  -0.318  -0.345
  342 13000  4.00  0.00  0.00  0.00  0.00 -19.830 -19.060 -18.208 -16.933 -14.658 -12.518  -0.053  -0.134  -0.246  -0.323  -0.350
  343 13000  4.50  0.00  0.00  0.00  0.00 -19.829 -19.055 -18.199 -16.928 -14.652 -12.512  -0.056  -0.142  -0.250  -0.327  -0.354
  344 13000  5.00  0.00  0.00  0.00  0.00 -19.827 -19.051 -18.191 -16.923 -14.647 -12.508  -0.059  -0.148  -0.253  -0.330  -0.358
  345 14000  2.00  0.00  0.00  0.00  0.00 -19.954 -19.206 -18.355 -17.047 -14.769 -12.629  -0.031  -0.111  -0.256  -0.335  -0.363
  346 14000  2.50  0.00  0.00  0.00  0.00 -19.969 -19.205 -18.350 -17.044 -14.760 -12.616  -0.047  -0.131  -0.274  -0.360  -0.391
  347 14000  3.00  0.00  0.00  0.00  0.00 -19.971 -19.200 -18.341 -17.039 -14.752 -12.608  -0.055  -0.142  -0.281  -0.369  -0.402
  348 14000  3.50  0.00  0.00  0.00  0.00 -19.970 -19.195 -18.332 -17.034 -14.746 -12.601  -0.059  -0.150  -0.285  -0.374  -0.407
  349 14000  4.00  0.00  0.00  0.00  0.00 -19.969 -19.190 -18.323 -17.029 -14.740 -12.595  -0.062  -0.157  -0.289  -0.378  -0.412
  350 14000  4.50  0.00  0.00  0.00  0.00 -19.967 -19.186 -18.315 -17.024 -14.735 -12.589  -0.065  -0.164  -0.292  -0.382  -0.416
  351 14000  5.00  0.00  0.00  0.00  0.00 -19.966 -19.182 -18.307 -17.019 -14.730 -12.584  -0.067  -0.171  -0.296  -0.387  -0.420
  352 15000  2.00  0.00  0.00  0.00  0.00 -20.087 -19.332 -18.468 -17.142 -14.852 -12.706  -0.038  -0.132  -0.294  -0.385  -0.419
  353 15000  2.50  0.00  0.00  0.00  0.00 -20.101 -19.327 -18.458 -17.135 -14.837 -12.688  -0.057  -0.156  -0.315  -0.414  -0.451
  354 15000  3.00  0.00  0.00  0.00  0.00 -20.099 -19.318 -18.445 -17.127 -14.828 -12.678  -0.064  -0.166  -0.321  -0.422  -0.459
  355 15000  3.50  0.00  0.00  0.00  0.00 -20.096 -19.311 -18.435 -17.121 -14.821 -12.671  -0.068  -0.173  -0.324  -0.425  -0.463
  356 15000  4.00  0.00  0.00  0.00  0.00 -20.093 -19.306 -18.427 -17.116 -14.815 -12.665  -0.070  -0.179  -0.327  -0.428  -0.466
  357 15000  4.50  0.00  0.00  0.00  0.00 -20.092 -19.302 -18.419 -17.111 -14.810 -12.660  -0.073  -0.185  -0.329  -0.431  -0.470
  358 15000  5.00  0.00  0.00  0.00  0.00 -20.091 -19.299 -18.412 -17.107 -14.805 -12.655  -0.075  -0.191  -0.333  -0.435  -0.474
  359 16000  2.00  0.00  0.00  0.00  0.00 -20.210 -19.451 -18.575 -17.235 -14.934 -12.783  -0.042  -0.146  -0.324  -0.426  -0.465
  360 16000  2.50  0.00  0.00  0.00  0.00 -20.226 -19.443 -18.560 -17.222 -14.912 -12.758  -0.066  -0.178  -0.353  -0.464  -0.506
  361 16000  3.00  0.00  0.00  0.00  0.00 -20.219 -19.429 -18.543 -17.210 -14.899 -12.744  -0.073  -0.188  -0.358  -0.470  -0.513
  362 16000  3.50  0.00  0.00  0.00  0.00 -20.212 -19.419 -18.531 -17.201 -14.890 -12.735  -0.076  -0.194  -0.360  -0.472  -0.515
  363 16000  4.00  0.00  0.00  0.00  0.00 -20.208 -19.412 -18.521 -17.195 -14.884 -12.729  -0.079  -0.199  -0.361  -0.473  -0.517
  364 16000  4.50  0.00  0.00  0.00  0.00 -20.205 -19.408 -18.513 -17.191 -14.879 -12.724  -0.080  -0.204  -0.363  -0.476  -0.519
  365 16000  5.00  0.00  0.00  0.00  0.00 -20.204 -19.405 -18.507 -17.187 -14.875 -12.720  -0.082  -0.209  -0.366  -0.479  -0.522
  366 17000  2.50  0.00  0.00  0.00  0.00 -20.345 -19.554 -18.659 -17.307 -14.986 -12.826  -0.074  -0.198  -0.387  -0.509  -0.557
  367 17000  3.00  0.00  0.00  0.00  0.00 -20.333 -19.534 -18.637 -17.290 -14.968 -12.808  -0.081  -0.208  -0.392  -0.515  -0.563
  368 17000  3.50  0.00  0.00  0.00  0.00 -20.321 -19.520 -18.621 -17.278 -14.956 -12.797  -0.085  -0.213  -0.392  -0.515  -0.563
  369 17000  4.00  0.00  0.00  0.00  0.00 -20.314 -19.511 -18.609 -17.270 -14.949 -12.789  -0.086  -0.217  -0.393  -0.515  -0.563
  370 17000  4.50  0.00  0.00  0.00  0.00 -20.310 -19.505 -18.601 -17.265 -14.943 -12.784  -0.088  -0.221  -0.394  -0.517  -0.564
  371 17000  5.00  0.00  0.00  0.00  0.00 -20.308 -19.502 -18.595 -17.261 -14.939 -12.780  -0.089  -0.225  -0.397  -0.519  -0.567
  372 18000  2.50  0.00  0.00  0.00  0.00 -20.458 -19.661 -18.756 -17.390 -15.057 -12.892  -0.080  -0.214  -0.417  -0.551  -0.605
  373 18000  3.00  0.00  0.00  0.00  0.00 -20.439 -19.633 -18.725 -17.365 -15.032 -12.867  -0.089  -0.226  -0.424  -0.557  -0.610
  374 18000  3.50  0.00  0.00  0.00  0.00 -20.422 -19.613 -18.703 -17.348 -15.016 -12.852  -0.093  -0.231  -0.423  -0.556  -0.608
  375 18000  4.00  0.00  0.00  0.00  0.00 -20.411 -19.599 -18.688 -17.337 -15.006 -12.842  -0.094  -0.234  -0.422  -0.554  -0.606
  376 18000  4.50  0.00  0.00  0.00  0.00 -20.404 -19.591 -18.678 -17.330 -14.999 -12.836  -0.095  -0.237  -0.423  -0.554  -0.606
  377 18000  5.00  0.00  0.00  0.00  0.00 -20.401 -19.587 -18.672 -17.325 -14.995 -12.831  -0.097  -0.241  -0.424  -0.556  -0.608
  378 19000  2.50  0.00  0.00  0.00  0.00 -20.570 -19.769 -18.854 -17.476 -15.133 -12.961  -0.084  -0.228  -0.443  -0.587  -0.647
  379 19000  3.00  0.00  0.00  0.00  0.00 -20.547 -19.734 -18.816 -17.443 -15.101 -12.931  -0.096  -0.244  -0.453  -0.597  -0.655
  380 19000  3.50  0.00  0.00  0.00  0.00 -20.526 -19.710 -18.791 -17.424 -15.082 -12.914  -0.099  -0.247  -0.452  -0.594  -0.650
  381 19000  4.00  0.00  0.00  0.00  0.00 -20.512 -19.694 -18.774 -17.411 -15.071 -12.903  -0.101  -0.250  -0.450  -0.591  -0.647
  382 19000  4.50  0.00  0.00  0.00  0.00 -20.503 -19.684 -18.762 -17.402 -15.063 -12.895  -0.102  -0.253  -0.450  -0.590  -0.646
  383 19000  5.00  0.00  0.00  0.00  0.00 -20.499 -19.679 -18.755 -17.397 -15.058 -12.890  -0.103  -0.256  -0.451  -0.591  -0.647
  384 20000  3.00  0.00  0.00  0.00  0.00 -20.651 -19.831 -18.904 -17.520 -15.167 -12.991  -0.102  -0.259  -0.480  -0.634  -0.697
  385 20000  3.50  0.00  0.00  0.00  0.00 -20.624 -19.801 -18.872 -17.494 -15.144 -12.970  -0.106  -0.263  -0.479  -0.630  -0.691
  386 20000  4.00  0.00  0.00  0.00  0.00 -20.605 -19.781 -18.852 -17.478 -15.129 -12.957  -0.107  -0.265  -0.476  -0.626  -0.686
  387 20000  4.50  0.00  0.00  0.00  0.00 -20.593 -19.768 -18.838 -17.468 -15.120 -12.948  -0.108  -0.267  -0.475  -0.624  -0.683
  388 20000  5.00  0.00  0.00  0.00  0.00 -20.587 -19.761 -18.830 -17.461 -15.113 -12.942  -0.109  -0.270  -0.475  -0.624  -0.683
  389 21000  3.00  0.00  0.00  0.00  0.00 -20.751 -19.926 -18.991 -17.597 -15.234 -13.053  -0.107  -0.271  -0.503  -0.667  -0.736
  390 21000  3.50  0.00  0.00  0.00  0.00 -20.719 -19.890 -18.953 -17.564 -15.204 -13.026  -0.112  -0.278  -0.504  -0.665  -0.731
  391 21000  4.00  0.00  0.00  0.00  0.00 -20.696 -19.865 -18.928 -17.544 -15.187 -13.010  -0.114  -0.280  -0.501  -0.659  -0.724
  392 21000  4.50  0.00  0.00  0.00  0.00 -20.681 -19.850 -18.912 -17.531 -15.175 -13.000  -0.114  -0.281  -0.499  -0.656  -0.720
  393 21000  5.00  0.00  0.00  0.00  0.00 -20.673 -19.841 -18.902 -17.523 -15.168 -12.992  -0.115  -0.283  -0.499  -0.655  -0.718
  394 22000  3.00  0.00  0.00  0.00  0.00 -20.847 -20.019 -19.077 -17.673 -15.302 -13.116  -0.111  -0.282  -0.523  -0.695  -0.769
  395 22000  3.50  0.00  0.00  0.00  0.00 -20.812 -19.977 -19.033 -17.634 -15.265 -13.082  -0.117  -0.291  -0.527  -0.697  -0.768
  396 22000  4.00  0.00  0.00  0.00  0.00 -20.785 -19.948 -19.003 -17.609 -15.243 -13.062  -0.119  -0.293  -0.524  -0.691  -0.761
  397 22000  4.50  0.00  0.00  0.00  0.00 -20.766 -19.929 -18.984 -17.594 -15.230 -13.049  -0.120  -0.294  -0.522  -0.687  -0.755
  398 22000  5.00  0.00  0.00  0.00  0.00 -20.756 -19.918 -18.972 -17.584 -15.221 -13.041  -0.121  -0.296  -0.521  -0.685  -0.753
  399 23000  3.00  0.00  0.00  0.00  0.00 -20.939 -20.107 -19.160 -17.748 -15.370 -13.181  -0.115  -0.291  -0.540  -0.719  -0.797
  400 23000  3.50  0.00  0.00  0.00  0.00 -20.902 -20.063 -19.112 -17.704 -15.326 -13.138  -0.122  -0.302  -0.547  -0.725  -0.802
  401 23000  4.00  0.00  0.00  0.00  0.00 -20.871 -20.030 -19.078 -17.675 -15.300 -13.114  -0.125  -0.305  -0.546  -0.721  -0.796
  402 23000  4.50  0.00  0.00  0.00  0.00 -20.850 -20.008 -19.055 -17.656 -15.283 -13.099  -0.125  -0.307  -0.543  -0.717  -0.789
  403 23000  5.00  0.00  0.00  0.00  0.00 -20.837 -19.994 -19.041 -17.644 -15.273 -13.089  -0.126  -0.308  -0.542  -0.714  -0.786
  404 24000  3.00  0.00  0.00  0.00  0.00 -21.029 -20.193 -19.239 -17.820 -15.436 -13.243  -0.119  -0.302  -0.558  -0.743  -0.824
  405 24000  3.50  0.00  0.00  0.00  0.00 -20.988 -20.145 -19.189 -17.772 -15.388 -13.195  -0.126  -0.312  -0.565  -0.751  -0.832
  406 24000  4.00  0.00  0.00  0.00  0.00 -20.956 -20.110 -19.152 -17.740 -15.357 -13.166  -0.129  -0.316  -0.565  -0.749  -0.828
  407 24000  4.50  0.00  0.00  0.00  0.00 -20.932 -20.085 -19.126 -17.717 -15.337 -13.147  -0.130  -0.318  -0.564  -0.745  -0.823
  408 24000  5.00  0.00  0.00  0.00  0.00 -20.916 -20.068 -19.109 -17.703 -15.324 -13.136  -0.131  -0.319  -0.563  -0.742  -0.819
  409 25000  3.00  0.00  0.00  0.00  0.00 -21.120 -20.280 -19.320 -17.892 -15.502 -13.305  -0.123  -0.311  -0.576  -0.768  -0.852
  410 25000  3.50  0.00  0.00  0.00  0.00 -21.072 -20.225 -19.262 -17.838 -15.447 -13.251  -0.131  -0.322  -0.583  -0.775  -0.860
  411 25000  4.00  0.00  0.00  0.00  0.00 -21.038 -20.188 -19.224 -17.804 -15.413 -13.218  -0.133  -0.326  -0.583  -0.774  -0.858
  412 25000  4.50  0.00  0.00  0.00  0.00 -21.012 -20.160 -19.196 -17.779 -15.390 -13.197  -0.135  -0.329  -0.582  -0.772  -0.854
  413 25000  5.00  0.00  0.00  0.00  0.00 -20.995 -20.142 -19.176 -17.762 -15.375 -13.183  -0.136  -0.330  -0.582  -0.769  -0.850
  414 26000  3.00  0.00  0.00  0.00  0.00 -21.210 -20.370 -19.406 -17.971 -15.575 -13.375  -0.124  -0.316  -0.588  -0.786  -0.873
  415 26000  3.50  0.00  0.00  0.00  0.00 -21.155 -20.303 -19.334 -17.903 -15.505 -13.305  -0.135  -0.333  -0.601  -0.800  -0.888
  416 26000  4.00  0.00  0.00  0.00  0.00 -21.117 -20.263 -19.293 -17.866 -15.469 -13.270  -0.138  -0.336  -0.600  -0.798  -0.885
  417 26000  4.50  0.00  0.00  0.00  0.00 -21.091 -20.235 -19.264 -17.840 -15.444 -13.246  -0.139  -0.338  -0.600  -0.796  -0.882
  418 26000  5.00  0.00  0.00  0.00  0.00 -21.072 -20.214 -19.243 -17.821 -15.427 -13.230  -0.140  -0.340  -0.600  -0.795  -0.880
  419 27000  3.50  0.00  0.00  0.00  0.00 -21.238 -20.381 -19.407 -17.968 -15.563 -13.360  -0.140  -0.344  -0.620  -0.825  -0.916
  420 27000  4.00  0.00  0.00  0.00  0.00 -21.196 -20.336 -19.361 -17.927 -15.524 -13.322  -0.142  -0.346  -0.618  -0.822  -0.912
  421 27000  4.50  0.00  0.00  0.00  0.00 -21.167 -20.307 -19.331 -17.900 -15.498 -13.296  -0.143  -0.348  -0.617  -0.820  -0.909
  422 27000  5.00  0.00  0.00  0.00  0.00 -21.147 -20.286 -19.310 -17.880 -15.479 -13.279  -0.144  -0.350  -0.617  -0.819  -0.907
  423 28000  3.50  0.00  0.00  0.00  0.00 -21.323 -20.462 -19.482 -18.036 -15.625 -13.419  -0.144  -0.353  -0.636  -0.848  -0.942
  424 28000  4.00  0.00  0.00  0.00  0.00 -21.274 -20.410 -19.429 -17.987 -15.578 -13.373  -0.147  -0.356  -0.635  -0.846  -0.939
  425 28000  4.50  0.00  0.00  0.00  0.00 -21.243 -20.378 -19.397 -17.959 -15.550 -13.346  -0.148  -0.357  -0.633  -0.842  -0.934
  426 28000  5.00  0.00  0.00  0.00  0.00 -21.222 -20.357 -19.375 -17.938 -15.531 -13.328  -0.148  -0.359  -0.633  -0.841  -0.932
  427 29000  3.50  0.00  0.00  0.00  0.00 -21.405 -20.542 -19.558 -18.106 -15.690 -13.482  -0.146  -0.358  -0.647  -0.864  -0.960
  428 29000  4.00  0.00  0.00  0.00  0.00 -21.353 -20.484 -19.498 -18.050 -15.634 -13.426  -0.151  -0.366  -0.652  -0.869  -0.964
  429 29000  4.50  0.00  0.00  0.00  0.00 -21.318 -20.449 -19.463 -18.017 -15.603 -13.397  -0.152  -0.367  -0.649  -0.864  -0.959
  430 29000  5.00  0.00  0.00  0.00  0.00 -21.296 -20.426 -19.440 -17.996 -15.583 -13.377  -0.152  -0.368  -0.648  -0.862  -0.956
  431 30000  3.50  0.00  0.00  0.00  0.00 -21.481 -20.618 -19.632 -18.176 -15.757 -13.547  -0.146  -0.361  -0.654  -0.874  -0.971
  432 30000  4.00  0.00  0.00  0.00  0.00 -21.431 -20.559 -19.568 -18.114 -15.693 -13.483  -0.155  -0.374  -0.666  -0.888  -0.986
  433 30000  4.50  0.00  0.00  0.00  0.00 -21.393 -20.520 -19.529 -18.077 -15.657 -13.448  -0.156  -0.376  -0.665  -0.885  -0.982
  434 30000  5.00  0.00  0.00  0.00  0.00 -21.369 -20.495 -19.504 -18.054 -15.636 -13.428  -0.156  -0.376  -0.663  -0.883  -0.979
  435 31000  3.50  0.00  0.00  0.00  0.00 -21.547 -20.686 -19.699 -18.240 -15.819 -13.609  -0.144  -0.360  -0.656  -0.878  -0.976
  436 31000  4.00  0.00  0.00  0.00  0.00 -21.506 -20.632 -19.638 -18.178 -15.753 -13.542  -0.157  -0.380  -0.677  -0.903  -1.003
  437 31000  4.50  0.00  0.00  0.00  0.00 -21.467 -20.591 -19.596 -18.138 -15.713 -13.503  -0.159  -0.384  -0.679  -0.904  -1.003
  438 31000  5.00  0.00  0.00  0.00  0.00 -21.441 -20.564 -19.569 -18.113 -15.690 -13.480  -0.160  -0.384  -0.677  -0.901  -1.000
  439 32000  4.00  0.00  0.00  0.00  0.00 -21.577 -20.702 -19.705 -18.241 -15.813 -13.600  -0.158  -0.384  -0.686  -0.915  -1.015
  440 32000  4.50  0.00  0.00  0.00  0.00 -21.539 -20.660 -19.661 -18.198 -15.770 -13.558  -0.162  -0.390  -0.690  -0.919  -1.019
  441 32000  5.00  0.00  0.00  0.00  0.00 -21.512 -20.632 -19.633 -18.172 -15.744 -13.533  -0.163  -0.391  -0.690  -0.918  -1.018
  442 33000  4.00  0.00  0.00  0.00  0.00 -21.641 -20.766 -19.767 -18.299 -15.869 -13.655  -0.158  -0.386  -0.690  -0.922  -1.023
  443 33000  4.50  0.00  0.00  0.00  0.00 -21.609 -20.728 -19.726 -18.258 -15.827 -13.614  -0.164  -0.395  -0.699  -0.932  -1.033
  444 33000  5.00  0.00  0.00  0.00  0.00 -21.581 -20.699 -19.696 -18.230 -15.799 -13.587  -0.165  -0.397  -0.700  -0.932  -1.033
  445 34000  4.00  0.00  0.00  0.00  0.00 -21.697 -20.823 -19.823 -18.354 -15.922 -13.707  -0.157  -0.386  -0.692  -0.925  -1.028
  446 34000  4.50  0.00  0.00  0.00  0.00 -21.672 -20.790 -19.785 -18.315 -15.881 -13.667  -0.165  -0.398  -0.706  -0.941  -1.043
  447 34000  5.00  0.00  0.00  0.00  0.00 -21.647 -20.763 -19.757 -18.287 -15.854 -13.640  -0.167  -0.402  -0.709  -0.943  -1.045
  448 35000  4.00  0.00  0.00  0.00  0.00 -21.746 -20.873 -19.873 -18.403 -15.971 -13.756  -0.156  -0.385  -0.691  -0.924  -1.028
  449 35000  4.50  0.00  0.00  0.00  0.00 -21.729 -20.847 -19.841 -18.368 -15.933 -13.717  -0.165  -0.400  -0.710  -0.947  -1.050
  450 35000  5.00  0.00  0.00  0.00  0.00 -21.708 -20.822 -19.814 -18.341 -15.906 -13.691  -0.168  -0.405  -0.716  -0.952  -1.055
  451 36000  4.00  0.00  0.00  0.00  0.00 -21.788 -20.916 -19.917 -18.447 -16.016 -13.800  -0.155  -0.383  -0.690  -0.923  -1.026
  452 36000  4.50  0.00  0.00  0.00  0.00 -21.780 -20.899 -19.892 -18.418 -15.981 -13.765  -0.164  -0.400  -0.711  -0.949  -1.053
  453 36000  5.00  0.00  0.00  0.00  0.00 -21.763 -20.878 -19.868 -18.392 -15.955 -13.740  -0.169  -0.407  -0.720  -0.958  -1.062
  454 37000  4.00  0.00  0.00  0.00  0.00 -21.825 -20.954 -19.954 -18.484 -16.053 -13.838  -0.155  -0.383  -0.691  -0.922  -1.025
  455 37000  4.50  0.00  0.00  0.00  0.00 -21.825 -20.945 -19.938 -18.463 -16.026 -13.810  -0.163  -0.399  -0.711  -0.949  -1.054
  456 37000  5.00  0.00  0.00  0.00  0.00 -21.814 -20.928 -19.918 -18.440 -16.002 -13.786  -0.169  -0.408  -0.722  -0.962  -1.066
  457 38000  4.00  0.00  0.00  0.00  0.00 -21.859 -20.987 -19.987 -18.516 -16.086 -13.870  -0.155  -0.384  -0.692  -0.923  -1.027
  458 38000  4.50  0.00  0.00  0.00  0.00 -21.864 -20.985 -19.977 -18.502 -16.066 -13.849  -0.163  -0.399  -0.711  -0.949  -1.053
  459 38000  5.00  0.00  0.00  0.00  0.00 -21.859 -20.974 -19.962 -18.485 -16.046 -13.829  -0.168  -0.408  -0.723  -0.963  -1.068
  460 39000  4.00  0.00  0.00  0.00  0.00 -21.891 -21.019 -20.018 -18.546 -16.114 -13.899  -0.155  -0.385  -0.694  -0.926  -1.030
  461 39000  4.50  0.00  0.00  0.00  0.00 -21.899 -21.020 -20.012 -18.536 -16.100 -13.883  -0.163  -0.399  -0.712  -0.949  -1.054
  462 39000  5.00  0.00  0.00  0.00  0.00 -21.898 -21.014 -20.002 -18.524 -16.085 -13.868  -0.167  -0.408  -0.723  -0.963  -1.068
  463 40000  4.00  0.00  0.00  0.00  0.00 -21.922 -21.049 -20.047 -18.574 -16.141 -13.925  -0.156  -0.386  -0.697  -0.930  -1.034
  464 40000  4.50  0.00  0.00  0.00  0.00 -21.931 -21.051 -20.043 -18.567 -16.130 -13.912  -0.163  -0.400  -0.714  -0.951  -1.057
  465 40000  5.00  0.00  0.00  0.00  0.00 -21.933 -21.049 -20.037 -18.559 -16.119 -13.902  -0.167  -0.408  -0.723  -0.964  -1.069
  466 41000  4.50  0.00  0.00  0.00  0.00 -21.961 -21.081 -20.072 -18.594 -16.157 -13.939  -0.163  -0.402  -0.716  -0.955  -1.060
  467 41000  5.00  0.00  0.00  0.00  0.00 -21.965 -21.080 -20.068 -18.589 -16.150 -13.932  -0.167  -0.409  -0.725  -0.965  -1.071
  468 42000  4.50  0.00  0.00  0.00  0.00 -21.990 -21.109 -20.099 -18.620 -16.182 -13.963  -0.164  -0.403  -0.719  -0.958  -1.065
  469 42000  5.00  0.00  0.00  0.00  0.00 -21.994 -21.109 -20.096 -18.617 -16.176 -13.958  -0.167  -0.410  -0.726  -0.967  -1.074
  470 43000  4.50  0.00  0.00  0.00  0.00 -22.018 -21.137 -20.126 -18.646 -16.206 -13.987  -0.165  -0.405  -0.721  -0.962  -1.070
  471 43000  5.00  0.00  0.00  0.00  0.00 -22.022 -21.137 -20.123 -18.642 -16.201 -13.982  -0.168  -0.411  -0.728  -0.971  -1.078
  472 44000  4.50  0.00  0.00  0.00  0.00 -22.046 -21.164 -20.152 -18.671 -16.230 -14.010  -0.165  -0.406  -0.724  -0.966  -1.074
  473 44000  5.00  0.00  0.00  0.00  0.00 -22.048 -21.163 -20.148 -18.667 -16.225 -14.005  -0.168  -0.412  -0.731  -0.974  -1.082
  474 45000  4.50  0.00  0.00  0.00  0.00 -22.073 -21.190 -20.178 -18.696 -16.254 -14.033  -0.166  -0.407  -0.726  -0.969  -1.078
  475 45000  5.00  0.00  0.00  0.00  0.00 -22.075 -21.189 -20.173 -18.690 -16.247 -14.027  -0.169  -0.414  -0.733  -0.977  -1.086
  476 46000  4.50  0.00  0.00  0.00  0.00 -22.099 -21.216 -20.203 -18.720 -16.277 -14.056  -0.166  -0.408  -0.728  -0.972  -1.082
  477 46000  5.00  0.00  0.00  0.00  0.00 -22.100 -21.214 -20.197 -18.714 -16.269 -14.048  -0.170  -0.415  -0.736  -0.981  -1.090
  478 47000  4.50  0.00  0.00  0.00  0.00 -22.125 -21.241 -20.228 -18.744 -16.300 -14.078  -0.167  -0.409  -0.730  -0.975  -1.085
  479 47000  5.00  0.00  0.00  0.00  0.00 -22.125 -21.238 -20.221 -18.736 -16.291 -14.070  -0.170  -0.416  -0.738  -0.984  -1.094
  480 48000  4.50  0.00  0.00  0.00  0.00 -22.150 -21.266 -20.252 -18.767 -16.323 -14.100  -0.167  -0.410  -0.732  -0.978  -1.088
  481 48000  5.00  0.00  0.00  0.00  0.00 -22.150 -21.262 -20.244 -18.759 -16.313 -14.091  -0.171  -0.417  -0.740  -0.987  -1.097
  482 49000  4.50  0.00  0.00  0.00  0.00 -22.175 -21.290 -20.276 -18.790 -16.345 -14.122  -0.168  -0.411  -0.734  -0.980  -1.091
  483 49000  5.00  0.00  0.00  0.00  0.00 -22.174 -21.286 -20.267 -18.781 -16.334 -14.111  -0.171  -0.418  -0.742  -0.990  -1.100
  484 50000  4.50  0.00  0.00  0.00  0.00 -22.199 -21.314 -20.299 -18.812 -16.366 -14.143  -0.168  -0.412  -0.735  -0.983  -1.094
  485 50000  5.00  0.00  0.00  0.00  0.00 -22.197 -21.309 -20.290 -18.802 -16.355 -14.132  -0.172  -0.419  -0.744  -0.993  -1.104