
       Teff log g  [M]  Vturb  l/H  E(B-V)   u-b    u0-b     b-y      m1      c1     c10    beta     a0      r*
    1  3500  0.00  0.00  4.00  1.25  0.00   5.098   5.090   1.325   0.886   0.673   0.665   2.556   1.996   0.149
    2  3500  0.50  0.00  4.00  1.25  0.00   4.870   4.862   1.245   0.781   0.817   0.809   2.551   1.875   0.210
    3  3500  1.00  0.00  4.00  1.25  0.00   4.621   4.613   1.176   0.648   0.972   0.964   2.552   1.761   0.268
    4  3500  1.50  0.00  4.00  1.25  0.00   4.360   4.351   1.117   0.500   1.123   1.115   2.558   1.655   0.319
    5  3500  2.00  0.00  4.00  1.25  0.00   4.099   4.091   1.069   0.349   1.261   1.253   2.566   1.560   0.363
    6  3500  2.50  0.00  4.00  1.25  0.00   3.860   3.851   1.030   0.213   1.371   1.362   2.574   1.478   0.396
    7  3500  3.00  0.00  4.00  1.25  0.00   3.673   3.665   1.005   0.123   1.414   1.405   2.568   1.419   0.418
    8  3500  3.50  0.00  4.00  1.25  0.00   3.556   3.548   1.008   0.138   1.262   1.254   2.529   1.401   0.404
    9  3500  4.00  0.00  4.00  1.25  0.00   3.467   3.460   1.013   0.177   1.084   1.077   2.494   1.390   0.377
   10  3500  4.50  0.00  4.00  1.25  0.00   3.409   3.403   1.017   0.205   0.964   0.958   2.470   1.385   0.359
   11  3500  5.00  0.00  4.00  1.25  0.00   3.403   3.398   1.022   0.237   0.884   0.879   2.444   1.389   0.357
   12  3750  0.00  0.00  4.00  1.25  0.00   5.268   5.260   1.252   1.119   0.524   0.516   2.564   1.954   0.094
   13  3750  0.50  0.00  4.00  1.25  0.00   5.050   5.042   1.183   1.048   0.586   0.578   2.542   1.845   0.142
   14  3750  1.00  0.00  4.00  1.25  0.00   4.828   4.819   1.125   0.958   0.660   0.652   2.519   1.747   0.195
   15  3750  1.50  0.00  4.00  1.25  0.00   4.607   4.599   1.073   0.862   0.736   0.728   2.498   1.656   0.247
   16  3750  2.00  0.00  4.00  1.25  0.00   4.392   4.384   1.026   0.764   0.809   0.801   2.479   1.570   0.295
   17  3750  2.50  0.00  4.00  1.25  0.00   4.186   4.177   0.985   0.670   0.872   0.864   2.462   1.492   0.336
   18  3750  3.00  0.00  4.00  1.25  0.00   3.997   3.989   0.950   0.588   0.920   0.912   2.447   1.423   0.371
   19  3750  3.50  0.00  4.00  1.25  0.00   3.825   3.817   0.929   0.517   0.931   0.923   2.434   1.371   0.389
   20  3750  4.00  0.00  4.00  1.25  0.00   3.632   3.625   0.940   0.444   0.862   0.854   2.427   1.347   0.371
   21  3750  4.50  0.00  4.00  1.25  0.00   3.461   3.455   0.949   0.390   0.780   0.774   2.425   1.326   0.344
   22  3750  5.00  0.00  4.00  1.25  0.00   3.347   3.342   0.949   0.359   0.728   0.723   2.420   1.305   0.332
   23  4000  0.00  0.00  4.00  1.25  0.00   4.972   4.965   1.149   1.084   0.505   0.498   2.597   1.798   0.062
   24  4000  0.50  0.00  4.00  1.25  0.00   4.775   4.767   1.085   1.033   0.535   0.528   2.581   1.698   0.093
   25  4000  1.00  0.00  4.00  1.25  0.00   4.581   4.574   1.033   0.973   0.566   0.559   2.561   1.611   0.127
   26  4000  1.50  0.00  4.00  1.25  0.00   4.398   4.391   0.989   0.910   0.598   0.590   2.538   1.534   0.164
   27  4000  2.00  0.00  4.00  1.25  0.00   4.230   4.222   0.952   0.847   0.631   0.623   2.512   1.467   0.204
   28  4000  2.50  0.00  4.00  1.25  0.00   4.078   4.070   0.919   0.788   0.661   0.654   2.485   1.406   0.245
   29  4000  3.00  0.00  4.00  1.25  0.00   3.940   3.932   0.890   0.736   0.686   0.678   2.458   1.353   0.282
   30  4000  3.50  0.00  4.00  1.25  0.00   3.816   3.809   0.865   0.691   0.702   0.695   2.431   1.305   0.317
   31  4000  4.00  0.00  4.00  1.25  0.00   3.687   3.680   0.853   0.640   0.700   0.694   2.410   1.271   0.338
   32  4000  4.50  0.00  4.00  1.25  0.00   3.503   3.497   0.864   0.558   0.658   0.652   2.406   1.248   0.327
   33  4000  5.00  0.00  4.00  1.25  0.00   3.321   3.316   0.873   0.477   0.620   0.615   2.410   1.225   0.309
   34  4250  0.00  0.00  4.00  1.25  0.00   4.412   4.408   1.044   0.958   0.407   0.403   2.610   1.592   0.023
   35  4250  0.50  0.00  4.00  1.25  0.00   4.247   4.243   0.985   0.922   0.431   0.426   2.602   1.503   0.043
   36  4250  1.00  0.00  4.00  1.25  0.00   4.082   4.078   0.938   0.875   0.454   0.449   2.591   1.427   0.065
   37  4250  1.50  0.00  4.00  1.25  0.00   3.925   3.921   0.898   0.826   0.476   0.471   2.576   1.359   0.091
   38  4250  2.00  0.00  4.00  1.25  0.00   3.788   3.783   0.864   0.782   0.495   0.491   2.557   1.300   0.119
   39  4250  2.50  0.00  4.00  1.25  0.00   3.676   3.672   0.834   0.746   0.514   0.509   2.534   1.250   0.151
   40  4250  3.00  0.00  4.00  1.25  0.00   3.589   3.584   0.809   0.719   0.532   0.527   2.509   1.209   0.184
   41  4250  3.50  0.00  4.00  1.25  0.00   3.524   3.520   0.787   0.702   0.546   0.541   2.481   1.176   0.218
   42  4250  4.00  0.00  4.00  1.25  0.00   3.476   3.472   0.769   0.691   0.555   0.551   2.451   1.149   0.253
   43  4250  4.50  0.00  4.00  1.25  0.00   3.416   3.412   0.761   0.668   0.555   0.551   2.425   1.130   0.280
   44  4250  5.00  0.00  4.00  1.25  0.00   3.280   3.276   0.771   0.598   0.539   0.535   2.415   1.115   0.283
   45  4500  0.00  0.00  4.00  1.25  0.00   3.869   3.865   0.931   0.822   0.360   0.356   2.611   1.381   0.013
   46  4500  0.50  0.00  4.00  1.25  0.00   3.741   3.738   0.884   0.796   0.378   0.374   2.607   1.311   0.027
   47  4500  1.00  0.00  4.00  1.25  0.00   3.608   3.605   0.845   0.762   0.393   0.390   2.602   1.249   0.040
   48  4500  1.50  0.00  4.00  1.25  0.00   3.479   3.476   0.811   0.725   0.406   0.403   2.593   1.192   0.056
   49  4500  2.00  0.00  4.00  1.25  0.00   3.360   3.358   0.781   0.689   0.418   0.416   2.582   1.140   0.074
   50  4500  2.50  0.00  4.00  1.25  0.00   3.259   3.257   0.755   0.658   0.431   0.429   2.567   1.096   0.095
   51  4500  3.00  0.00  4.00  1.25  0.00   3.183   3.180   0.731   0.639   0.442   0.440   2.549   1.059   0.119
   52  4500  3.50  0.00  4.00  1.25  0.00   3.132   3.130   0.710   0.631   0.450   0.447   2.529   1.028   0.143
   53  4500  4.00  0.00  4.00  1.25  0.00   3.108   3.106   0.691   0.634   0.456   0.454   2.504   1.005   0.172
   54  4500  4.50  0.00  4.00  1.25  0.00   3.105   3.103   0.676   0.646   0.459   0.457   2.476   0.989   0.202
   55  4500  5.00  0.00  4.00  1.25  0.00   3.097   3.095   0.669   0.648   0.462   0.460   2.449   0.981   0.230
   56  4750  0.00  0.00  4.00  1.25  0.00   3.459   3.455   0.815   0.707   0.413   0.410   2.610   1.192   0.041
   57  4750  0.50  0.00  4.00  1.25  0.00   3.335   3.332   0.779   0.681   0.413   0.410   2.607   1.134   0.047
   58  4750  1.00  0.00  4.00  1.25  0.00   3.216   3.213   0.750   0.651   0.412   0.409   2.604   1.083   0.052
   59  4750  1.50  0.00  4.00  1.25  0.00   3.104   3.102   0.725   0.622   0.409   0.407   2.598   1.038   0.059
   60  4750  2.00  0.00  4.00  1.25  0.00   3.004   3.002   0.702   0.596   0.406   0.404   2.592   0.997   0.065
   61  4750  2.50  0.00  4.00  1.25  0.00   2.917   2.916   0.682   0.574   0.404   0.403   2.582   0.962   0.076
   62  4750  3.00  0.00  4.00  1.25  0.00   2.849   2.847   0.662   0.559   0.405   0.404   2.571   0.929   0.089
   63  4750  3.50  0.00  4.00  1.25  0.00   2.800   2.799   0.643   0.553   0.407   0.405   2.557   0.902   0.105
   64  4750  4.00  0.00  4.00  1.25  0.00   2.773   2.772   0.625   0.556   0.408   0.407   2.540   0.879   0.124
   65  4750  4.50  0.00  4.00  1.25  0.00   2.771   2.770   0.608   0.572   0.408   0.408   2.520   0.861   0.145
   66  4750  5.00  0.00  4.00  1.25  0.00   2.787   2.786   0.594   0.595   0.407   0.406   2.497   0.850   0.169
   67  5000  0.00  0.00  4.00  1.25  0.00   3.164   3.160   0.702   0.614   0.531   0.527   2.611   1.026   0.089
   68  5000  0.50  0.00  4.00  1.25  0.00   3.036   3.032   0.676   0.586   0.510   0.506   2.608   0.977   0.087
   69  5000  1.00  0.00  4.00  1.25  0.00   2.914   2.911   0.655   0.557   0.489   0.486   2.605   0.934   0.084
   70  5000  1.50  0.00  4.00  1.25  0.00   2.804   2.801   0.638   0.529   0.467   0.465   2.601   0.897   0.082
   71  5000  2.00  0.00  4.00  1.25  0.00   2.708   2.706   0.623   0.507   0.445   0.443   2.595   0.865   0.081
   72  5000  2.50  0.00  4.00  1.25  0.00   2.627   2.625   0.610   0.491   0.423   0.421   2.589   0.837   0.081
   73  5000  3.00  0.00  4.00  1.25  0.00   2.564   2.562   0.597   0.482   0.404   0.402   2.581   0.813   0.083
   74  5000  3.50  0.00  4.00  1.25  0.00   2.517   2.516   0.583   0.480   0.390   0.388   2.572   0.791   0.088
   75  5000  4.00  0.00  4.00  1.25  0.00   2.491   2.490   0.568   0.486   0.380   0.379   2.561   0.771   0.097
   76  5000  4.50  0.00  4.00  1.25  0.00   2.485   2.484   0.553   0.501   0.375   0.374   2.548   0.755   0.109
   77  5000  5.00  0.00  4.00  1.25  0.00   2.497   2.497   0.539   0.523   0.371   0.371   2.532   0.743   0.125
   78  5250  0.00  0.00  4.00  1.25  0.00   2.943   2.939   0.598   0.534   0.676   0.672   2.616   0.882   0.142
   79  5250  0.50  0.00  4.00  1.25  0.00   2.815   2.812   0.581   0.509   0.633   0.630   2.614   0.842   0.131
   80  5250  1.00  0.00  4.00  1.25  0.00   2.690   2.687   0.567   0.481   0.592   0.589   2.611   0.806   0.120
   81  5250  1.50  0.00  4.00  1.25  0.00   2.576   2.573   0.556   0.455   0.552   0.549   2.606   0.774   0.112
   82  5250  2.00  0.00  4.00  1.25  0.00   2.475   2.473   0.547   0.433   0.511   0.509   2.601   0.747   0.104
   83  5250  2.50  0.00  4.00  1.25  0.00   2.389   2.388   0.540   0.418   0.471   0.469   2.595   0.725   0.096
   84  5250  3.00  0.00  4.00  1.25  0.00   2.322   2.320   0.533   0.411   0.432   0.430   2.589   0.705   0.089
   85  5250  3.50  0.00  4.00  1.25  0.00   2.271   2.270   0.525   0.411   0.397   0.396   2.582   0.688   0.085
   86  5250  4.00  0.00  4.00  1.25  0.00   2.242   2.240   0.516   0.419   0.370   0.369   2.574   0.674   0.084
   87  5250  4.50  0.00  4.00  1.25  0.00   2.231   2.230   0.505   0.435   0.350   0.349   2.565   0.661   0.087
   88  5250  5.00  0.00  4.00  1.25  0.00   2.239   2.239   0.493   0.457   0.337   0.337   2.554   0.651   0.094
   89  5500  0.00  0.00  4.00  1.25  0.00   2.779   2.776   0.505   0.464   0.839   0.835   2.626   0.759   0.196
   90  5500  0.50  0.00  4.00  1.25  0.00   2.655   2.652   0.496   0.442   0.777   0.774   2.624   0.728   0.177
   91  5500  1.00  0.00  4.00  1.25  0.00   2.529   2.527   0.489   0.418   0.715   0.712   2.620   0.699   0.160
   92  5500  1.50  0.00  4.00  1.25  0.00   2.411   2.408   0.483   0.395   0.653   0.651   2.616   0.671   0.143
   93  5500  2.00  0.00  4.00  1.25  0.00   2.303   2.301   0.479   0.375   0.593   0.591   2.611   0.648   0.127
   94  5500  2.50  0.00  4.00  1.25  0.00   2.209   2.207   0.476   0.361   0.534   0.532   2.605   0.628   0.113
   95  5500  3.00  0.00  4.00  1.25  0.00   2.130   2.128   0.473   0.353   0.478   0.476   2.599   0.611   0.099
   96  5500  3.50  0.00  4.00  1.25  0.00   2.069   2.067   0.469   0.352   0.425   0.423   2.593   0.596   0.087
   97  5500  4.00  0.00  4.00  1.25  0.00   2.028   2.027   0.465   0.359   0.379   0.377   2.586   0.585   0.078
   98  5500  4.50  0.00  4.00  1.25  0.00   2.007   2.006   0.459   0.373   0.341   0.340   2.579   0.575   0.073
   99  5500  5.00  0.00  4.00  1.25  0.00   2.007   2.007   0.451   0.395   0.314   0.313   2.571   0.567   0.072
  100  5750  0.00  0.00  4.00  1.25  0.00   2.663   2.660   0.419   0.403   1.015   1.012   2.639   0.652   0.251
  101  5750  0.50  0.00  4.00  1.25  0.00   2.546   2.544   0.419   0.385   0.935   0.933   2.638   0.632   0.224
  102  5750  1.00  0.00  4.00  1.25  0.00   2.422   2.419   0.418   0.364   0.854   0.852   2.635   0.608   0.199
  103  5750  1.50  0.00  4.00  1.25  0.00   2.299   2.296   0.418   0.344   0.772   0.770   2.631   0.586   0.174
  104  5750  2.00  0.00  4.00  1.25  0.00   2.184   2.181   0.417   0.327   0.692   0.690   2.626   0.564   0.151
  105  5750  2.50  0.00  4.00  1.25  0.00   2.080   2.078   0.418   0.315   0.612   0.611   2.620   0.547   0.130
  106  5750  3.00  0.00  4.00  1.25  0.00   1.989   1.987   0.418   0.307   0.537   0.535   2.614   0.531   0.109
  107  5750  3.50  0.00  4.00  1.25  0.00   1.914   1.913   0.418   0.305   0.466   0.465   2.607   0.517   0.091
  108  5750  4.00  0.00  4.00  1.25  0.00   1.858   1.856   0.417   0.310   0.402   0.401   2.601   0.506   0.075
  109  5750  4.50  0.00  4.00  1.25  0.00   1.821   1.820   0.415   0.321   0.348   0.347   2.594   0.498   0.063
  110  5750  5.00  0.00  4.00  1.25  0.00   1.808   1.807   0.411   0.340   0.305   0.304   2.587   0.491   0.056
  111  6000  0.00  0.00  4.00  1.25  0.00   2.584   2.582   0.337   0.344   1.221   1.219   2.655   0.557   0.313
  112  6000  0.50  0.00  4.00  1.25  0.00   2.479   2.477   0.348   0.337   1.107   1.105   2.655   0.549   0.272
  113  6000  1.00  0.00  4.00  1.25  0.00   2.357   2.355   0.354   0.321   1.006   1.004   2.654   0.533   0.238
  114  6000  1.50  0.00  4.00  1.25  0.00   2.231   2.229   0.358   0.304   0.905   0.904   2.651   0.514   0.205
  115  6000  2.00  0.00  4.00  1.25  0.00   2.109   2.107   0.362   0.289   0.805   0.803   2.646   0.496   0.175
  116  6000  2.50  0.00  4.00  1.25  0.00   1.995   1.993   0.366   0.278   0.705   0.704   2.640   0.480   0.146
  117  6000  3.00  0.00  4.00  1.25  0.00   1.891   1.889   0.369   0.271   0.610   0.608   2.633   0.464   0.119
  118  6000  3.50  0.00  4.00  1.25  0.00   1.802   1.800   0.372   0.268   0.520   0.518   2.626   0.451   0.094
  119  6000  4.00  0.00  4.00  1.25  0.00   1.729   1.728   0.373   0.271   0.438   0.437   2.620   0.439   0.072
  120  6000  4.50  0.00  4.00  1.25  0.00   1.675   1.674   0.374   0.279   0.367   0.366   2.613   0.430   0.054
  121  6000  5.00  0.00  4.00  1.25  0.00   1.644   1.643   0.373   0.294   0.308   0.307   2.606   0.424   0.040
  122  6250  0.50  0.00  4.00  1.25  0.00   2.441   2.439   0.277   0.289   1.306   1.304   2.676   0.471   0.326
  123  6250  1.00  0.00  4.00  1.25  0.00   2.324   2.323   0.293   0.284   1.168   1.166   2.676   0.466   0.277
  124  6250  1.50  0.00  4.00  1.25  0.00   2.199   2.197   0.303   0.272   1.046   1.044   2.674   0.453   0.235
  125  6250  2.00  0.00  4.00  1.25  0.00   2.071   2.069   0.311   0.260   0.927   0.926   2.670   0.438   0.197
  126  6250  2.50  0.00  4.00  1.25  0.00   1.947   1.945   0.318   0.250   0.810   0.808   2.665   0.423   0.161
  127  6250  3.00  0.00  4.00  1.25  0.00   1.831   1.830   0.324   0.243   0.695   0.694   2.658   0.408   0.127
  128  6250  3.50  0.00  4.00  1.25  0.00   1.727   1.726   0.329   0.240   0.586   0.585   2.650   0.394   0.097
  129  6250  4.00  0.00  4.00  1.25  0.00   1.638   1.636   0.333   0.241   0.486   0.485   2.643   0.382   0.068
  130  6250  4.50  0.00  4.00  1.25  0.00   1.566   1.565   0.337   0.247   0.397   0.396   2.636   0.374   0.044
  131  6250  5.00  0.00  4.00  1.25  0.00   1.516   1.515   0.338   0.259   0.321   0.321   2.629   0.366   0.025
  132  6500  0.50  0.00  4.00  1.25  0.00   2.414   2.413   0.214   0.251   1.482   1.481   2.694   0.403   0.374
  133  6500  1.00  0.00  4.00  1.25  0.00   2.314   2.313   0.231   0.249   1.353   1.352   2.700   0.402   0.322
  134  6500  1.50  0.00  4.00  1.25  0.00   2.189   2.187   0.250   0.247   1.194   1.193   2.700   0.399   0.265
  135  6500  2.00  0.00  4.00  1.25  0.00   2.059   2.058   0.263   0.238   1.055   1.054   2.698   0.388   0.217
  136  6500  2.50  0.00  4.00  1.25  0.00   1.929   1.928   0.273   0.230   0.921   0.919   2.693   0.375   0.175
  137  6500  3.00  0.00  4.00  1.25  0.00   1.803   1.802   0.282   0.225   0.789   0.788   2.687   0.362   0.134
  138  6500  3.50  0.00  4.00  1.25  0.00   1.686   1.684   0.290   0.221   0.662   0.661   2.679   0.348   0.097
  139  6500  4.00  0.00  4.00  1.25  0.00   1.580   1.579   0.297   0.220   0.544   0.543   2.671   0.336   0.063
  140  6500  4.50  0.00  4.00  1.25  0.00   1.491   1.490   0.302   0.224   0.437   0.436   2.663   0.325   0.033
  141  6500  5.00  0.00  4.00  1.25  0.00   1.422   1.421   0.306   0.231   0.345   0.344   2.655   0.316   0.009
  142  6750  0.50  0.00  4.00  1.25  0.00   2.378   2.377   0.166   0.216   1.611   1.610   2.704   0.349   0.413
  143  6750  1.00  0.00  4.00  1.25  0.00   2.306   2.305   0.175   0.219   1.516   1.515   2.722   0.345   0.361
  144  6750  1.50  0.00  4.00  1.25  0.00   2.194   2.193   0.194   0.220   1.364   1.363   2.727   0.344   0.301
  145  6750  2.00  0.00  4.00  1.25  0.00   2.062   2.061   0.216   0.221   1.188   1.187   2.726   0.342   0.239
  146  6750  2.50  0.00  4.00  1.25  0.00   1.929   1.928   0.230   0.216   1.034   1.033   2.723   0.332   0.187
  147  6750  3.00  0.00  4.00  1.25  0.00   1.797   1.796   0.242   0.212   0.887   0.886   2.718   0.320   0.140
  148  6750  3.50  0.00  4.00  1.25  0.00   1.669   1.668   0.253   0.208   0.745   0.744   2.711   0.308   0.097
  149  6750  4.00  0.00  4.00  1.25  0.00   1.549   1.548   0.262   0.207   0.610   0.610   2.702   0.296   0.058
  150  6750  4.50  0.00  4.00  1.25  0.00   1.443   1.442   0.270   0.207   0.487   0.486   2.693   0.284   0.023
  151  6750  5.00  0.00  4.00  1.25  0.00   1.353   1.353   0.276   0.211   0.378   0.378   2.685   0.275  -0.007
  152  7000  0.50  0.00  4.00  1.25  0.00   2.324   2.324   0.130   0.184   1.694   1.693   2.703   0.303   0.445
  153  7000  1.00  0.00  4.00  1.25  0.00   2.283   2.282   0.133   0.192   1.630   1.630   2.733   0.299   0.393
  154  7000  1.50  0.00  4.00  1.25  0.00   2.197   2.196   0.143   0.199   1.510   1.509   2.751   0.293   0.332
  155  7000  2.00  0.00  4.00  1.25  0.00   2.076   2.075   0.165   0.203   1.337   1.336   2.756   0.293   0.265
  156  7000  2.50  0.00  4.00  1.25  0.00   1.940   1.939   0.188   0.206   1.150   1.149   2.755   0.292   0.199
  157  7000  3.00  0.00  4.00  1.25  0.00   1.805   1.804   0.204   0.205   0.986   0.985   2.752   0.284   0.143
  158  7000  3.50  0.00  4.00  1.25  0.00   1.672   1.671   0.217   0.203   0.830   0.829   2.745   0.273   0.095
  159  7000  4.00  0.00  4.00  1.25  0.00   1.543   1.542   0.229   0.201   0.681   0.680   2.737   0.261   0.050
  160  7000  4.50  0.00  4.00  1.25  0.00   1.424   1.423   0.239   0.201   0.543   0.542   2.728   0.250   0.010
  161  7000  5.00  0.00  4.00  1.25  0.00   1.318   1.317   0.247   0.202   0.418   0.418   2.718   0.239  -0.024
  162  7250  0.50  0.00  4.00  1.25  0.00   2.235   2.234   0.111   0.156   1.699   1.699   2.689   0.268   0.463
  163  7250  1.00  0.00  4.00  1.25  0.00   2.240   2.240   0.101   0.166   1.704   1.704   2.734   0.259   0.420
  164  7250  1.50  0.00  4.00  1.25  0.00   2.179   2.178   0.107   0.178   1.607   1.606   2.764   0.254   0.356
  165  7250  2.00  0.00  4.00  1.25  0.00   2.083   2.082   0.119   0.188   1.466   1.466   2.782   0.249   0.288
  166  7250  2.50  0.00  4.00  1.25  0.00   1.957   1.956   0.143   0.195   1.280   1.279   2.786   0.250   0.217
  167  7250  3.00  0.00  4.00  1.25  0.00   1.819   1.819   0.167   0.200   1.085   1.084   2.784   0.249   0.149
  168  7250  3.50  0.00  4.00  1.25  0.00   1.684   1.683   0.183   0.201   0.914   0.913   2.780   0.241   0.092
  169  7250  4.00  0.00  4.00  1.25  0.00   1.550   1.550   0.197   0.201   0.753   0.753   2.773   0.231   0.042
  170  7250  4.50  0.00  4.00  1.25  0.00   1.422   1.422   0.209   0.200   0.602   0.602   2.764   0.220  -0.003
  171  7250  5.00  0.00  4.00  1.25  0.00   1.304   1.303   0.220   0.200   0.463   0.463   2.753   0.210  -0.041
  172  7500  0.50  0.00  4.00  1.25  0.00   2.057   2.057   0.126   0.121   1.560   1.560   2.650   0.251   0.452
  173  7500  1.00  0.00  4.00  1.25  0.00   2.166   2.166   0.080   0.141   1.722   1.722   2.722   0.225   0.440
  174  7500  1.50  0.00  4.00  1.25  0.00   2.137   2.136   0.080   0.155   1.665   1.665   2.765   0.220   0.377
  175  7500  2.00  0.00  4.00  1.25  0.00   2.063   2.063   0.088   0.170   1.544   1.543   2.794   0.214   0.305
  176  7500  2.50  0.00  4.00  1.25  0.00   1.963   1.963   0.101   0.185   1.389   1.388   2.813   0.209   0.231
  177  7500  3.00  0.00  4.00  1.25  0.00   1.835   1.835   0.126   0.194   1.192   1.192   2.817   0.211   0.156
  178  7500  3.50  0.00  4.00  1.25  0.00   1.699   1.698   0.150   0.199   0.998   0.998   2.815   0.210   0.089
  179  7500  4.00  0.00  4.00  1.25  0.00   1.564   1.563   0.167   0.202   0.825   0.824   2.809   0.203   0.033
  180  7500  4.50  0.00  4.00  1.25  0.00   1.431   1.430   0.181   0.203   0.662   0.661   2.801   0.193  -0.017
  181  7500  5.00  0.00  4.00  1.25  0.00   1.304   1.303   0.194   0.202   0.511   0.510   2.790   0.184  -0.060
  182  7750  1.00  0.00  4.00  1.25  0.00   2.053   2.053   0.072   0.118   1.671   1.671   2.697   0.196   0.448
  183  7750  1.50  0.00  4.00  1.25  0.00   2.070   2.070   0.060   0.134   1.681   1.681   2.755   0.188   0.394
  184  7750  2.00  0.00  4.00  1.25  0.00   2.022   2.022   0.064   0.152   1.588   1.588   2.796   0.183   0.320
  185  7750  2.50  0.00  4.00  1.25  0.00   1.941   1.940   0.074   0.170   1.450   1.450   2.826   0.178   0.241
  186  7750  3.00  0.00  4.00  1.25  0.00   1.838   1.838   0.089   0.187   1.285   1.284   2.843   0.175   0.165
  187  7750  3.50  0.00  4.00  1.25  0.00   1.712   1.711   0.114   0.198   1.085   1.084   2.846   0.177   0.090
  188  7750  4.00  0.00  4.00  1.25  0.00   1.577   1.577   0.137   0.204   0.893   0.893   2.844   0.176   0.024
  189  7750  4.50  0.00  4.00  1.25  0.00   1.443   1.443   0.154   0.207   0.720   0.719   2.837   0.169  -0.031
  190  7750  5.00  0.00  4.00  1.25  0.00   1.312   1.312   0.169   0.207   0.558   0.558   2.827   0.160  -0.079
  191  8000  1.00  0.00  4.00  1.25  0.00   1.887   1.887   0.080   0.094   1.536   1.536   2.658   0.174   0.439
  192  8000  1.50  0.00  4.00  1.25  0.00   1.976   1.976   0.048   0.114   1.650   1.650   2.734   0.159   0.405
  193  8000  2.00  0.00  4.00  1.25  0.00   1.959   1.959   0.046   0.132   1.600   1.600   2.788   0.153   0.334
  194  8000  2.50  0.00  4.00  1.25  0.00   1.900   1.900   0.053   0.154   1.485   1.485   2.829   0.150   0.252
  195  8000  3.00  0.00  4.00  1.25  0.00   1.817   1.816   0.064   0.176   1.336   1.336   2.857   0.146   0.171
  196  8000  3.50  0.00  4.00  1.25  0.00   1.714   1.713   0.080   0.195   1.162   1.161   2.872   0.143   0.094
  197  8000  4.00  0.00  4.00  1.25  0.00   1.588   1.588   0.106   0.206   0.962   0.961   2.875   0.147   0.019
  198  8000  4.50  0.00  4.00  1.25  0.00   1.456   1.456   0.128   0.211   0.776   0.776   2.871   0.145  -0.043
  199  8000  5.00  0.00  4.00  1.25  0.00   1.324   1.323   0.145   0.214   0.605   0.605   2.862   0.138  -0.095
  200  8250  1.00  0.00  4.00  1.25  0.00   1.672   1.673   0.095   0.072   1.337   1.337   2.617   0.151   0.409
  201  8250  1.50  0.00  4.00  1.25  0.00   1.860   1.860   0.044   0.097   1.574   1.575   2.705   0.133   0.408
  202  8250  2.00  0.00  4.00  1.25  0.00   1.877   1.877   0.034   0.116   1.577   1.577   2.770   0.127   0.345
  203  8250  2.50  0.00  4.00  1.25  0.00   1.841   1.841   0.036   0.138   1.492   1.492   2.822   0.122   0.263
  204  8250  3.00  0.00  4.00  1.25  0.00   1.777   1.777   0.044   0.162   1.362   1.362   2.862   0.119   0.177
  205  8250  3.50  0.00  4.00  1.25  0.00   1.693   1.693   0.056   0.186   1.206   1.206   2.887   0.115   0.096
  206  8250  4.00  0.00  4.00  1.25  0.00   1.590   1.589   0.074   0.207   1.026   1.025   2.899   0.115   0.020
  207  8250  4.50  0.00  4.00  1.25  0.00   1.466   1.466   0.101   0.217   0.829   0.829   2.900   0.120  -0.052
  208  8250  5.00  0.00  4.00  1.25  0.00   1.336   1.335   0.121   0.221   0.649   0.649   2.894   0.116  -0.110
  209  8500  1.50  0.00  4.00  1.25  0.00   1.728   1.729   0.045   0.085   1.468   1.468   2.674   0.111   0.402
  210  8500  2.00  0.00  4.00  1.25  0.00   1.785   1.785   0.026   0.102   1.526   1.527   2.746   0.102   0.352
  211  8500  2.50  0.00  4.00  1.25  0.00   1.771   1.771   0.024   0.123   1.475   1.475   2.808   0.098   0.272
  212  8500  3.00  0.00  4.00  1.25  0.00   1.724   1.724   0.029   0.148   1.369   1.368   2.857   0.094   0.185
  213  8500  3.50  0.00  4.00  1.25  0.00   1.657   1.657   0.039   0.174   1.229   1.229   2.893   0.092   0.099
  214  8500  4.00  0.00  4.00  1.25  0.00   1.573   1.573   0.051   0.201   1.066   1.065   2.915   0.089   0.019
  215  8500  4.50  0.00  4.00  1.25  0.00   1.468   1.468   0.073   0.221   0.879   0.879   2.923   0.092  -0.055
  216  8500  5.00  0.00  4.00  1.25  0.00   1.345   1.344   0.098   0.228   0.690   0.689   2.922   0.095  -0.123
  217  8750  1.50  0.00  4.00  1.25  0.00   1.587   1.588   0.047   0.075   1.342   1.343   2.647   0.088   0.385
  218  8750  2.00  0.00  4.00  1.25  0.00   1.685   1.685   0.022   0.092   1.456   1.456   2.721   0.080   0.352
  219  8750  2.50  0.00  4.00  1.25  0.00   1.693   1.693   0.015   0.111   1.439   1.439   2.788   0.075   0.280
  220  8750  3.00  0.00  4.00  1.25  0.00   1.664   1.664   0.018   0.135   1.357   1.357   2.846   0.073   0.193
  221  8750  3.50  0.00  4.00  1.25  0.00   1.611   1.611   0.025   0.162   1.235   1.234   2.891   0.070   0.104
  222  8750  4.00  0.00  4.00  1.25  0.00   1.542   1.541   0.035   0.192   1.085   1.084   2.922   0.067   0.020
  223  8750  4.50  0.00  4.00  1.25  0.00   1.456   1.455   0.050   0.220   0.914   0.914   2.938   0.067  -0.057
  224  8750  5.00  0.00  4.00  1.25  0.00   1.348   1.348   0.074   0.235   0.727   0.727   2.943   0.071  -0.129
  225  9000  1.50  0.00  4.00  0.00  0.00   1.442   1.443   0.048   0.068   1.208   1.209   2.625   0.063   0.360
  226  9000  2.00  0.00  4.00  0.00  0.00   1.581   1.581   0.019   0.085   1.371   1.372   2.696   0.059   0.348
  227  9000  2.50  0.00  4.00  0.00  0.00   1.613   1.613   0.009   0.102   1.388   1.388   2.765   0.054   0.285
  228  9000  3.00  0.00  4.00  0.00  0.00   1.598   1.598   0.009   0.124   1.330   1.330   2.829   0.051   0.201
  229  9000  3.50  0.00  4.00  0.00  0.00   1.559   1.559   0.014   0.151   1.226   1.226   2.883   0.049   0.110
  230  9000  4.00  0.00  4.00  0.00  0.00   1.502   1.501   0.023   0.182   1.091   1.091   2.922   0.048   0.023
  231  9000  4.50  0.00  4.00  0.00  0.00   1.430   1.430   0.034   0.213   0.934   0.934   2.947   0.046  -0.057
  232  9000  5.00  0.00  4.00  0.00  0.00   1.345   1.345   0.048   0.243   0.761   0.761   2.957   0.045  -0.129
  233  9250  2.00  0.00  4.00  0.00  0.00   1.475   1.475   0.017   0.080   1.279   1.280   2.676   0.038   0.336
  234  9250  2.50  0.00  4.00  0.00  0.00   1.529   1.530   0.004   0.096   1.327   1.328   2.744   0.034   0.286
  235  9250  3.00  0.00  4.00  0.00  0.00   1.531   1.531   0.002   0.116   1.294   1.294   2.811   0.033   0.207
  236  9250  3.50  0.00  4.00  0.00  0.00   1.504   1.504   0.005   0.141   1.210   1.210   2.871   0.031   0.117
  237  9250  4.00  0.00  4.00  0.00  0.00   1.458   1.458   0.012   0.171   1.090   1.090   2.918   0.029   0.028
  238  9250  4.50  0.00  4.00  0.00  0.00   1.398   1.397   0.022   0.204   0.943   0.943   2.950   0.028  -0.056
  239  9250  5.00  0.00  4.00  0.00  0.00   1.323   1.323   0.035   0.237   0.777   0.777   2.966   0.028  -0.132
  240  9500  2.00  0.00  4.00  0.00  0.00   1.368   1.368   0.015   0.076   1.183   1.184   2.658   0.016   0.320
  241  9500  2.50  0.00  4.00  0.00  0.00   1.444   1.444   0.001   0.091   1.259   1.259   2.724   0.016   0.282
  242  9500  3.00  0.00  4.00  0.00  0.00   1.461   1.461  -0.004   0.109   1.248   1.249   2.791   0.014   0.211
  243  9500  3.50  0.00  4.00  0.00  0.00   1.447   1.447  -0.003   0.133   1.184   1.184   2.855   0.012   0.125
  244  9500  4.00  0.00  4.00  0.00  0.00   1.412   1.412   0.003   0.162   1.079   1.079   2.910   0.012   0.032
  245  9500  4.50  0.00  4.00  0.00  0.00   1.361   1.361   0.012   0.196   0.944   0.944   2.949   0.012  -0.054
  246  9500  5.00  0.00  4.00  0.00  0.00   1.297   1.297   0.023   0.231   0.785   0.785   2.971   0.011  -0.133
  247  9750  2.00  0.00  4.00  0.00  0.00   1.265   1.266   0.014   0.073   1.089   1.090   2.644  -0.003   0.302
  248  9750  2.50  0.00  4.00  0.00  0.00   1.356   1.357  -0.002   0.087   1.184   1.185   2.706  -0.003   0.274
  249  9750  3.00  0.00  4.00  0.00  0.00   1.388   1.389  -0.008   0.104   1.195   1.195   2.772  -0.003   0.212
  250  9750  3.50  0.00  4.00  0.00  0.00   1.387   1.387  -0.009   0.126   1.149   1.149   2.838  -0.005   0.130
  251  9750  4.00  0.00  4.00  0.00  0.00   1.362   1.362  -0.005   0.154   1.061   1.061   2.898  -0.005   0.039
  252  9750  4.50  0.00  4.00  0.00  0.00   1.322   1.322   0.003   0.188   0.939   0.939   2.944  -0.004  -0.051
  253  9750  5.00  0.00  4.00  0.00  0.00   1.266   1.266   0.013   0.224   0.791   0.791   2.972  -0.004  -0.131
  254 10000  2.00  0.00  4.00  0.00  0.00   1.168   1.169   0.012   0.071   0.999   1.000   2.632  -0.023   0.282
  255 10000  2.50  0.00  4.00  0.00  0.00   1.271   1.271  -0.005   0.085   1.109   1.110   2.691  -0.021   0.263
  256 10000  3.00  0.00  4.00  0.00  0.00   1.315   1.316  -0.012   0.101   1.137   1.137   2.754  -0.020   0.210
  257 10000  3.50  0.00  4.00  0.00  0.00   1.324   1.325  -0.014   0.121   1.108   1.108   2.821  -0.021   0.133
  258 10000  4.00  0.00  4.00  0.00  0.00   1.310   1.310  -0.011   0.147   1.036   1.036   2.884  -0.020   0.044
  259 10000  4.50  0.00  4.00  0.00  0.00   1.279   1.279  -0.005   0.180   0.928   0.928   2.936  -0.020  -0.046
  260 10000  5.00  0.00  4.00  0.00  0.00   1.233   1.233   0.004   0.216   0.791   0.791   2.971  -0.019  -0.129
  261 10250  2.00  0.00  4.00  0.00  0.00   1.078   1.079   0.010   0.070   0.917   0.917   2.622  -0.041   0.263
  262 10250  2.50  0.00  4.00  0.00  0.00   1.189   1.189  -0.007   0.083   1.036   1.036   2.678  -0.038   0.250
  263 10250  3.00  0.00  4.00  0.00  0.00   1.243   1.243  -0.015   0.098   1.076   1.076   2.739  -0.036   0.204
  264 10250  3.50  0.00  4.00  0.00  0.00   1.262   1.262  -0.018   0.117   1.062   1.062   2.804  -0.036   0.134
  265 10250  4.00  0.00  4.00  0.00  0.00   1.257   1.257  -0.016   0.141   1.005   1.005   2.868  -0.035   0.050
  266 10250  4.50  0.00  4.00  0.00  0.00   1.234   1.234  -0.012   0.172   0.912   0.912   2.925  -0.035  -0.040
  267 10250  5.00  0.00  4.00  0.00  0.00   1.197   1.197  -0.004   0.208   0.787   0.787   2.966  -0.034  -0.125
  268 10500  2.00  0.00  4.00  0.00  0.00   0.996   0.997   0.008   0.069   0.841   0.841   2.613  -0.058   0.246
  269 10500  2.50  0.00  4.00  0.00  0.00   1.110   1.111  -0.009   0.081   0.965   0.965   2.667  -0.054   0.236
  270 10500  3.00  0.00  4.00  0.00  0.00   1.171   1.171  -0.018   0.095   1.014   1.015   2.725  -0.052   0.197
  271 10500  3.50  0.00  4.00  0.00  0.00   1.198   1.199  -0.021   0.113   1.012   1.013   2.787  -0.050   0.134
  272 10500  4.00  0.00  4.00  0.00  0.00   1.202   1.202  -0.021   0.136   0.970   0.970   2.852  -0.050   0.054
  273 10500  4.50  0.00  4.00  0.00  0.00   1.188   1.188  -0.017   0.165   0.890   0.890   2.912  -0.048  -0.034
  274 10500  5.00  0.00  4.00  0.00  0.00   1.158   1.158  -0.010   0.201   0.776   0.776   2.959  -0.046  -0.122
  275 10750  2.00  0.00  4.00  0.00  0.00   0.922   0.923   0.006   0.068   0.773   0.773   2.606  -0.073   0.229
  276 10750  2.50  0.00  4.00  0.00  0.00   1.037   1.038  -0.012   0.080   0.899   0.899   2.657  -0.070   0.223
  277 10750  3.00  0.00  4.00  0.00  0.00   1.102   1.103  -0.021   0.094   0.954   0.955   2.713  -0.068   0.188
  278 10750  3.50  0.00  4.00  0.00  0.00   1.136   1.136  -0.025   0.111   0.962   0.962   2.773  -0.066   0.130
  279 10750  4.00  0.00  4.00  0.00  0.00   1.147   1.147  -0.025   0.132   0.931   0.931   2.837  -0.064   0.056
  280 10750  4.50  0.00  4.00  0.00  0.00   1.140   1.141  -0.022   0.160   0.864   0.864   2.898  -0.062  -0.029
  281 10750  5.00  0.00  4.00  0.00  0.00   1.118   1.118  -0.017   0.194   0.762   0.762   2.950  -0.061  -0.117
  282 11000  2.00  0.00  4.00  0.00  0.00   0.855   0.856   0.004   0.067   0.712   0.713   2.599  -0.087   0.215
  283 11000  2.50  0.00  4.00  0.00  0.00   0.969   0.969  -0.014   0.079   0.837   0.838   2.649  -0.085   0.210
  284 11000  3.00  0.00  4.00  0.00  0.00   1.036   1.037  -0.023   0.092   0.896   0.896   2.702  -0.082   0.178
  285 11000  3.50  0.00  4.00  0.00  0.00   1.074   1.075  -0.027   0.108   0.911   0.911   2.760  -0.079   0.126
  286 11000  4.00  0.00  4.00  0.00  0.00   1.092   1.092  -0.028   0.129   0.889   0.889   2.822  -0.076   0.056
  287 11000  4.50  0.00  4.00  0.00  0.00   1.092   1.092  -0.027   0.155   0.833   0.834   2.884  -0.076  -0.025
  288 11000  5.00  0.00  4.00  0.00  0.00   1.077   1.077  -0.022   0.187   0.744   0.744   2.938  -0.073  -0.111
  289 11250  2.00  0.00  4.00  0.00  0.00   0.795   0.795   0.002   0.066   0.657   0.658   2.592  -0.100   0.203
  290 11250  2.50  0.00  4.00  0.00  0.00   0.907   0.907  -0.016   0.078   0.781   0.782   2.641  -0.098   0.199
  291 11250  3.00  0.00  4.00  0.00  0.00   0.974   0.975  -0.025   0.091   0.842   0.842   2.692  -0.094   0.169
  292 11250  3.50  0.00  4.00  0.00  0.00   1.016   1.016  -0.030   0.106   0.861   0.861   2.748  -0.092   0.120
  293 11250  4.00  0.00  4.00  0.00  0.00   1.038   1.038  -0.031   0.126   0.847   0.847   2.808  -0.089   0.056
  294 11250  4.50  0.00  4.00  0.00  0.00   1.044   1.044  -0.030   0.151   0.801   0.801   2.870  -0.087  -0.023
  295 11250  5.00  0.00  4.00  0.00  0.00   1.035   1.035  -0.027   0.182   0.722   0.723   2.926  -0.086  -0.106
  296 11500  2.50  0.00  4.00  0.00  0.00   0.850   0.851  -0.018   0.077   0.731   0.731   2.634  -0.110   0.188
  297 11500  3.00  0.00  4.00  0.00  0.00   0.917   0.917  -0.027   0.089   0.791   0.791   2.683  -0.107   0.161
  298 11500  3.50  0.00  4.00  0.00  0.00   0.959   0.960  -0.032   0.104   0.812   0.813   2.737  -0.105   0.115
  299 11500  4.00  0.00  4.00  0.00  0.00   0.985   0.985  -0.034   0.123   0.804   0.804   2.795  -0.102   0.054
  300 11500  4.50  0.00  4.00  0.00  0.00   0.995   0.996  -0.033   0.147   0.766   0.767   2.855  -0.099  -0.019
  301 11500  5.00  0.00  4.00  0.00  0.00   0.992   0.992  -0.031   0.176   0.698   0.698   2.913  -0.098  -0.102
  302 11750  2.50  0.00  4.00  0.00  0.00   0.798   0.799  -0.020   0.076   0.685   0.686   2.627  -0.121   0.179
  303 11750  3.00  0.00  4.00  0.00  0.00   0.864   0.864  -0.030   0.088   0.744   0.745   2.675  -0.120   0.153
  304 11750  3.50  0.00  4.00  0.00  0.00   0.907   0.907  -0.034   0.103   0.767   0.768   2.727  -0.116   0.109
  305 11750  4.00  0.00  4.00  0.00  0.00   0.934   0.935  -0.036   0.121   0.762   0.763   2.783  -0.113   0.052
  306 11750  4.50  0.00  4.00  0.00  0.00   0.948   0.949  -0.036   0.144   0.731   0.732   2.842  -0.110  -0.018
  307 11750  5.00  0.00  4.00  0.00  0.00   0.950   0.950  -0.034   0.172   0.672   0.672   2.900  -0.108  -0.097
  308 12000  2.50  0.00  4.00  0.00  0.00   0.751   0.752  -0.023   0.076   0.643   0.644   2.622  -0.133   0.170
  309 12000  3.00  0.00  4.00  0.00  0.00   0.815   0.815  -0.032   0.087   0.701   0.702   2.668  -0.131   0.145
  310 12000  3.50  0.00  4.00  0.00  0.00   0.857   0.858  -0.036   0.102   0.725   0.725   2.718  -0.127   0.103
  311 12000  4.00  0.00  4.00  0.00  0.00   0.885   0.886  -0.039   0.119   0.722   0.723   2.772  -0.125   0.049
  312 12000  4.50  0.00  4.00  0.00  0.00   0.902   0.903  -0.039   0.141   0.696   0.697   2.830  -0.122  -0.018
  313 12000  5.00  0.00  4.00  0.00  0.00   0.908   0.908  -0.037   0.168   0.644   0.644   2.887  -0.119  -0.094
  314 12250  2.50  0.00  4.00  0.00  0.00   0.708   0.709  -0.025   0.075   0.605   0.606   2.617  -0.143   0.162
  315 12250  3.00  0.00  4.00  0.00  0.00   0.770   0.771  -0.034   0.087   0.663   0.663   2.661  -0.140   0.138
  316 12250  3.50  0.00  4.00  0.00  0.00   0.811   0.812  -0.039   0.100   0.685   0.686   2.710  -0.138   0.098
  317 12250  4.00  0.00  4.00  0.00  0.00   0.840   0.840  -0.041   0.117   0.684   0.685   2.762  -0.135   0.046
  318 12250  4.50  0.00  4.00  0.00  0.00   0.858   0.859  -0.041   0.139   0.662   0.662   2.818  -0.131  -0.018
  319 12250  5.00  0.00  4.00  0.00  0.00   0.867   0.867  -0.040   0.165   0.615   0.616   2.875  -0.129  -0.092
  320 12500  2.50  0.00  4.00  0.00  0.00   0.668   0.669  -0.027   0.074   0.571   0.572   2.612  -0.152   0.155
  321 12500  3.00  0.00  4.00  0.00  0.00   0.728   0.729  -0.036   0.086   0.627   0.628   2.655  -0.150   0.132
  322 12500  3.50  0.00  4.00  0.00  0.00   0.768   0.769  -0.041   0.099   0.649   0.650   2.702  -0.148   0.093
  323 12500  4.00  0.00  4.00  0.00  0.00   0.797   0.797  -0.043   0.116   0.649   0.649   2.753  -0.145   0.042
  324 12500  4.50  0.00  4.00  0.00  0.00   0.816   0.817  -0.043   0.136   0.628   0.629   2.808  -0.141  -0.020
  325 12500  5.00  0.00  4.00  0.00  0.00   0.827   0.827  -0.043   0.161   0.587   0.587   2.863  -0.140  -0.090
  326 12750  2.50  0.00  4.00  0.00  0.00   0.630   0.631  -0.029   0.074   0.538   0.539   2.607  -0.161   0.149
  327 12750  3.00  0.00  4.00  0.00  0.00   0.690   0.691  -0.038   0.085   0.594   0.595   2.650  -0.159   0.126
  328 12750  3.50  0.00  4.00  0.00  0.00   0.729   0.729  -0.043   0.098   0.616   0.616   2.695  -0.157   0.089
  329 12750  4.00  0.00  4.00  0.00  0.00   0.756   0.757  -0.045   0.114   0.615   0.616   2.745  -0.154   0.039
  330 12750  4.50  0.00  4.00  0.00  0.00   0.776   0.777  -0.046   0.134   0.597   0.597   2.798  -0.152  -0.021
  331 12750  5.00  0.00  4.00  0.00  0.00   0.788   0.789  -0.045   0.159   0.559   0.559   2.852  -0.148  -0.088
  332 13000  2.50  0.00  4.00  0.00  0.00   0.595   0.596  -0.031   0.074   0.509   0.509   2.603  -0.169   0.142
  333 13000  3.00  0.00  4.00  0.00  0.00   0.655   0.655  -0.040   0.084   0.564   0.565   2.645  -0.167   0.121
  334 13000  3.50  0.00  4.00  0.00  0.00   0.692   0.693  -0.045   0.097   0.585   0.586   2.689  -0.166   0.084
  335 13000  4.00  0.00  4.00  0.00  0.00   0.719   0.719  -0.047   0.113   0.584   0.585   2.737  -0.163   0.036
  336 13000  4.50  0.00  4.00  0.00  0.00   0.738   0.739  -0.048   0.132   0.567   0.567   2.789  -0.161  -0.022
  337 13000  5.00  0.00  4.00  0.00  0.00   0.751   0.752  -0.047   0.156   0.531   0.532   2.842  -0.157  -0.088
  338 14000  2.50  0.00  4.00  0.00  0.00   0.472   0.473  -0.039   0.072   0.405   0.406   2.589  -0.199   0.121
  339 14000  3.00  0.00  4.00  0.00  0.00   0.532   0.533  -0.048   0.082   0.462   0.463   2.628  -0.197   0.102
  340 14000  3.50  0.00  4.00  0.00  0.00   0.567   0.568  -0.053   0.094   0.482   0.483   2.668  -0.196   0.070
  341 14000  4.00  0.00  4.00  0.00  0.00   0.590   0.591  -0.055   0.108   0.480   0.481   2.711  -0.194   0.026
  342 14000  4.50  0.00  4.00  0.00  0.00   0.607   0.608  -0.055   0.126   0.463   0.464   2.758  -0.191  -0.027
  343 14000  5.00  0.00  4.00  0.00  0.00   0.620   0.621  -0.055   0.148   0.433   0.433   2.806  -0.188  -0.086
  344 15000  2.50  0.00  4.00  0.00  0.00   0.367   0.368  -0.046   0.070   0.317   0.318   2.577  -0.225   0.103
  345 15000  3.00  0.00  4.00  0.00  0.00   0.432   0.433  -0.056   0.080   0.381   0.382   2.614  -0.223   0.089
  346 15000  3.50  0.00  4.00  0.00  0.00   0.467   0.468  -0.060   0.091   0.402   0.403   2.652  -0.221   0.058
  347 15000  4.00  0.00  4.00  0.00  0.00   0.489   0.489  -0.062   0.105   0.401   0.401   2.692  -0.219   0.018
  348 15000  4.50  0.00  4.00  0.00  0.00   0.503   0.504  -0.062   0.121   0.383   0.384   2.734  -0.216  -0.030
  349 15000  5.00  0.00  4.00  0.00  0.00   0.514   0.514  -0.062   0.141   0.354   0.354   2.778  -0.215  -0.085
  350 16000  2.50  0.00  4.00  0.00  0.00   0.273   0.274  -0.052   0.068   0.238   0.239   2.566  -0.248   0.086
  351 16000  3.00  0.00  4.00  0.00  0.00   0.346   0.347  -0.062   0.078   0.312   0.313   2.602  -0.245   0.077
  352 16000  3.50  0.00  4.00  0.00  0.00   0.383   0.384  -0.067   0.089   0.337   0.338   2.639  -0.243   0.049
  353 16000  4.00  0.00  4.00  0.00  0.00   0.405   0.406  -0.069   0.102   0.337   0.338   2.676  -0.241   0.012
  354 16000  4.50  0.00  4.00  0.00  0.00   0.418   0.419  -0.069   0.117   0.320   0.321   2.715  -0.239  -0.033
  355 16000  5.00  0.00  4.00  0.00  0.00   0.427   0.428  -0.069   0.136   0.292   0.292   2.756  -0.237  -0.084
  356 17000  2.50  0.00  4.00  0.00  0.00   0.185   0.186  -0.055   0.066   0.161   0.162   2.555  -0.267   0.071
  357 17000  3.00  0.00  4.00  0.00  0.00   0.268   0.269  -0.068   0.076   0.250   0.251   2.592  -0.265   0.066
  358 17000  3.50  0.00  4.00  0.00  0.00   0.309   0.310  -0.073   0.086   0.280   0.281   2.627  -0.263   0.041
  359 17000  4.00  0.00  4.00  0.00  0.00   0.332   0.333  -0.075   0.099   0.283   0.284   2.663  -0.260   0.007
  360 17000  4.50  0.00  4.00  0.00  0.00   0.346   0.347  -0.075   0.113   0.268   0.269   2.700  -0.258  -0.036
  361 17000  5.00  0.00  4.00  0.00  0.00   0.354   0.355  -0.075   0.131   0.241   0.242   2.738  -0.256  -0.083
  362 18000  2.50  0.00  4.00  0.00  0.00   0.100   0.101  -0.057   0.063   0.085   0.086   2.545  -0.284   0.054
  363 18000  3.00  0.00  4.00  0.00  0.00   0.196   0.197  -0.073   0.074   0.192   0.193   2.582  -0.283   0.056
  364 18000  3.50  0.00  4.00  0.00  0.00   0.242   0.243  -0.078   0.084   0.229   0.230   2.616  -0.279   0.035
  365 18000  4.00  0.00  4.00  0.00  0.00   0.268   0.269  -0.080   0.095   0.235   0.236   2.651  -0.277   0.002
  366 18000  4.50  0.00  4.00  0.00  0.00   0.282   0.283  -0.081   0.109   0.224   0.225   2.686  -0.275  -0.037
  367 18000  5.00  0.00  4.00  0.00  0.00   0.291   0.292  -0.081   0.126   0.198   0.199   2.723  -0.274  -0.083
  368 19000  3.00  0.00  4.00  0.00  0.00   0.128   0.130  -0.076   0.072   0.135   0.136   2.573  -0.298   0.045
  369 19000  3.50  0.00  4.00  0.00  0.00   0.181   0.182  -0.083   0.082   0.181   0.183   2.607  -0.295   0.028
  370 19000  4.00  0.00  4.00  0.00  0.00   0.209   0.210  -0.085   0.093   0.192   0.194   2.640  -0.292  -0.001
  371 19000  4.50  0.00  4.00  0.00  0.00   0.225   0.226  -0.086   0.106   0.184   0.185   2.674  -0.290  -0.038
  372 19000  5.00  0.00  4.00  0.00  0.00   0.235   0.236  -0.086   0.122   0.161   0.162   2.709  -0.289  -0.081
  373 20000  3.00  0.00  4.00  0.00  0.00   0.064   0.065  -0.078   0.069   0.080   0.081   2.565  -0.311   0.034
  374 20000  3.50  0.00  4.00  0.00  0.00   0.123   0.124  -0.087   0.079   0.136   0.137   2.598  -0.310   0.021
  375 20000  4.00  0.00  4.00  0.00  0.00   0.155   0.156  -0.090   0.090   0.153   0.154   2.630  -0.307  -0.005
  376 20000  4.50  0.00  4.00  0.00  0.00   0.173   0.174  -0.091   0.102   0.147   0.149   2.663  -0.305  -0.039
  377 20000  5.00  0.00  4.00  0.00  0.00   0.183   0.184  -0.091   0.118   0.128   0.129   2.697  -0.303  -0.080
  378 21000  3.00  0.00  4.00  0.00  0.00   0.003   0.005  -0.080   0.066   0.028   0.029   2.556  -0.325   0.025
  379 21000  3.50  0.00  4.00  0.00  0.00   0.068   0.069  -0.090   0.077   0.092   0.093   2.590  -0.323   0.014
  380 21000  4.00  0.00  4.00  0.00  0.00   0.104   0.105  -0.094   0.087   0.115   0.116   2.622  -0.320  -0.010
  381 21000  4.50  0.00  4.00  0.00  0.00   0.124   0.125  -0.095   0.099   0.114   0.115   2.654  -0.318  -0.042
  382 21000  5.00  0.00  4.00  0.00  0.00   0.136   0.137  -0.095   0.114   0.097   0.098   2.687  -0.315  -0.081
  383 22000  3.00  0.00  4.00  0.00  0.00  -0.050  -0.049  -0.081   0.063  -0.016  -0.015   2.548  -0.335   0.017
  384 22000  3.50  0.00  4.00  0.00  0.00   0.017   0.018  -0.092   0.074   0.050   0.051   2.582  -0.334   0.007
  385 22000  4.00  0.00  4.00  0.00  0.00   0.056   0.057  -0.097   0.085   0.078   0.079   2.613  -0.332  -0.014
  386 22000  4.50  0.00  4.00  0.00  0.00   0.079   0.080  -0.099   0.096   0.082   0.083   2.645  -0.330  -0.044
  387 22000  5.00  0.00  4.00  0.00  0.00   0.092   0.094  -0.099   0.110   0.069   0.070   2.677  -0.327  -0.081
  388 23000  3.00  0.00  4.00  0.00  0.00  -0.095  -0.094  -0.083   0.060  -0.050  -0.049   2.541  -0.345   0.013
  389 23000  3.50  0.00  4.00  0.00  0.00  -0.030  -0.029  -0.094   0.072   0.012   0.014   2.574  -0.344   0.002
  390 23000  4.00  0.00  4.00  0.00  0.00   0.011   0.012  -0.099   0.082   0.043   0.044   2.605  -0.342  -0.018
  391 23000  4.50  0.00  4.00  0.00  0.00   0.036   0.037  -0.102   0.093   0.051   0.052   2.637  -0.341  -0.047
  392 23000  5.00  0.00  4.00  0.00  0.00   0.051   0.052  -0.103   0.107   0.042   0.043   2.668  -0.339  -0.081
  393 24000  3.00  0.00  4.00  0.00  0.00  -0.134  -0.133  -0.086   0.057  -0.078  -0.077   2.536  -0.355   0.008
  394 24000  3.50  0.00  4.00  0.00  0.00  -0.070  -0.069  -0.096   0.069  -0.018  -0.017   2.567  -0.354  -0.001
  395 24000  4.00  0.00  4.00  0.00  0.00  -0.031  -0.030  -0.101   0.079   0.011   0.012   2.597  -0.352  -0.021
  396 24000  4.50  0.00  4.00  0.00  0.00  -0.005  -0.003  -0.104   0.090   0.022   0.023   2.629  -0.350  -0.049
  397 24000  5.00  0.00  4.00  0.00  0.00   0.012   0.014  -0.106   0.103   0.016   0.017   2.660  -0.349  -0.082
  398 25000  3.00  0.00  4.00  0.00  0.00  -0.172  -0.171  -0.088   0.054  -0.107  -0.106   2.530  -0.364   0.004
  399 25000  3.50  0.00  4.00  0.00  0.00  -0.105  -0.104  -0.099   0.066  -0.042  -0.040   2.562  -0.363  -0.004
  400 25000  4.00  0.00  4.00  0.00  0.00  -0.068  -0.067  -0.104   0.076  -0.016  -0.014   2.590  -0.361  -0.023
  401 25000  4.50  0.00  4.00  0.00  0.00  -0.042  -0.041  -0.107   0.087  -0.006  -0.004   2.621  -0.360  -0.050
  402 25000  5.00  0.00  4.00  0.00  0.00  -0.024  -0.023  -0.108   0.100  -0.009  -0.008   2.652  -0.357  -0.082
  403 26000  3.50  0.00  4.00  0.00  0.00  -0.136  -0.135  -0.102   0.064  -0.061  -0.060   2.557  -0.371  -0.006
  404 26000  4.00  0.00  4.00  0.00  0.00  -0.100  -0.099  -0.106   0.074  -0.037  -0.036   2.585  -0.369  -0.025
  405 26000  4.50  0.00  4.00  0.00  0.00  -0.076  -0.075  -0.109   0.084  -0.029  -0.028   2.614  -0.368  -0.051
  406 26000  5.00  0.00  4.00  0.00  0.00  -0.059  -0.057  -0.111   0.097  -0.032  -0.031   2.644  -0.366  -0.082
  407 27000  3.50  0.00  4.00  0.00  0.00  -0.167  -0.165  -0.105   0.061  -0.080  -0.079   2.553  -0.380  -0.008
  408 27000  4.00  0.00  4.00  0.00  0.00  -0.129  -0.128  -0.109   0.071  -0.055  -0.054   2.580  -0.377  -0.026
  409 27000  4.50  0.00  4.00  0.00  0.00  -0.106  -0.105  -0.112   0.082  -0.049  -0.047   2.607  -0.376  -0.051
  410 27000  5.00  0.00  4.00  0.00  0.00  -0.090  -0.089  -0.113   0.093  -0.053  -0.051   2.637  -0.374  -0.082
  411 28000  3.50  0.00  4.00  0.00  0.00  -0.197  -0.195  -0.107   0.058  -0.100  -0.099   2.547  -0.387  -0.009
  412 28000  4.00  0.00  4.00  0.00  0.00  -0.156  -0.155  -0.113   0.069  -0.071  -0.069   2.576  -0.386  -0.027
  413 28000  4.50  0.00  4.00  0.00  0.00  -0.134  -0.133  -0.114   0.079  -0.065  -0.064   2.602  -0.383  -0.051
  414 28000  5.00  0.00  4.00  0.00  0.00  -0.119  -0.118  -0.116   0.090  -0.070  -0.069   2.630  -0.383  -0.081
  415 29000  3.50  0.00  4.00  0.00  0.00  -0.225  -0.224  -0.108   0.054  -0.121  -0.119   2.541  -0.394  -0.010
  416 29000  4.00  0.00  4.00  0.00  0.00  -0.183  -0.182  -0.115   0.066  -0.086  -0.085   2.571  -0.393  -0.028
  417 29000  4.50  0.00  4.00  0.00  0.00  -0.160  -0.158  -0.118   0.077  -0.080  -0.078   2.598  -0.392  -0.052
  418 29000  5.00  0.00  4.00  0.00  0.00  -0.146  -0.144  -0.118   0.088  -0.086  -0.084   2.625  -0.389  -0.081
  419 30000  3.50  0.00  4.00  0.00  0.00  -0.251  -0.250  -0.108   0.052  -0.141  -0.139   2.534  -0.398  -0.010
  420 30000  4.00  0.00  4.00  0.00  0.00  -0.209  -0.208  -0.117   0.063  -0.102  -0.100   2.566  -0.399  -0.028
  421 30000  4.50  0.00  4.00  0.00  0.00  -0.185  -0.183  -0.120   0.074  -0.093  -0.092   2.593  -0.398  -0.052
  422 30000  5.00  0.00  4.00  0.00  0.00  -0.170  -0.169  -0.121   0.085  -0.099  -0.098   2.619  -0.396  -0.080
  423 31000  4.00  0.00  4.00  0.00  0.00  -0.233  -0.232  -0.119   0.060  -0.117  -0.115   2.560  -0.406  -0.027
  424 31000  4.50  0.00  4.00  0.00  0.00  -0.209  -0.207  -0.123   0.071  -0.106  -0.105   2.588  -0.405  -0.051
  425 31000  5.00  0.00  4.00  0.00  0.00  -0.194  -0.192  -0.124   0.082  -0.111  -0.110   2.614  -0.404  -0.079
  426 32000  4.00  0.00  4.00  0.00  0.00  -0.255  -0.254  -0.120   0.057  -0.131  -0.130   2.554  -0.411  -0.026
  427 32000  4.50  0.00  4.00  0.00  0.00  -0.231  -0.230  -0.124   0.067  -0.119  -0.118   2.582  -0.411  -0.050
  428 32000  5.00  0.00  4.00  0.00  0.00  -0.216  -0.215  -0.126   0.078  -0.123  -0.121   2.608  -0.410  -0.077
  429 33000  4.00  0.00  4.00  0.00  0.00  -0.274  -0.272  -0.120   0.054  -0.144  -0.142   2.548  -0.414  -0.024
  430 33000  4.50  0.00  4.00  0.00  0.00  -0.252  -0.251  -0.126   0.064  -0.131  -0.129   2.575  -0.416  -0.046
  431 33000  5.00  0.00  4.00  0.00  0.00  -0.237  -0.236  -0.128   0.075  -0.133  -0.132   2.601  -0.416  -0.073
  432 34000  4.00  0.00  4.00  0.00  0.00  -0.289  -0.288  -0.121   0.052  -0.154  -0.153   2.542  -0.418  -0.022
  433 34000  4.50  0.00  4.00  0.00  0.00  -0.270  -0.269  -0.126   0.061  -0.141  -0.140   2.569  -0.419  -0.044
  434 34000  5.00  0.00  4.00  0.00  0.00  -0.256  -0.255  -0.129   0.072  -0.143  -0.142   2.595  -0.420  -0.071
  435 35000  4.00  0.00  4.00  0.00  0.00  -0.301  -0.300  -0.121   0.051  -0.162  -0.161   2.536  -0.420  -0.019
  436 35000  4.50  0.00  4.00  0.00  0.00  -0.286  -0.284  -0.127   0.058  -0.151  -0.149   2.563  -0.423  -0.041
  437 35000  5.00  0.00  4.00  0.00  0.00  -0.273  -0.272  -0.130   0.068  -0.152  -0.150   2.588  -0.424  -0.066
  438 36000  4.00  0.00  4.00  0.00  0.00  -0.311  -0.309  -0.122   0.050  -0.168  -0.167   2.532  -0.423  -0.017
  439 36000  4.50  0.00  4.00  0.00  0.00  -0.299  -0.297  -0.128   0.056  -0.158  -0.157   2.556  -0.427  -0.037
  440 36000  5.00  0.00  4.00  0.00  0.00  -0.288  -0.287  -0.131   0.065  -0.159  -0.158   2.581  -0.428  -0.062
  441 37000  4.00  0.00  4.00  0.00  0.00  -0.318  -0.317  -0.124   0.050  -0.173  -0.172   2.528  -0.426  -0.015
  442 37000  4.50  0.00  4.00  0.00  0.00  -0.309  -0.308  -0.128   0.055  -0.164  -0.163   2.551  -0.428  -0.034
  443 37000  5.00  0.00  4.00  0.00  0.00  -0.301  -0.299  -0.131   0.063  -0.166  -0.164   2.574  -0.430  -0.057
  444 38000  4.50  0.00  4.00  0.00  0.00  -0.318  -0.316  -0.129   0.054  -0.168  -0.167   2.546  -0.431  -0.030
  445 38000  5.00  0.00  4.00  0.00  0.00  -0.311  -0.310  -0.132   0.060  -0.170  -0.169   2.568  -0.433  -0.053
  446 39000  4.50  0.00  4.00  0.00  0.00  -0.325  -0.323  -0.131   0.053  -0.172  -0.170   2.543  -0.434  -0.028
  447 39000  5.00  0.00  4.00  0.00  0.00  -0.320  -0.319  -0.133   0.059  -0.174  -0.173   2.562  -0.436  -0.048
  448 40000  4.50  0.00  4.00  0.00  0.00  -0.331  -0.329  -0.132   0.053  -0.175  -0.173   2.540  -0.436  -0.026
  449 40000  5.00  0.00  4.00  0.00  0.00  -0.327  -0.326  -0.134   0.058  -0.177  -0.176   2.558  -0.438  -0.045
  450 41000  4.50  0.00  4.00  0.00  0.00  -0.336  -0.335  -0.133   0.053  -0.177  -0.176   2.538  -0.438  -0.025
  451 41000  5.00  0.00  4.00  0.00  0.00  -0.333  -0.332  -0.135   0.057  -0.180  -0.178   2.554  -0.440  -0.042
  452 42000  4.50  0.00  4.00  0.00  0.00  -0.341  -0.340  -0.135   0.053  -0.180  -0.178   2.536  -0.441  -0.024
  453 42000  5.00  0.00  4.00  0.00  0.00  -0.339  -0.337  -0.136   0.057  -0.182  -0.180   2.551  -0.442  -0.039
  454 43000  4.50  0.00  4.00  0.00  0.00  -0.346  -0.344  -0.136   0.053  -0.182  -0.181   2.534  -0.443  -0.023
  455 43000  5.00  0.00  4.00  0.00  0.00  -0.344  -0.342  -0.137   0.056  -0.184  -0.182   2.549  -0.444  -0.038
  456 44000  4.50  0.00  4.00  0.00  0.00  -0.350  -0.348  -0.137   0.054  -0.185  -0.183   2.532  -0.445  -0.021
  457 44000  5.00  0.00  4.00  0.00  0.00  -0.348  -0.347  -0.139   0.056  -0.186  -0.184   2.547  -0.447  -0.037
  458 45000  4.50  0.00  4.00  0.00  0.00  -0.353  -0.352  -0.138   0.054  -0.187  -0.186   2.530  -0.447  -0.020
  459 45000  5.00  0.00  4.00  0.00  0.00  -0.352  -0.351  -0.140   0.056  -0.187  -0.186   2.545  -0.449  -0.035
  460 46000  4.50  0.00  4.00  0.00  0.00  -0.357  -0.355  -0.139   0.054  -0.189  -0.188   2.529  -0.448  -0.020
  461 46000  5.00  0.00  4.00  0.00  0.00  -0.356  -0.355  -0.141   0.056  -0.189  -0.188   2.543  -0.450  -0.034
  462 47000  5.00  0.00  4.00  0.00  0.00  -0.360  -0.358  -0.142   0.056  -0.191  -0.189   2.542  -0.452  -0.033
  463 48000  5.00  0.00  4.00  0.00  0.00  -0.363  -0.361  -0.143   0.056  -0.192  -0.191   2.540  -0.454  -0.032
  464 49000  5.00  0.00  4.00  0.00  0.00  -0.366  -0.364  -0.144   0.057  -0.194  -0.193   2.538  -0.455  -0.030
  465 50000  5.00  0.00  4.00  0.00  0.00  -0.369  -0.367  -0.144   0.057  -0.196  -0.194   2.537  -0.455  -0.030