
       Teff log g  [M]  Vturb  l/H  E(B-V)   u       u0      v       b       y       u-b    u0-b     b-y      m1      c1     c10
    1  3500  0.00  0.00  0.00  0.00  0.00  -8.477  -8.462 -11.090 -12.538 -13.151   4.863   4.855   1.114   0.763   1.107   1.100
    2  3500  0.50  0.00  0.00  0.00  0.00  -8.806  -8.791 -11.344 -12.594 -13.149   4.590   4.582   1.056   0.623   1.230   1.222
    3  3500  1.00  0.00  0.00  0.00  0.00  -9.122  -9.108 -11.561 -12.619 -13.132   4.299   4.292   1.012   0.475   1.323   1.315
    4  3500  1.50  0.00  0.00  0.00  0.00  -9.411  -9.396 -11.741 -12.624 -13.103   4.015   4.008   0.980   0.332   1.390   1.383
    5  3500  2.00  0.00  0.00  0.00  0.00  -9.657  -9.642 -11.884 -12.614 -13.068   3.759   3.751   0.955   0.204   1.439   1.432
    6  3500  2.50  0.00  0.00  0.00  0.00  -9.846  -9.832 -11.985 -12.595 -13.033   3.551   3.544   0.938   0.102   1.469   1.462
    7  3500  3.00  0.00  0.00  0.00  0.00  -9.999  -9.983 -12.044 -12.606 -13.045   3.410   3.403   0.939   0.053   1.425   1.419
    8  3500  3.50  0.00  0.00  0.00  0.00 -10.223 -10.208 -12.121 -12.743 -13.213   3.322   3.316   0.969   0.083   1.216   1.210
    9  3500  4.00  0.00  0.00  0.00  0.00 -10.415 -10.399 -12.194 -12.874 -13.361   3.261   3.255   0.987   0.123   1.040   1.034
   10  3500  4.50  0.00  0.00  0.00  0.00 -10.482 -10.465 -12.196 -12.922 -13.420   3.243   3.238   0.998   0.158   0.929   0.924
   11  3500  5.00  0.00  0.00  0.00  0.00 -10.455 -10.437 -12.152 -12.929 -13.435   3.276   3.272   1.006   0.199   0.862   0.858
   12  3750  0.00  0.00  0.00  0.00  0.00  -9.408  -9.393 -11.927 -13.471 -13.986   4.864   4.858   1.016   0.957   0.918   0.911
   13  3750  0.50  0.00  0.00  0.00  0.00  -9.722  -9.707 -12.134 -13.538 -14.003   4.618   4.611   0.965   0.868   0.950   0.943
   14  3750  1.00  0.00  0.00  0.00  0.00 -10.009  -9.994 -12.311 -13.580 -14.007   4.372   4.366   0.927   0.771   0.974   0.968
   15  3750  1.50  0.00  0.00  0.00  0.00 -10.262 -10.246 -12.458 -13.603 -14.001   4.143   4.137   0.898   0.676   0.993   0.987
   16  3750  2.00  0.00  0.00  0.00  0.00 -10.474 -10.458 -12.576 -13.613 -13.988   3.941   3.935   0.876   0.590   1.008   1.001
   17  3750  2.50  0.00  0.00  0.00  0.00 -10.643 -10.627 -12.666 -13.612 -13.970   3.771   3.764   0.858   0.516   1.019   1.013
   18  3750  3.00  0.00  0.00  0.00  0.00 -10.768 -10.752 -12.726 -13.601 -13.948   3.635   3.630   0.847   0.458   1.024   1.018
   19  3750  3.50  0.00  0.00  0.00  0.00 -10.874 -10.858 -12.754 -13.593 -13.946   3.520   3.515   0.854   0.414   0.982   0.976
   20  3750  4.00  0.00  0.00  0.00  0.00 -11.047 -11.030 -12.795 -13.620 -14.010   3.375   3.370   0.890   0.364   0.865   0.860
   21  3750  4.50  0.00  0.00  0.00  0.00 -11.219 -11.202 -12.856 -13.667 -14.079   3.250   3.245   0.912   0.328   0.768   0.762
   22  3750  5.00  0.00  0.00  0.00  0.00 -11.312 -11.294 -12.885 -13.688 -14.110   3.178   3.174   0.922   0.309   0.713   0.709
   23  4000  0.00  0.00  0.00  0.00  0.00 -10.601 -10.583 -12.802 -14.190 -14.616   4.390   4.387   0.927   0.890   0.756   0.752
   24  4000  0.50  0.00  0.00  0.00  0.00 -10.890 -10.872 -12.971 -14.257 -14.634   4.169   4.165   0.877   0.838   0.738   0.734
   25  4000  1.00  0.00  0.00  0.00  0.00 -11.133 -11.114 -13.109 -14.302 -14.642   3.971   3.967   0.840   0.781   0.726   0.722
   26  4000  1.50  0.00  0.00  0.00  0.00 -11.325 -11.307 -13.217 -14.329 -14.643   3.806   3.802   0.814   0.727   0.722   0.718
   27  4000  2.00  0.00  0.00  0.00  0.00 -11.472 -11.454 -13.301 -14.343 -14.639   3.674   3.670   0.795   0.676   0.729   0.724
   28  4000  2.50  0.00  0.00  0.00  0.00 -11.577 -11.559 -13.361 -14.348 -14.629   3.574   3.569   0.781   0.635   0.740   0.736
   29  4000  3.00  0.00  0.00  0.00  0.00 -11.644 -11.626 -13.399 -14.345 -14.616   3.503   3.499   0.771   0.604   0.751   0.747
   30  4000  3.50  0.00  0.00  0.00  0.00 -11.680 -11.662 -13.413 -14.333 -14.598   3.455   3.451   0.766   0.583   0.756   0.752
   31  4000  4.00  0.00  0.00  0.00  0.00 -11.723 -11.705 -13.412 -14.313 -14.591   3.392   3.387   0.778   0.551   0.731   0.727
   32  4000  4.50  0.00  0.00  0.00  0.00 -11.845 -11.827 -13.434 -14.301 -14.613   3.258   3.253   0.813   0.483   0.665   0.661
   33  4000  5.00  0.00  0.00  0.00  0.00 -11.993 -11.975 -13.489 -14.311 -14.648   3.120   3.116   0.836   0.415   0.615   0.611
   34  4250  0.00  0.00  0.00  0.00  0.00 -11.787 -11.767 -13.606 -14.779 -15.136   3.795   3.793   0.857   0.744   0.589   0.587
   35  4250  0.50  0.00  0.00  0.00  0.00 -12.038 -12.018 -13.746 -14.843 -15.150   3.607   3.606   0.807   0.720   0.551   0.550
   36  4250  1.00  0.00  0.00  0.00  0.00 -12.251 -12.231 -13.859 -14.888 -15.157   3.438   3.437   0.769   0.689   0.521   0.519
   37  4250  1.50  0.00  0.00  0.00  0.00 -12.420 -12.399 -13.950 -14.918 -15.159   3.300   3.299   0.741   0.656   0.505   0.504
   38  4250  2.00  0.00  0.00  0.00  0.00 -12.539 -12.518 -14.019 -14.938 -15.157   3.201   3.199   0.719   0.628   0.503   0.502
   39  4250  2.50  0.00  0.00  0.00  0.00 -12.610 -12.589 -14.065 -14.949 -15.153   3.141   3.140   0.704   0.609   0.514   0.512
   40  4250  3.00  0.00  0.00  0.00  0.00 -12.636 -12.616 -14.089 -14.952 -15.145   3.118   3.116   0.693   0.599   0.532   0.531
   41  4250  3.50  0.00  0.00  0.00  0.00 -12.625 -12.604 -14.092 -14.947 -15.134   3.125   3.123   0.687   0.598   0.553   0.552
   42  4250  4.00  0.00  0.00  0.00  0.00 -12.585 -12.565 -14.073 -14.936 -15.120   3.153   3.151   0.685   0.606   0.569   0.567
   43  4250  4.50  0.00  0.00  0.00  0.00 -12.563 -12.544 -14.050 -14.912 -15.109   3.150   3.148   0.697   0.594   0.567   0.564
   44  4250  5.00  0.00  0.00  0.00  0.00 -12.633 -12.614 -14.060 -14.886 -15.114   3.055   3.052   0.728   0.527   0.542   0.540
   45  4500  0.00  0.00  0.00  0.00  0.00 -12.801 -12.781 -14.337 -15.291 -15.581   3.293   3.290   0.789   0.594   0.524   0.522
   46  4500  0.50  0.00  0.00  0.00  0.00 -13.006 -12.985 -14.444 -15.345 -15.590   3.141   3.140   0.745   0.585   0.480   0.478
   47  4500  1.00  0.00  0.00  0.00  0.00 -13.183 -13.162 -14.531 -15.384 -15.593   3.003   3.002   0.710   0.572   0.437   0.436
   48  4500  1.50  0.00  0.00  0.00  0.00 -13.328 -13.306 -14.601 -15.412 -15.594   2.887   2.886   0.682   0.558   0.405   0.404
   49  4500  2.00  0.00  0.00  0.00  0.00 -13.437 -13.416 -14.657 -15.433 -15.592   2.797   2.797   0.660   0.544   0.387   0.387
   50  4500  2.50  0.00  0.00  0.00  0.00 -13.511 -13.489 -14.700 -15.447 -15.589   2.738   2.738   0.642   0.535   0.383   0.383
   51  4500  3.00  0.00  0.00  0.00  0.00 -13.544 -13.522 -14.725 -15.457 -15.584   2.714   2.714   0.628   0.533   0.391   0.391
   52  4500  3.50  0.00  0.00  0.00  0.00 -13.536 -13.514 -14.731 -15.461 -15.579   2.727   2.727   0.617   0.541   0.407   0.407
   53  4500  4.00  0.00  0.00  0.00  0.00 -13.491 -13.469 -14.717 -15.460 -15.571   2.770   2.770   0.611   0.560   0.426   0.426
   54  4500  4.50  0.00  0.00  0.00  0.00 -13.421 -13.399 -14.687 -15.451 -15.561   2.832   2.832   0.609   0.584   0.444   0.444
   55  4500  5.00  0.00  0.00  0.00  0.00 -13.362 -13.340 -14.654 -15.432 -15.551   2.872   2.871   0.619   0.587   0.457   0.456
   56  4750  0.00  0.00  0.00  0.00  0.00 -13.625 -13.606 -15.001 -15.757 -15.967   2.934   2.931   0.709   0.476   0.562   0.559
   57  4750  0.50  0.00  0.00  0.00  0.00 -13.805 -13.785 -15.082 -15.795 -15.971   2.792   2.790   0.676   0.466   0.507   0.504
   58  4750  1.00  0.00  0.00  0.00  0.00 -13.957 -13.936 -15.145 -15.823 -15.972   2.668   2.667   0.648   0.459   0.451   0.450
   59  4750  1.50  0.00  0.00  0.00  0.00 -14.080 -14.059 -15.193 -15.844 -15.970   2.566   2.565   0.626   0.454   0.403   0.402
   60  4750  2.00  0.00  0.00  0.00  0.00 -14.176 -14.154 -15.230 -15.860 -15.968   2.487   2.486   0.607   0.452   0.367   0.366
   61  4750  2.50  0.00  0.00  0.00  0.00 -14.245 -14.223 -15.260 -15.873 -15.964   2.431   2.431   0.591   0.452   0.343   0.343
   62  4750  3.00  0.00  0.00  0.00  0.00 -14.285 -14.263 -15.280 -15.884 -15.961   2.402   2.402   0.576   0.457   0.333   0.333
   63  4750  3.50  0.00  0.00  0.00  0.00 -14.293 -14.271 -15.289 -15.893 -15.957   2.402   2.402   0.564   0.468   0.335   0.335
   64  4750  4.00  0.00  0.00  0.00  0.00 -14.268 -14.245 -15.285 -15.898 -15.953   2.432   2.433   0.555   0.488   0.345   0.346
   65  4750  4.50  0.00  0.00  0.00  0.00 -14.212 -14.190 -15.265 -15.900 -15.948   2.489   2.490   0.548   0.516   0.359   0.359
   66  4750  5.00  0.00  0.00  0.00  0.00 -14.138 -14.116 -15.233 -15.897 -15.941   2.560   2.561   0.545   0.548   0.373   0.374
   67  5000  0.00  0.00  0.00  0.00  0.00 -14.287 -14.268 -15.600 -16.186 -16.308   2.701   2.698   0.622   0.393   0.670   0.666
   68  5000  0.50  0.00  0.00  0.00  0.00 -14.454 -14.434 -15.658 -16.209 -16.307   2.557   2.555   0.598   0.382   0.595   0.592
   69  5000  1.00  0.00  0.00  0.00  0.00 -14.596 -14.576 -15.701 -16.224 -16.305   2.430   2.428   0.580   0.372   0.524   0.522
   70  5000  1.50  0.00  0.00  0.00  0.00 -14.712 -14.691 -15.732 -16.235 -16.301   2.325   2.324   0.566   0.366   0.460   0.458
   71  5000  2.00  0.00  0.00  0.00  0.00 -14.801 -14.780 -15.754 -16.243 -16.297   2.244   2.243   0.553   0.365   0.405   0.404
   72  5000  2.50  0.00  0.00  0.00  0.00 -14.867 -14.846 -15.769 -16.251 -16.293   2.186   2.185   0.542   0.369   0.361   0.361
   73  5000  3.00  0.00  0.00  0.00  0.00 -14.909 -14.887 -15.778 -16.258 -16.289   2.152   2.151   0.531   0.379   0.330   0.330
   74  5000  3.50  0.00  0.00  0.00  0.00 -14.926 -14.904 -15.781 -16.266 -16.286   2.142   2.142   0.520   0.394   0.312   0.312
   75  5000  4.00  0.00  0.00  0.00  0.00 -14.916 -14.894 -15.777 -16.274 -16.284   2.160   2.160   0.510   0.415   0.306   0.307
   76  5000  4.50  0.00  0.00  0.00  0.00 -14.879 -14.856 -15.763 -16.280 -16.282   2.203   2.204   0.502   0.444   0.309   0.310
   77  5000  5.00  0.00  0.00  0.00  0.00 -14.821 -14.798 -15.741 -16.284 -16.279   2.265   2.266   0.495   0.478   0.318   0.319
   78  5250  0.00  0.00  0.00  0.00  0.00 -14.834 -14.815 -16.139 -16.577 -16.614   2.545   2.541   0.538   0.329   0.809   0.805
   79  5250  0.50  0.00  0.00  0.00  0.00 -14.987 -14.968 -16.173 -16.586 -16.609   2.402   2.399   0.523   0.320   0.715   0.712
   80  5250  1.00  0.00  0.00  0.00  0.00 -15.123 -15.104 -16.199 -16.592 -16.603   2.270   2.268   0.511   0.310   0.625   0.623
   81  5250  1.50  0.00  0.00  0.00  0.00 -15.238 -15.217 -16.216 -16.594 -16.597   2.158   2.156   0.503   0.303   0.544   0.542
   82  5250  2.00  0.00  0.00  0.00  0.00 -15.330 -15.309 -16.227 -16.594 -16.590   2.066   2.064   0.496   0.300   0.472   0.470
   83  5250  2.50  0.00  0.00  0.00  0.00 -15.400 -15.379 -16.231 -16.594 -16.585   1.996   1.995   0.491   0.301   0.410   0.409
   84  5250  3.00  0.00  0.00  0.00  0.00 -15.448 -15.427 -16.231 -16.596 -16.580   1.950   1.949   0.484   0.310   0.360   0.359
   85  5250  3.50  0.00  0.00  0.00  0.00 -15.474 -15.452 -16.226 -16.600 -16.577   1.928   1.927   0.478   0.325   0.321   0.320
   86  5250  4.00  0.00  0.00  0.00  0.00 -15.475 -15.453 -16.217 -16.605 -16.576   1.932   1.932   0.471   0.346   0.296   0.295
   87  5250  4.50  0.00  0.00  0.00  0.00 -15.453 -15.431 -16.203 -16.612 -16.575   1.961   1.961   0.463   0.375   0.283   0.283
   88  5250  5.00  0.00  0.00  0.00  0.00 -15.410 -15.387 -16.183 -16.619 -16.575   2.011   2.012   0.456   0.409   0.280   0.280
   89  5500  0.00  0.00  0.00  0.00  0.00 -15.290 -15.271 -16.621 -16.932 -16.892   2.444   2.441   0.460   0.280   0.963   0.960
   90  5500  0.50  0.00  0.00  0.00  0.00 -15.429 -15.410 -16.635 -16.930 -16.882   2.303   2.301   0.452   0.272   0.853   0.850
   91  5500  1.00  0.00  0.00  0.00  0.00 -15.559 -15.540 -16.644 -16.926 -16.873   2.169   2.167   0.447   0.264   0.745   0.743
   92  5500  1.50  0.00  0.00  0.00  0.00 -15.674 -15.654 -16.649 -16.921 -16.865   2.049   2.046   0.444   0.257   0.645   0.643
   93  5500  2.00  0.00  0.00  0.00  0.00 -15.772 -15.752 -16.649 -16.915 -16.856   1.945   1.943   0.441   0.253   0.554   0.553
   94  5500  2.50  0.00  0.00  0.00  0.00 -15.850 -15.829 -16.646 -16.909 -16.849   1.861   1.859   0.440   0.252   0.475   0.473
   95  5500  3.00  0.00  0.00  0.00  0.00 -15.908 -15.888 -16.639 -16.905 -16.843   1.798   1.797   0.438   0.257   0.406   0.405
   96  5500  3.50  0.00  0.00  0.00  0.00 -15.947 -15.926 -16.629 -16.903 -16.838   1.758   1.757   0.435   0.268   0.349   0.349
   97  5500  4.00  0.00  0.00  0.00  0.00 -15.962 -15.941 -16.615 -16.904 -16.836   1.744   1.744   0.432   0.287   0.305   0.305
   98  5500  4.50  0.00  0.00  0.00  0.00 -15.955 -15.933 -16.598 -16.908 -16.836   1.755   1.755   0.428   0.312   0.274   0.274
   99  5500  5.00  0.00  0.00  0.00  0.00 -15.926 -15.904 -16.577 -16.915 -16.837   1.791   1.791   0.422   0.345   0.255   0.256
  100  5750  0.00  0.00  0.00  0.00  0.00 -15.670 -15.651 -17.056 -17.257 -17.144   2.389   2.387   0.387   0.243   1.126   1.124
  101  5750  0.50  0.00  0.00  0.00  0.00 -15.794 -15.774 -17.051 -17.245 -17.132   2.253   2.251   0.387   0.236   1.004   1.002
  102  5750  1.00  0.00  0.00  0.00  0.00 -15.919 -15.899 -17.046 -17.233 -17.121   2.116   2.114   0.387   0.229   0.881   0.879
  103  5750  1.50  0.00  0.00  0.00  0.00 -16.036 -16.016 -17.039 -17.221 -17.110   1.988   1.986   0.388   0.223   0.763   0.761
  104  5750  2.00  0.00  0.00  0.00  0.00 -16.139 -16.118 -17.030 -17.209 -17.099   1.873   1.871   0.390   0.218   0.653   0.652
  105  5750  2.50  0.00  0.00  0.00  0.00 -16.226 -16.205 -17.018 -17.198 -17.090   1.774   1.773   0.392   0.217   0.554   0.553
  106  5750  3.00  0.00  0.00  0.00  0.00 -16.296 -16.276 -17.004 -17.188 -17.082   1.694   1.693   0.393   0.220   0.466   0.465
  107  5750  3.50  0.00  0.00  0.00  0.00 -16.348 -16.327 -16.989 -17.181 -17.075   1.635   1.634   0.394   0.227   0.391   0.390
  108  5750  4.00  0.00  0.00  0.00  0.00 -16.380 -16.359 -16.972 -17.178 -17.072   1.600   1.599   0.394   0.241   0.329   0.328
  109  5750  4.50  0.00  0.00  0.00  0.00 -16.390 -16.369 -16.954 -17.178 -17.071   1.590   1.589   0.393   0.261   0.281   0.280
  110  5750  5.00  0.00  0.00  0.00  0.00 -16.379 -16.357 -16.932 -17.182 -17.072   1.606   1.606   0.390   0.289   0.246   0.246
  111  6000  0.00  0.00  0.00  0.00  0.00 -15.992 -15.972 -17.458 -17.556 -17.374   2.367   2.365   0.317   0.210   1.309   1.307
  112  6000  0.50  0.00  0.00  0.00  0.00 -16.099 -16.078 -17.429 -17.536 -17.362   2.240   2.238   0.326   0.210   1.165   1.163
  113  6000  1.00  0.00  0.00  0.00  0.00 -16.217 -16.197 -17.412 -17.518 -17.350   2.103   2.102   0.332   0.204   1.030   1.029
  114  6000  1.50  0.00  0.00  0.00  0.00 -16.334 -16.314 -17.395 -17.500 -17.337   1.968   1.966   0.337   0.198   0.897   0.895
  115  6000  2.00  0.00  0.00  0.00  0.00 -16.443 -16.422 -17.376 -17.482 -17.325   1.842   1.840   0.342   0.193   0.769   0.768
  116  6000  2.50  0.00  0.00  0.00  0.00 -16.539 -16.519 -17.356 -17.465 -17.313   1.728   1.727   0.347   0.191   0.650   0.648
  117  6000  3.00  0.00  0.00  0.00  0.00 -16.622 -16.601 -17.336 -17.450 -17.302   1.630   1.629   0.352   0.192   0.541   0.540
  118  6000  3.50  0.00  0.00  0.00  0.00 -16.687 -16.667 -17.315 -17.438 -17.294   1.553   1.552   0.355   0.197   0.446   0.444
  119  6000  4.00  0.00  0.00  0.00  0.00 -16.735 -16.714 -17.294 -17.430 -17.288   1.497   1.496   0.357   0.208   0.365   0.364
  120  6000  4.50  0.00  0.00  0.00  0.00 -16.763 -16.742 -17.273 -17.426 -17.285   1.465   1.464   0.359   0.223   0.299   0.298
  121  6000  5.00  0.00  0.00  0.00  0.00 -16.770 -16.749 -17.251 -17.426 -17.285   1.458   1.458   0.359   0.245   0.248   0.248
  122  6250  0.50  0.00  0.00  0.00  0.00 -16.360 -16.340 -17.787 -17.808 -17.573   2.249   2.248   0.265   0.185   1.347   1.346
  123  6250  1.00  0.00  0.00  0.00  0.00 -16.469 -16.448 -17.749 -17.784 -17.563   2.117   2.116   0.278   0.186   1.187   1.186
  124  6250  1.50  0.00  0.00  0.00  0.00 -16.583 -16.563 -17.721 -17.761 -17.549   1.980   1.978   0.288   0.180   1.040   1.039
  125  6250  2.00  0.00  0.00  0.00  0.00 -16.696 -16.675 -17.694 -17.738 -17.535   1.844   1.843   0.297   0.176   0.897   0.896
  126  6250  2.50  0.00  0.00  0.00  0.00 -16.801 -16.780 -17.667 -17.716 -17.521   1.717   1.716   0.305   0.172   0.760   0.759
  127  6250  3.00  0.00  0.00  0.00  0.00 -16.894 -16.873 -17.640 -17.695 -17.508   1.603   1.602   0.313   0.172   0.632   0.631
  128  6250  3.50  0.00  0.00  0.00  0.00 -16.974 -16.953 -17.612 -17.678 -17.496   1.506   1.505   0.319   0.176   0.515   0.514
  129  6250  4.00  0.00  0.00  0.00  0.00 -17.037 -17.016 -17.586 -17.664 -17.487   1.429   1.428   0.323   0.183   0.414   0.413
  130  6250  4.50  0.00  0.00  0.00  0.00 -17.082 -17.061 -17.562 -17.655 -17.482   1.375   1.374   0.327   0.195   0.329   0.328
  131  6250  5.00  0.00  0.00  0.00  0.00 -17.107 -17.086 -17.539 -17.651 -17.480   1.346   1.345   0.329   0.212   0.262   0.261
  132  6500  0.50  0.00  0.00  0.00  0.00 -16.595 -16.574 -18.119 -18.059 -17.764   2.267   2.266   0.205   0.164   1.526   1.525
  133  6500  1.00  0.00  0.00  0.00  0.00 -16.689 -16.668 -18.072 -18.034 -17.757   2.146   2.145   0.224   0.167   1.363   1.362
  134  6500  1.50  0.00  0.00  0.00  0.00 -16.799 -16.778 -18.026 -18.007 -17.748   2.010   2.009   0.241   0.169   1.188   1.187
  135  6500  2.00  0.00  0.00  0.00  0.00 -16.911 -16.890 -17.990 -17.980 -17.733   1.871   1.870   0.253   0.166   1.031   1.030
  136  6500  2.50  0.00  0.00  0.00  0.00 -17.020 -16.999 -17.955 -17.953 -17.718   1.735   1.734   0.265   0.162   0.879   0.878
  137  6500  3.00  0.00  0.00  0.00  0.00 -17.122 -17.101 -17.921 -17.927 -17.702   1.607   1.606   0.275   0.161   0.734   0.733
  138  6500  3.50  0.00  0.00  0.00  0.00 -17.214 -17.193 -17.887 -17.903 -17.687   1.491   1.490   0.284   0.162   0.598   0.597
  139  6500  4.00  0.00  0.00  0.00  0.00 -17.292 -17.271 -17.855 -17.883 -17.674   1.393   1.392   0.291   0.166   0.476   0.475
  140  6500  4.50  0.00  0.00  0.00  0.00 -17.354 -17.332 -17.826 -17.868 -17.665   1.317   1.316   0.297   0.175   0.371   0.370
  141  6500  5.00  0.00  0.00  0.00  0.00 -17.396 -17.375 -17.800 -17.859 -17.660   1.265   1.264   0.301   0.188   0.286   0.285
  142  6750  0.50  0.00  0.00  0.00  0.00 -16.819 -16.798 -18.404 -18.284 -17.944   2.266   2.266   0.160   0.149   1.646   1.645
  143  6750  1.00  0.00  0.00  0.00  0.00 -16.892 -16.870 -18.374 -18.266 -17.935   2.176   2.176   0.169   0.152   1.532   1.531
  144  6750  1.50  0.00  0.00  0.00  0.00 -16.991 -16.970 -18.319 -18.238 -17.929   2.048   2.048   0.191   0.156   1.352   1.351
  145  6750  2.00  0.00  0.00  0.00  0.00 -17.100 -17.079 -18.266 -18.207 -17.918   1.909   1.908   0.211   0.159   1.166   1.166
  146  6750  2.50  0.00  0.00  0.00  0.00 -17.209 -17.188 -18.222 -18.176 -17.902   1.769   1.769   0.226   0.158   1.000   0.999
  147  6750  3.00  0.00  0.00  0.00  0.00 -17.315 -17.294 -18.180 -18.146 -17.884   1.632   1.632   0.238   0.157   0.840   0.840
  148  6750  3.50  0.00  0.00  0.00  0.00 -17.415 -17.394 -18.139 -18.116 -17.866   1.503   1.502   0.250   0.156   0.689   0.688
  149  6750  4.00  0.00  0.00  0.00  0.00 -17.505 -17.484 -18.100 -18.089 -17.849   1.386   1.386   0.260   0.158   0.549   0.548
  150  6750  4.50  0.00  0.00  0.00  0.00 -17.581 -17.559 -18.066 -18.068 -17.836   1.289   1.288   0.268   0.163   0.425   0.424
  151  6750  5.00  0.00  0.00  0.00  0.00 -17.640 -17.618 -18.035 -18.052 -17.827   1.215   1.214   0.275   0.172   0.320   0.319
  152  7000  0.50  0.00  0.00  0.00  0.00 -17.045 -17.023 -18.652 -18.484 -18.110   2.242   2.242   0.126   0.136   1.717   1.717
  153  7000  1.00  0.00  0.00  0.00  0.00 -17.092 -17.070 -18.633 -18.473 -18.103   2.184   2.184   0.130   0.140   1.642   1.642
  154  7000  1.50  0.00  0.00  0.00  0.00 -17.172 -17.151 -18.595 -18.454 -18.096   2.084   2.083   0.142   0.146   1.506   1.506
  155  7000  2.00  0.00  0.00  0.00  0.00 -17.274 -17.252 -18.534 -18.423 -18.089   1.952   1.951   0.165   0.153   1.313   1.312
  156  7000  2.50  0.00  0.00  0.00  0.00 -17.381 -17.360 -18.474 -18.389 -18.076   1.810   1.810   0.187   0.157   1.120   1.120
  157  7000  3.00  0.00  0.00  0.00  0.00 -17.488 -17.466 -18.424 -18.355 -18.058   1.669   1.669   0.203   0.157   0.948   0.947
  158  7000  3.50  0.00  0.00  0.00  0.00 -17.591 -17.570 -18.377 -18.321 -18.038   1.532   1.531   0.217   0.156   0.783   0.782
  159  7000  4.00  0.00  0.00  0.00  0.00 -17.689 -17.667 -18.332 -18.289 -18.019   1.403   1.402   0.229   0.157   0.628   0.627
  160  7000  4.50  0.00  0.00  0.00  0.00 -17.776 -17.755 -18.291 -18.261 -18.001   1.287   1.286   0.240   0.159   0.487   0.486
  161  7000  5.00  0.00  0.00  0.00  0.00 -17.850 -17.828 -18.255 -18.239 -17.987   1.191   1.190   0.248   0.164   0.364   0.363
  162  7250  0.50  0.00  0.00  0.00  0.00 -17.284 -17.262 -18.858 -18.658 -18.264   2.176   2.177   0.105   0.124   1.715   1.715
  163  7250  1.00  0.00  0.00  0.00  0.00 -17.294 -17.273 -18.861 -18.659 -18.258   2.167   2.167   0.099   0.129   1.709   1.709
  164  7250  1.50  0.00  0.00  0.00  0.00 -17.355 -17.333 -18.832 -18.647 -18.253   2.094   2.094   0.106   0.138   1.603   1.603
  165  7250  2.00  0.00  0.00  0.00  0.00 -17.440 -17.419 -18.787 -18.625 -18.245   1.987   1.987   0.120   0.147   1.451   1.451
  166  7250  2.50  0.00  0.00  0.00  0.00 -17.541 -17.520 -18.720 -18.591 -18.236   1.852   1.851   0.145   0.155   1.249   1.249
  167  7250  3.00  0.00  0.00  0.00  0.00 -17.646 -17.624 -18.655 -18.554 -18.222   1.710   1.709   0.168   0.160   1.053   1.052
  168  7250  3.50  0.00  0.00  0.00  0.00 -17.750 -17.728 -18.600 -18.517 -18.202   1.569   1.569   0.185   0.161   0.876   0.875
  169  7250  4.00  0.00  0.00  0.00  0.00 -17.850 -17.829 -18.549 -18.480 -18.180   1.432   1.432   0.199   0.161   0.710   0.709
  170  7250  4.50  0.00  0.00  0.00  0.00 -17.945 -17.923 -18.502 -18.446 -18.159   1.303   1.303   0.212   0.161   0.554   0.554
  171  7250  5.00  0.00  0.00  0.00  0.00 -18.030 -18.008 -18.460 -18.418 -18.141   1.190   1.189   0.223   0.164   0.414   0.414
  172  7500  0.50  0.00  0.00  0.00  0.00 -17.563 -17.541 -18.996 -18.790 -18.404   2.029   2.029   0.114   0.109   1.581   1.581
  173  7500  1.00  0.00  0.00  0.00  0.00 -17.512 -17.489 -19.055 -18.821 -18.398   2.111   2.111   0.078   0.117   1.720   1.720
  174  7500  1.50  0.00  0.00  0.00  0.00 -17.545 -17.523 -19.039 -18.817 -18.396   2.074   2.074   0.079   0.128   1.659   1.659
  175  7500  2.00  0.00  0.00  0.00  0.00 -17.612 -17.590 -19.003 -18.803 -18.391   1.993   1.992   0.088   0.141   1.533   1.533
  176  7500  2.50  0.00  0.00  0.00  0.00 -17.698 -17.676 -18.952 -18.779 -18.383   1.883   1.883   0.104   0.153   1.368   1.368
  177  7500  3.00  0.00  0.00  0.00  0.00 -17.796 -17.775 -18.879 -18.742 -18.373   1.748   1.747   0.130   0.162   1.161   1.161
  178  7500  3.50  0.00  0.00  0.00  0.00 -17.897 -17.876 -18.812 -18.702 -18.355   1.607   1.606   0.153   0.166   0.967   0.966
  179  7500  4.00  0.00  0.00  0.00  0.00 -17.998 -17.976 -18.754 -18.663 -18.333   1.467   1.467   0.170   0.168   0.789   0.788
  180  7500  4.50  0.00  0.00  0.00  0.00 -18.095 -18.074 -18.700 -18.624 -18.310   1.331   1.331   0.185   0.168   0.622   0.622
  181  7500  5.00  0.00  0.00  0.00  0.00 -18.187 -18.166 -18.652 -18.590 -18.288   1.205   1.204   0.198   0.169   0.469   0.468
  182  7750  1.00  0.00  0.00  0.00  0.00 -17.746 -17.723 -19.212 -18.957 -18.526   2.014   2.014   0.068   0.105   1.664   1.664
  183  7750  1.50  0.00  0.00  0.00  0.00 -17.746 -17.723 -19.220 -18.967 -18.526   2.023   2.023   0.059   0.117   1.670   1.670
  184  7750  2.00  0.00  0.00  0.00  0.00 -17.792 -17.770 -19.192 -18.960 -18.524   1.969   1.969   0.064   0.132   1.575   1.575
  185  7750  2.50  0.00  0.00  0.00  0.00 -17.862 -17.840 -19.149 -18.943 -18.518   1.883   1.883   0.075   0.148   1.434   1.434
  186  7750  3.00  0.00  0.00  0.00  0.00 -17.946 -17.924 -19.091 -18.916 -18.509   1.773   1.772   0.092   0.162   1.262   1.261
  187  7750  3.50  0.00  0.00  0.00  0.00 -18.040 -18.018 -19.016 -18.877 -18.497   1.640   1.639   0.119   0.171   1.056   1.056
  188  7750  4.00  0.00  0.00  0.00  0.00 -18.137 -18.115 -18.947 -18.836 -18.477   1.501   1.501   0.142   0.176   0.864   0.864
  189  7750  4.50  0.00  0.00  0.00  0.00 -18.234 -18.212 -18.887 -18.795 -18.454   1.363   1.362   0.159   0.178   0.687   0.687
  190  7750  5.00  0.00  0.00  0.00  0.00 -18.329 -18.307 -18.833 -18.755 -18.429   1.228   1.228   0.174   0.177   0.523   0.523
  191  8000  1.00  0.00  0.00  0.00  0.00 -18.002 -17.979 -19.323 -19.060 -18.635   1.861   1.861   0.075   0.091   1.527   1.528
  192  8000  1.50  0.00  0.00  0.00  0.00 -17.956 -17.933 -19.372 -19.095 -18.642   1.942   1.942   0.046   0.106   1.636   1.636
  193  8000  2.00  0.00  0.00  0.00  0.00 -17.978 -17.956 -19.359 -19.097 -18.643   1.921   1.921   0.046   0.121   1.585   1.585
  194  8000  2.50  0.00  0.00  0.00  0.00 -18.031 -18.009 -19.323 -19.088 -18.641   1.859   1.859   0.054   0.140   1.470   1.470
  195  8000  3.00  0.00  0.00  0.00  0.00 -18.100 -18.078 -19.274 -19.069 -18.635   1.771   1.771   0.065   0.159   1.321   1.320
  196  8000  3.50  0.00  0.00  0.00  0.00 -18.181 -18.159 -19.209 -19.040 -18.624   1.661   1.661   0.084   0.175   1.140   1.139
  197  8000  4.00  0.00  0.00  0.00  0.00 -18.271 -18.250 -19.132 -18.999 -18.611   1.529   1.529   0.112   0.184   0.936   0.936
  198  8000  4.50  0.00  0.00  0.00  0.00 -18.366 -18.344 -19.065 -18.956 -18.589   1.392   1.392   0.133   0.187   0.750   0.750
  199  8000  5.00  0.00  0.00  0.00  0.00 -18.460 -18.438 -19.004 -18.914 -18.564   1.256   1.256   0.150   0.188   0.577   0.577
  200  8250  1.00  0.00  0.00  0.00  0.00 -18.272 -18.250 -19.396 -19.131 -18.720   1.661   1.661   0.089   0.075   1.331   1.332
  201  8250  1.50  0.00  0.00  0.00  0.00 -18.171 -18.148 -19.494 -19.202 -18.743   1.833   1.834   0.042   0.095   1.558   1.558
  202  8250  2.00  0.00  0.00  0.00  0.00 -18.169 -18.147 -19.502 -19.216 -18.749   1.849   1.850   0.033   0.111   1.561   1.561
  203  8250  2.50  0.00  0.00  0.00  0.00 -18.204 -18.182 -19.477 -19.214 -18.751   1.813   1.813   0.036   0.130   1.477   1.477
  204  8250  3.00  0.00  0.00  0.00  0.00 -18.259 -18.237 -19.434 -19.203 -18.748   1.746   1.746   0.046   0.152   1.348   1.348
  205  8250  3.50  0.00  0.00  0.00  0.00 -18.326 -18.304 -19.379 -19.182 -18.741   1.658   1.658   0.059   0.174   1.191   1.191
  206  8250  4.00  0.00  0.00  0.00  0.00 -18.404 -18.382 -19.309 -19.150 -18.730   1.548   1.547   0.080   0.190   1.006   1.005
  207  8250  4.50  0.00  0.00  0.00  0.00 -18.492 -18.471 -19.233 -19.108 -18.714   1.417   1.417   0.107   0.197   0.808   0.808
  208  8250  5.00  0.00  0.00  0.00  0.00 -18.584 -18.562 -19.166 -19.064 -18.691   1.282   1.282   0.127   0.199   0.627   0.627
  209  8500  1.50  0.00  0.00  0.00  0.00 -18.383 -18.360 -19.591 -19.290 -18.832   1.709   1.709   0.042   0.086   1.451   1.452
  210  8500  2.00  0.00  0.00  0.00  0.00 -18.356 -18.334 -19.621 -19.318 -18.842   1.764   1.764   0.024   0.102   1.509   1.510
  211  8500  2.50  0.00  0.00  0.00  0.00 -18.376 -18.353 -19.609 -19.324 -18.847   1.750   1.750   0.023   0.121   1.460   1.460
  212  8500  3.00  0.00  0.00  0.00  0.00 -18.417 -18.395 -19.575 -19.319 -18.848   1.703   1.703   0.030   0.143   1.356   1.356
  213  8500  3.50  0.00  0.00  0.00  0.00 -18.473 -18.451 -19.527 -19.305 -18.845   1.634   1.634   0.040   0.167   1.217   1.217
  214  8500  4.00  0.00  0.00  0.00  0.00 -18.539 -18.517 -19.466 -19.283 -18.837   1.546   1.545   0.054   0.191   1.053   1.052
  215  8500  4.50  0.00  0.00  0.00  0.00 -18.616 -18.594 -19.392 -19.248 -18.826   1.433   1.433   0.079   0.206   0.862   0.862
  216  8500  5.00  0.00  0.00  0.00  0.00 -18.703 -18.681 -19.319 -19.205 -18.809   1.304   1.304   0.104   0.211   0.673   0.672
  217  8750  1.50  0.00  0.00  0.00  0.00 -18.592 -18.569 -19.673 -19.366 -18.910   1.576   1.577   0.044   0.078   1.330   1.331
  218  8750  2.00  0.00  0.00  0.00  0.00 -18.539 -18.516 -19.721 -19.405 -18.926   1.669   1.669   0.020   0.093   1.440   1.440
  219  8750  2.50  0.00  0.00  0.00  0.00 -18.542 -18.520 -19.721 -19.418 -18.933   1.678   1.678   0.015   0.111   1.424   1.424
  220  8750  3.00  0.00  0.00  0.00  0.00 -18.571 -18.549 -19.697 -19.419 -18.936   1.649   1.650   0.018   0.134   1.345   1.345
  221  8750  3.50  0.00  0.00  0.00  0.00 -18.617 -18.595 -19.656 -19.412 -18.937   1.597   1.596   0.026   0.159   1.225   1.225
  222  8750  4.00  0.00  0.00  0.00  0.00 -18.674 -18.652 -19.602 -19.397 -18.934   1.525   1.525   0.037   0.187   1.076   1.075
  223  8750  4.50  0.00  0.00  0.00  0.00 -18.740 -18.718 -19.536 -19.372 -18.925   1.434   1.434   0.054   0.211   0.902   0.902
  224  8750  5.00  0.00  0.00  0.00  0.00 -18.819 -18.797 -19.462 -19.335 -18.915   1.319   1.319   0.080   0.222   0.713   0.713
  225  9000  1.50  0.00  0.00  0.00  0.00 -18.796 -18.773 -19.744 -19.433 -18.980   1.440   1.440   0.046   0.072   1.201   1.202
  226  9000  2.00  0.00  0.00  0.00  0.00 -18.716 -18.693 -19.806 -19.483 -19.001   1.569   1.570   0.018   0.087   1.356   1.356
  227  9000  2.50  0.00  0.00  0.00  0.00 -18.702 -18.680 -19.817 -19.501 -19.010   1.601   1.601   0.009   0.104   1.373   1.373
  228  9000  3.00  0.00  0.00  0.00  0.00 -18.720 -18.698 -19.800 -19.506 -19.015   1.588   1.588   0.009   0.125   1.317   1.317
  229  9000  3.50  0.00  0.00  0.00  0.00 -18.756 -18.734 -19.767 -19.503 -19.018   1.549   1.549   0.015   0.151   1.216   1.216
  230  9000  4.00  0.00  0.00  0.00  0.00 -18.805 -18.783 -19.720 -19.494 -19.018   1.492   1.491   0.024   0.180   1.082   1.082
  231  9000  4.50  0.00  0.00  0.00  0.00 -18.862 -18.840 -19.662 -19.477 -19.013   1.418   1.417   0.036   0.208   0.926   0.926
  232  9000  5.00  0.00  0.00  0.00  0.00 -18.925 -18.903 -19.594 -19.452 -19.003   1.329   1.329   0.051   0.236   0.753   0.753
  233  9250  2.00  0.00  0.00  0.00  0.00 -18.888 -18.866 -19.885 -19.555 -19.072   1.469   1.469   0.017   0.083   1.268   1.269
  234  9250  2.50  0.00  0.00  0.00  0.00 -18.858 -18.835 -19.903 -19.577 -19.082   1.522   1.522   0.005   0.098   1.314   1.314
  235  9250  3.00  0.00  0.00  0.00  0.00 -18.863 -18.841 -19.894 -19.585 -19.087   1.524   1.525   0.002   0.118   1.282   1.282
  236  9250  3.50  0.00  0.00  0.00  0.00 -18.889 -18.867 -19.866 -19.586 -19.091   1.498   1.498   0.006   0.143   1.200   1.200
  237  9250  4.00  0.00  0.00  0.00  0.00 -18.930 -18.908 -19.825 -19.580 -19.093   1.453   1.453   0.013   0.171   1.082   1.082
  238  9250  4.50  0.00  0.00  0.00  0.00 -18.980 -18.958 -19.772 -19.569 -19.093   1.391   1.391   0.024   0.202   0.937   0.937
  239  9250  5.00  0.00  0.00  0.00  0.00 -19.038 -19.016 -19.709 -19.550 -19.087   1.314   1.314   0.037   0.233   0.771   0.771
  240  9500  2.00  0.00  0.00  0.00  0.00 -19.056 -19.034 -19.957 -19.623 -19.138   1.369   1.369   0.015   0.079   1.178   1.178
  241  9500  2.50  0.00  0.00  0.00  0.00 -19.010 -18.988 -19.982 -19.648 -19.149   1.439   1.440   0.001   0.094   1.248   1.249
  242  9500  3.00  0.00  0.00  0.00  0.00 -19.003 -18.981 -19.978 -19.658 -19.155   1.457   1.457  -0.003   0.112   1.238   1.238
  243  9500  3.50  0.00  0.00  0.00  0.00 -19.019 -18.996 -19.956 -19.660 -19.159   1.444   1.444  -0.002   0.135   1.175   1.175
  244  9500  4.00  0.00  0.00  0.00  0.00 -19.050 -19.028 -19.920 -19.658 -19.162   1.410   1.410   0.004   0.164   1.073   1.073
  245  9500  4.50  0.00  0.00  0.00  0.00 -19.094 -19.072 -19.871 -19.651 -19.163   1.359   1.359   0.013   0.196   0.940   0.940
  246  9500  5.00  0.00  0.00  0.00  0.00 -19.146 -19.124 -19.811 -19.637 -19.162   1.292   1.292   0.025   0.229   0.781   0.781
  247  9750  2.00  0.00  0.00  0.00  0.00 -19.217 -19.194 -20.026 -19.687 -19.201   1.273   1.274   0.014   0.076   1.090   1.091
  248  9750  2.50  0.00  0.00  0.00  0.00 -19.159 -19.137 -20.055 -19.714 -19.213   1.357   1.357  -0.001   0.090   1.178   1.178
  249  9750  3.00  0.00  0.00  0.00  0.00 -19.140 -19.118 -20.055 -19.725 -19.218   1.387   1.387  -0.007   0.107   1.186   1.187
  250  9750  3.50  0.00  0.00  0.00  0.00 -19.145 -19.123 -20.037 -19.729 -19.222   1.386   1.386  -0.008   0.129   1.142   1.142
  251  9750  4.00  0.00  0.00  0.00  0.00 -19.168 -19.146 -20.005 -19.729 -19.225   1.363   1.363  -0.004   0.156   1.056   1.056
  252  9750  4.50  0.00  0.00  0.00  0.00 -19.204 -19.182 -19.961 -19.724 -19.228   1.322   1.322   0.004   0.189   0.935   0.935
  253  9750  5.00  0.00  0.00  0.00  0.00 -19.251 -19.229 -19.905 -19.714 -19.229   1.266   1.266   0.015   0.224   0.787   0.787
  254 10000  2.00  0.00  0.00  0.00  0.00 -19.368 -19.345 -20.092 -19.749 -19.261   1.183   1.184   0.012   0.074   1.008   1.009
  255 10000  2.50  0.00  0.00  0.00  0.00 -19.302 -19.280 -20.123 -19.777 -19.273   1.277   1.277  -0.004   0.087   1.108   1.109
  256 10000  3.00  0.00  0.00  0.00  0.00 -19.274 -19.251 -20.126 -19.789 -19.278   1.317   1.318  -0.011   0.103   1.131   1.131
  257 10000  3.50  0.00  0.00  0.00  0.00 -19.270 -19.248 -20.112 -19.794 -19.282   1.326   1.326  -0.012   0.123   1.102   1.102
  258 10000  4.00  0.00  0.00  0.00  0.00 -19.284 -19.262 -20.084 -19.795 -19.285   1.313   1.313  -0.010   0.150   1.031   1.032
  259 10000  4.50  0.00  0.00  0.00  0.00 -19.312 -19.290 -20.043 -19.792 -19.288   1.282   1.282  -0.004   0.182   0.925   0.925
  260 10000  5.00  0.00  0.00  0.00  0.00 -19.352 -19.330 -19.991 -19.785 -19.290   1.235   1.235   0.006   0.217   0.788   0.788
  261 10250  2.00  0.00  0.00  0.00  0.00 -19.511 -19.488 -20.154 -19.808 -19.318   1.099   1.100   0.010   0.073   0.931   0.932
  262 10250  2.50  0.00  0.00  0.00  0.00 -19.440 -19.417 -20.187 -19.837 -19.331   1.200   1.200  -0.006   0.085   1.040   1.040
  263 10250  3.00  0.00  0.00  0.00  0.00 -19.403 -19.381 -20.193 -19.850 -19.336   1.248   1.249  -0.014   0.100   1.074   1.075
  264 10250  3.50  0.00  0.00  0.00  0.00 -19.391 -19.369 -20.181 -19.855 -19.338   1.265   1.266  -0.016   0.119   1.058   1.059
  265 10250  4.00  0.00  0.00  0.00  0.00 -19.398 -19.375 -20.157 -19.856 -19.341   1.261   1.261  -0.015   0.143   1.002   1.002
  266 10250  4.50  0.00  0.00  0.00  0.00 -19.419 -19.396 -20.120 -19.855 -19.345   1.238   1.239  -0.010   0.174   0.909   0.909
  267 10250  5.00  0.00  0.00  0.00  0.00 -19.451 -19.429 -20.072 -19.850 -19.348   1.201   1.202  -0.002   0.210   0.785   0.785
  268 10500  2.00  0.00  0.00  0.00  0.00 -19.645 -19.622 -20.214 -19.865 -19.373   1.022   1.022   0.008   0.071   0.860   0.861
  269 10500  2.50  0.00  0.00  0.00  0.00 -19.570 -19.548 -20.249 -19.894 -19.386   1.126   1.127  -0.008   0.083   0.974   0.975
  270 10500  3.00  0.00  0.00  0.00  0.00 -19.528 -19.506 -20.255 -19.907 -19.391   1.181   1.181  -0.017   0.098   1.017   1.018
  271 10500  3.50  0.00  0.00  0.00  0.00 -19.510 -19.487 -20.246 -19.912 -19.393   1.205   1.205  -0.020   0.115   1.012   1.012
  272 10500  4.00  0.00  0.00  0.00  0.00 -19.509 -19.486 -20.224 -19.914 -19.395   1.207   1.208  -0.019   0.138   0.968   0.968
  273 10500  4.50  0.00  0.00  0.00  0.00 -19.523 -19.501 -20.191 -19.914 -19.398   1.193   1.193  -0.016   0.167   0.888   0.888
  274 10500  5.00  0.00  0.00  0.00  0.00 -19.549 -19.527 -20.146 -19.911 -19.401   1.164   1.164  -0.009   0.203   0.775   0.775
  275 10750  2.00  0.00  0.00  0.00  0.00 -19.770 -19.748 -20.272 -19.919 -19.425   0.951   0.951   0.006   0.070   0.796   0.797
  276 10750  2.50  0.00  0.00  0.00  0.00 -19.694 -19.672 -20.307 -19.950 -19.439   1.057   1.058  -0.011   0.082   0.913   0.913
  277 10750  3.00  0.00  0.00  0.00  0.00 -19.649 -19.626 -20.315 -19.963 -19.443   1.116   1.117  -0.019   0.096   0.961   0.962
  278 10750  3.50  0.00  0.00  0.00  0.00 -19.624 -19.602 -20.307 -19.968 -19.445   1.146   1.146  -0.023   0.112   0.965   0.965
  279 10750  4.00  0.00  0.00  0.00  0.00 -19.617 -19.595 -20.288 -19.970 -19.446   1.155   1.155  -0.023   0.134   0.931   0.932
  280 10750  4.50  0.00  0.00  0.00  0.00 -19.625 -19.602 -20.258 -19.970 -19.449   1.147   1.147  -0.021   0.162   0.863   0.864
  281 10750  5.00  0.00  0.00  0.00  0.00 -19.645 -19.623 -20.216 -19.968 -19.452   1.125   1.125  -0.015   0.196   0.761   0.761
  282 11000  2.00  0.00  0.00  0.00  0.00 -19.887 -19.864 -20.327 -19.971 -19.475   0.886   0.887   0.004   0.069   0.737   0.738
  283 11000  2.50  0.00  0.00  0.00  0.00 -19.812 -19.789 -20.363 -20.002 -19.490   0.993   0.993  -0.013   0.081   0.855   0.856
  284 11000  3.00  0.00  0.00  0.00  0.00 -19.764 -19.741 -20.372 -20.015 -19.494   1.054   1.054  -0.022   0.094   0.907   0.908
  285 11000  3.50  0.00  0.00  0.00  0.00 -19.735 -19.713 -20.365 -20.021 -19.495   1.087   1.088  -0.026   0.110   0.917   0.918
  286 11000  4.00  0.00  0.00  0.00  0.00 -19.722 -19.700 -20.347 -20.022 -19.496   1.102   1.102  -0.027   0.130   0.892   0.893
  287 11000  4.50  0.00  0.00  0.00  0.00 -19.724 -19.702 -20.320 -20.022 -19.497   1.100   1.100  -0.025   0.157   0.835   0.835
  288 11000  5.00  0.00  0.00  0.00  0.00 -19.739 -19.717 -20.281 -20.021 -19.501   1.084   1.085  -0.020   0.190   0.744   0.744
  289 11250  2.00  0.00  0.00  0.00  0.00 -19.996 -19.974 -20.379 -20.021 -19.523   0.826   0.827   0.002   0.068   0.684   0.685
  290 11250  2.50  0.00  0.00  0.00  0.00 -19.922 -19.899 -20.418 -20.053 -19.538   0.933   0.934  -0.015   0.080   0.802   0.803
  291 11250  3.00  0.00  0.00  0.00  0.00 -19.873 -19.850 -20.427 -20.066 -19.543   0.995   0.996  -0.024   0.092   0.856   0.857
  292 11250  3.50  0.00  0.00  0.00  0.00 -19.842 -19.819 -20.421 -20.072 -19.543   1.032   1.032  -0.028   0.108   0.870   0.871
  293 11250  4.00  0.00  0.00  0.00  0.00 -19.825 -19.803 -20.404 -20.073 -19.543   1.050   1.051  -0.030   0.127   0.853   0.853
  294 11250  4.50  0.00  0.00  0.00  0.00 -19.822 -19.799 -20.378 -20.073 -19.544   1.054   1.054  -0.029   0.152   0.804   0.805
  295 11250  5.00  0.00  0.00  0.00  0.00 -19.831 -19.809 -20.343 -20.072 -19.547   1.043   1.044  -0.025   0.184   0.724   0.724
  296 11500  2.00  0.00  0.00  0.00  0.00 -20.099 -20.076 -20.430 -20.069 -19.569   0.772   0.773   0.000   0.067   0.635   0.636
  297 11500  2.50  0.00  0.00  0.00  0.00 -20.026 -20.003 -20.469 -20.102 -19.584   0.878   0.879  -0.017   0.078   0.753   0.754
  298 11500  3.00  0.00  0.00  0.00  0.00 -19.977 -19.954 -20.479 -20.115 -19.589   0.940   0.941  -0.026   0.091   0.808   0.809
  299 11500  3.50  0.00  0.00  0.00  0.00 -19.944 -19.921 -20.474 -20.120 -19.589   0.978   0.979  -0.031   0.106   0.825   0.826
  300 11500  4.00  0.00  0.00  0.00  0.00 -19.924 -19.901 -20.458 -20.121 -19.589   0.999   1.000  -0.032   0.125   0.812   0.813
  301 11500  4.50  0.00  0.00  0.00  0.00 -19.916 -19.894 -20.434 -20.121 -19.590   1.007   1.007  -0.032   0.149   0.772   0.772
  302 11500  5.00  0.00  0.00  0.00  0.00 -19.921 -19.899 -20.400 -20.121 -19.592   1.002   1.002  -0.029   0.178   0.701   0.701
  303 11750  2.00  0.00  0.00  0.00  0.00 -20.195 -20.172 -20.479 -20.115 -19.613   0.722   0.723  -0.002   0.066   0.591   0.591
  304 11750  2.50  0.00  0.00  0.00  0.00 -20.124 -20.101 -20.519 -20.149 -19.629   0.827   0.828  -0.019   0.078   0.708   0.709
  305 11750  3.00  0.00  0.00  0.00  0.00 -20.075 -20.053 -20.530 -20.162 -19.634   0.889   0.890  -0.028   0.090   0.764   0.765
  306 11750  3.50  0.00  0.00  0.00  0.00 -20.042 -20.019 -20.525 -20.167 -19.634   0.928   0.928  -0.033   0.105   0.783   0.783
  307 11750  4.00  0.00  0.00  0.00  0.00 -20.020 -19.997 -20.510 -20.169 -19.634   0.951   0.952  -0.035   0.123   0.774   0.774
  308 11750  4.50  0.00  0.00  0.00  0.00 -20.009 -19.986 -20.487 -20.168 -19.634   0.962   0.962  -0.035   0.145   0.739   0.739
  309 11750  5.00  0.00  0.00  0.00  0.00 -20.009 -19.987 -20.455 -20.168 -19.635   0.961   0.961  -0.033   0.174   0.676   0.676
  310 12000  2.00  0.00  0.00  0.00  0.00 -20.286 -20.263 -20.526 -20.159 -19.656   0.675   0.676  -0.004   0.066   0.549   0.550
  311 12000  2.50  0.00  0.00  0.00  0.00 -20.215 -20.192 -20.567 -20.193 -19.672   0.780   0.781  -0.021   0.077   0.667   0.668
  312 12000  3.00  0.00  0.00  0.00  0.00 -20.168 -20.145 -20.578 -20.207 -19.677   0.841   0.842  -0.030   0.089   0.722   0.723
  313 12000  3.50  0.00  0.00  0.00  0.00 -20.134 -20.112 -20.573 -20.212 -19.677   0.880   0.881  -0.035   0.103   0.742   0.743
  314 12000  4.00  0.00  0.00  0.00  0.00 -20.111 -20.088 -20.559 -20.213 -19.676   0.904   0.905  -0.037   0.121   0.736   0.736
  315 12000  4.50  0.00  0.00  0.00  0.00 -20.098 -20.075 -20.537 -20.213 -19.676   0.918   0.918  -0.037   0.143   0.705   0.706
  316 12000  5.00  0.00  0.00  0.00  0.00 -20.094 -20.072 -20.507 -20.212 -19.677   0.920   0.920  -0.036   0.170   0.650   0.650
  317 12250  2.00  0.00  0.00  0.00  0.00 -20.373 -20.350 -20.572 -20.203 -19.697   0.632   0.633  -0.006   0.065   0.511   0.512
  318 12250  2.50  0.00  0.00  0.00  0.00 -20.303 -20.280 -20.614 -20.237 -19.714   0.737   0.737  -0.024   0.076   0.630   0.630
  319 12250  3.00  0.00  0.00  0.00  0.00 -20.256 -20.234 -20.625 -20.251 -19.718   0.797   0.797  -0.033   0.088   0.684   0.685
  320 12250  3.50  0.00  0.00  0.00  0.00 -20.223 -20.200 -20.621 -20.256 -19.719   0.835   0.836  -0.037   0.102   0.704   0.705
  321 12250  4.00  0.00  0.00  0.00  0.00 -20.199 -20.177 -20.607 -20.257 -19.718   0.860   0.861  -0.039   0.119   0.700   0.700
  322 12250  4.50  0.00  0.00  0.00  0.00 -20.184 -20.161 -20.586 -20.257 -19.717   0.875   0.876  -0.040   0.140   0.673   0.673
  323 12250  5.00  0.00  0.00  0.00  0.00 -20.178 -20.155 -20.557 -20.256 -19.717   0.880   0.881  -0.039   0.166   0.623   0.623
  324 12500  2.00  0.00  0.00  0.00  0.00 -20.456 -20.433 -20.616 -20.244 -19.737   0.591   0.592  -0.008   0.065   0.474   0.475
  325 12500  2.50  0.00  0.00  0.00  0.00 -20.384 -20.362 -20.658 -20.279 -19.753   0.697   0.697  -0.026   0.075   0.595   0.596
  326 12500  3.00  0.00  0.00  0.00  0.00 -20.339 -20.316 -20.669 -20.293 -19.758   0.756   0.756  -0.035   0.087   0.649   0.650
  327 12500  3.50  0.00  0.00  0.00  0.00 -20.306 -20.284 -20.666 -20.298 -19.759   0.794   0.794  -0.039   0.101   0.669   0.670
  328 12500  4.00  0.00  0.00  0.00  0.00 -20.282 -20.260 -20.653 -20.299 -19.758   0.819   0.819  -0.042   0.117   0.666   0.666
  329 12500  4.50  0.00  0.00  0.00  0.00 -20.266 -20.243 -20.632 -20.299 -19.756   0.835   0.835  -0.042   0.138   0.641   0.642
  330 12500  5.00  0.00  0.00  0.00  0.00 -20.258 -20.235 -20.605 -20.298 -19.756   0.842   0.842  -0.041   0.163   0.596   0.597
  331 12750  2.00  0.00  0.00  0.00  0.00 -20.535 -20.512 -20.659 -20.285 -19.776   0.552   0.553  -0.009   0.064   0.440   0.441
  332 12750  2.50  0.00  0.00  0.00  0.00 -20.464 -20.441 -20.702 -20.320 -19.793   0.658   0.659  -0.028   0.075   0.562   0.563
  333 12750  3.00  0.00  0.00  0.00  0.00 -20.419 -20.396 -20.714 -20.334 -19.797   0.717   0.718  -0.037   0.086   0.616   0.617
  334 12750  3.50  0.00  0.00  0.00  0.00 -20.387 -20.364 -20.710 -20.339 -19.798   0.754   0.755  -0.041   0.099   0.636   0.637
  335 12750  4.00  0.00  0.00  0.00  0.00 -20.363 -20.340 -20.697 -20.340 -19.797   0.779   0.780  -0.044   0.116   0.633   0.634
  336 12750  4.50  0.00  0.00  0.00  0.00 -20.346 -20.323 -20.677 -20.340 -19.795   0.796   0.796  -0.044   0.136   0.611   0.612
  337 12750  5.00  0.00  0.00  0.00  0.00 -20.336 -20.314 -20.651 -20.339 -19.795   0.804   0.805  -0.044   0.160   0.569   0.570
  338 13000  2.00  0.00  0.00  0.00  0.00 -20.612 -20.589 -20.701 -20.325 -19.814   0.515   0.516  -0.011   0.064   0.407   0.408
  339 13000  2.50  0.00  0.00  0.00  0.00 -20.538 -20.516 -20.744 -20.360 -19.830   0.623   0.624  -0.030   0.074   0.532   0.533
  340 13000  3.00  0.00  0.00  0.00  0.00 -20.493 -20.471 -20.755 -20.373 -19.834   0.682   0.682  -0.039   0.085   0.587   0.587
  341 13000  3.50  0.00  0.00  0.00  0.00 -20.462 -20.439 -20.752 -20.378 -19.834   0.718   0.719  -0.043   0.098   0.606   0.607
  342 13000  4.00  0.00  0.00  0.00  0.00 -20.439 -20.416 -20.740 -20.379 -19.833   0.742   0.743  -0.046   0.114   0.603   0.604
  343 13000  4.50  0.00  0.00  0.00  0.00 -20.422 -20.399 -20.720 -20.379 -19.832   0.759   0.760  -0.047   0.134   0.582   0.583
  344 13000  5.00  0.00  0.00  0.00  0.00 -20.411 -20.388 -20.695 -20.378 -19.832   0.769   0.769  -0.046   0.158   0.543   0.544
  345 14000  2.00  0.00  0.00  0.00  0.00 -20.898 -20.875 -20.858 -20.474 -19.957   0.379   0.380  -0.017   0.062   0.287   0.288
  346 14000  2.50  0.00  0.00  0.00  0.00 -20.814 -20.791 -20.904 -20.510 -19.972   0.498   0.499  -0.037   0.072   0.426   0.427
  347 14000  3.00  0.00  0.00  0.00  0.00 -20.765 -20.742 -20.913 -20.521 -19.974   0.558   0.558  -0.047   0.083   0.483   0.484
  348 14000  3.50  0.00  0.00  0.00  0.00 -20.734 -20.711 -20.909 -20.524 -19.973   0.592   0.593  -0.051   0.095   0.502   0.503
  349 14000  4.00  0.00  0.00  0.00  0.00 -20.713 -20.690 -20.898 -20.525 -19.972   0.614   0.615  -0.054   0.110   0.500   0.501
  350 14000  4.50  0.00  0.00  0.00  0.00 -20.697 -20.674 -20.881 -20.525 -19.971   0.630   0.631  -0.054   0.128   0.481   0.482
  351 14000  5.00  0.00  0.00  0.00  0.00 -20.686 -20.663 -20.858 -20.524 -19.970   0.641   0.641  -0.054   0.150   0.448   0.449
  352 15000  2.00  0.00  0.00  0.00  0.00 -21.161 -21.138 -21.001 -20.611 -20.091   0.252   0.253  -0.020   0.059   0.172   0.173
  353 15000  2.50  0.00  0.00  0.00  0.00 -21.059 -21.036 -21.051 -20.648 -20.104   0.391   0.392  -0.044   0.071   0.337   0.338
  354 15000  3.00  0.00  0.00  0.00  0.00 -21.002 -20.980 -21.058 -20.656 -20.102   0.455   0.456  -0.054   0.081   0.400   0.401
  355 15000  3.50  0.00  0.00  0.00  0.00 -20.969 -20.946 -21.052 -20.657 -20.098   0.490   0.491  -0.058   0.092   0.421   0.422
  356 15000  4.00  0.00  0.00  0.00  0.00 -20.947 -20.924 -21.040 -20.656 -20.096   0.511   0.512  -0.061   0.106   0.419   0.420
  357 15000  4.50  0.00  0.00  0.00  0.00 -20.933 -20.910 -21.024 -20.656 -20.095   0.525   0.526  -0.062   0.123   0.401   0.402
  358 15000  5.00  0.00  0.00  0.00  0.00 -20.923 -20.901 -21.003 -20.656 -20.094   0.534   0.535  -0.062   0.143   0.370   0.371
  359 16000  2.00  0.00  0.00  0.00  0.00 -21.407 -21.384 -21.127 -20.733 -20.213   0.128   0.129  -0.020   0.055   0.056   0.057
  360 16000  2.50  0.00  0.00  0.00  0.00 -21.284 -21.261 -21.188 -20.778 -20.228   0.296   0.297  -0.050   0.069   0.257   0.258
  361 16000  3.00  0.00  0.00  0.00  0.00 -21.217 -21.194 -21.193 -20.782 -20.221   0.367   0.368  -0.061   0.079   0.329   0.330
  362 16000  3.50  0.00  0.00  0.00  0.00 -21.177 -21.154 -21.184 -20.779 -20.214   0.404   0.405  -0.065   0.089   0.353   0.354
  363 16000  4.00  0.00  0.00  0.00  0.00 -21.154 -21.131 -21.171 -20.777 -20.210   0.425   0.426  -0.067   0.102   0.353   0.354
  364 16000  4.50  0.00  0.00  0.00  0.00 -21.139 -21.117 -21.155 -20.776 -20.207   0.438   0.439  -0.068   0.118   0.336   0.337
  365 16000  5.00  0.00  0.00  0.00  0.00 -21.131 -21.108 -21.135 -20.775 -20.207   0.446   0.447  -0.068   0.137   0.306   0.307
  366 17000  2.50  0.00  0.00  0.00  0.00 -21.495 -21.472 -21.318 -20.901 -20.347   0.209   0.210  -0.055   0.067   0.182   0.183
  367 17000  3.00  0.00  0.00  0.00  0.00 -21.415 -21.392 -21.320 -20.901 -20.334   0.287   0.289  -0.067   0.077   0.265   0.266
  368 17000  3.50  0.00  0.00  0.00  0.00 -21.368 -21.345 -21.308 -20.894 -20.323   0.328   0.329  -0.071   0.087   0.295   0.296
  369 17000  4.00  0.00  0.00  0.00  0.00 -21.340 -21.317 -21.292 -20.889 -20.316   0.351   0.352  -0.073   0.099   0.297   0.298
  370 17000  4.50  0.00  0.00  0.00  0.00 -21.324 -21.301 -21.276 -20.886 -20.312   0.364   0.365  -0.074   0.114   0.283   0.283
  371 17000  5.00  0.00  0.00  0.00  0.00 -21.316 -21.293 -21.257 -20.885 -20.311   0.372   0.372  -0.074   0.132   0.254   0.255
  372 18000  2.50  0.00  0.00  0.00  0.00 -21.694 -21.671 -21.439 -21.018 -20.460   0.126   0.127  -0.057   0.065   0.109   0.110
  373 18000  3.00  0.00  0.00  0.00  0.00 -21.597 -21.574 -21.439 -21.013 -20.441   0.218   0.219  -0.072   0.075   0.210   0.211
  374 18000  3.50  0.00  0.00  0.00  0.00 -21.539 -21.516 -21.422 -21.001 -20.424   0.264   0.265  -0.077   0.085   0.247   0.248
  375 18000  4.00  0.00  0.00  0.00  0.00 -21.503 -21.480 -21.404 -20.991 -20.412   0.290   0.291  -0.079   0.096   0.254   0.255
  376 18000  4.50  0.00  0.00  0.00  0.00 -21.483 -21.460 -21.385 -20.986 -20.406   0.305   0.306  -0.080   0.110   0.243   0.244
  377 18000  5.00  0.00  0.00  0.00  0.00 -21.473 -21.450 -21.365 -20.983 -20.403   0.313   0.314  -0.080   0.128   0.216   0.217
  378 19000  2.50  0.00  0.00  0.00  0.00 -21.886 -21.863 -21.556 -21.131 -20.572   0.046   0.047  -0.059   0.062   0.038   0.039
  379 19000  3.00  0.00  0.00  0.00  0.00 -21.778 -21.755 -21.556 -21.125 -20.549   0.149   0.150  -0.076   0.073   0.153   0.154
  380 19000  3.50  0.00  0.00  0.00  0.00 -21.713 -21.690 -21.538 -21.109 -20.527   0.198   0.199  -0.082   0.082   0.195   0.196
  381 19000  4.00  0.00  0.00  0.00  0.00 -21.674 -21.651 -21.517 -21.097 -20.513   0.225   0.226  -0.084   0.093   0.204   0.205
  382 19000  4.50  0.00  0.00  0.00  0.00 -21.651 -21.628 -21.497 -21.090 -20.505   0.240   0.241  -0.085   0.107   0.195   0.196
  383 19000  5.00  0.00  0.00  0.00  0.00 -21.639 -21.616 -21.477 -21.086 -20.501   0.249   0.250  -0.085   0.123   0.171   0.172
  384 20000  3.00  0.00  0.00  0.00  0.00 -21.946 -21.923 -21.668 -21.231 -20.652   0.086   0.088  -0.079   0.071   0.100   0.101
  385 20000  3.50  0.00  0.00  0.00  0.00 -21.872 -21.849 -21.646 -21.211 -20.625   0.141   0.142  -0.086   0.080   0.150   0.151
  386 20000  4.00  0.00  0.00  0.00  0.00 -21.827 -21.804 -21.622 -21.195 -20.606   0.170   0.171  -0.089   0.091   0.164   0.165
  387 20000  4.50  0.00  0.00  0.00  0.00 -21.800 -21.777 -21.600 -21.185 -20.595   0.187   0.188  -0.090   0.103   0.158   0.159
  388 20000  5.00  0.00  0.00  0.00  0.00 -21.785 -21.762 -21.579 -21.179 -20.589   0.196   0.197  -0.090   0.119   0.137   0.138
  389 21000  3.00  0.00  0.00  0.00  0.00 -22.108 -22.084 -21.774 -21.333 -20.752   0.027   0.028  -0.081   0.069   0.050   0.052
  390 21000  3.50  0.00  0.00  0.00  0.00 -22.024 -22.001 -21.750 -21.310 -20.720   0.087   0.088  -0.090   0.079   0.108   0.109
  391 21000  4.00  0.00  0.00  0.00  0.00 -21.972 -21.949 -21.723 -21.290 -20.697   0.120   0.121  -0.093   0.089   0.127   0.128
  392 21000  4.50  0.00  0.00  0.00  0.00 -21.941 -21.918 -21.699 -21.277 -20.682   0.138   0.139  -0.094   0.101   0.124   0.125
  393 21000  5.00  0.00  0.00  0.00  0.00 -21.923 -21.899 -21.677 -21.269 -20.674   0.148   0.149  -0.095   0.115   0.105   0.107
  394 22000  3.00  0.00  0.00  0.00  0.00 -22.260 -22.237 -21.877 -21.431 -20.848  -0.027  -0.026  -0.083   0.066   0.005   0.007
  395 22000  3.50  0.00  0.00  0.00  0.00 -22.170 -22.147 -21.850 -21.405 -20.812   0.037   0.038  -0.093   0.076   0.067   0.069
  396 22000  4.00  0.00  0.00  0.00  0.00 -22.112 -22.088 -21.821 -21.382 -20.785   0.072   0.074  -0.097   0.086   0.091   0.092
  397 22000  4.50  0.00  0.00  0.00  0.00 -22.075 -22.052 -21.795 -21.366 -20.767   0.093   0.094  -0.098   0.098   0.092   0.093
  398 22000  5.00  0.00  0.00  0.00  0.00 -22.054 -22.030 -21.772 -21.356 -20.757   0.104   0.105  -0.099   0.112   0.077   0.078
  399 23000  3.00  0.00  0.00  0.00  0.00 -22.402 -22.379 -21.976 -21.525 -20.939  -0.075  -0.074  -0.085   0.063  -0.032  -0.031
  400 23000  3.50  0.00  0.00  0.00  0.00 -22.309 -22.286 -21.947 -21.497 -20.902  -0.010  -0.009  -0.095   0.074   0.030   0.031
  401 23000  4.00  0.00  0.00  0.00  0.00 -22.246 -22.223 -21.916 -21.472 -20.872   0.028   0.029  -0.100   0.084   0.057   0.059
  402 23000  4.50  0.00  0.00  0.00  0.00 -22.204 -22.181 -21.888 -21.453 -20.851   0.050   0.051  -0.102   0.095   0.062   0.063
  403 23000  5.00  0.00  0.00  0.00  0.00 -22.179 -22.156 -21.864 -21.441 -20.838   0.063   0.064  -0.103   0.108   0.050   0.051
  404 24000  3.00  0.00  0.00  0.00  0.00 -22.537 -22.513 -22.074 -21.617 -21.029  -0.118  -0.116  -0.088   0.060  -0.064  -0.063
  405 24000  3.50  0.00  0.00  0.00  0.00 -22.440 -22.417 -22.041 -21.586 -20.988  -0.052  -0.051  -0.098   0.072  -0.002  -0.001
  406 24000  4.00  0.00  0.00  0.00  0.00 -22.374 -22.351 -22.008 -21.559 -20.956  -0.014  -0.013  -0.102   0.082   0.026   0.027
  407 24000  4.50  0.00  0.00  0.00  0.00 -22.329 -22.306 -21.979 -21.537 -20.933   0.010   0.011  -0.105   0.092   0.033   0.034
  408 24000  5.00  0.00  0.00  0.00  0.00 -22.301 -22.278 -21.953 -21.523 -20.917   0.024   0.026  -0.106   0.105   0.024   0.025
  409 25000  3.00  0.00  0.00  0.00  0.00 -22.670 -22.646 -22.170 -21.709 -21.119  -0.159  -0.158  -0.089   0.057  -0.095  -0.094
  410 25000  3.50  0.00  0.00  0.00  0.00 -22.564 -22.541 -22.133 -21.673 -21.072  -0.089  -0.088  -0.101   0.069  -0.028  -0.027
  411 25000  4.00  0.00  0.00  0.00  0.00 -22.497 -22.473 -22.098 -21.643 -21.038  -0.052  -0.051  -0.105   0.079  -0.002  -0.001
  412 25000  4.50  0.00  0.00  0.00  0.00 -22.450 -22.426 -22.067 -21.620 -21.013  -0.028  -0.026  -0.108   0.090   0.006   0.008
  413 25000  5.00  0.00  0.00  0.00  0.00 -22.419 -22.395 -22.040 -21.604 -20.995  -0.012  -0.011  -0.109   0.102   0.000   0.001
  414 26000  3.00  0.00  0.00  0.00  0.00 -22.801 -22.778 -22.264 -21.799 -21.210  -0.200  -0.199  -0.089   0.053  -0.131  -0.129
  415 26000  3.50  0.00  0.00  0.00  0.00 -22.683 -22.660 -22.224 -21.758 -21.154  -0.123  -0.122  -0.104   0.066  -0.051  -0.049
  416 26000  4.00  0.00  0.00  0.00  0.00 -22.613 -22.590 -22.185 -21.725 -21.117  -0.086  -0.085  -0.108   0.077  -0.026  -0.024
  417 26000  4.50  0.00  0.00  0.00  0.00 -22.565 -22.542 -22.153 -21.701 -21.091  -0.062  -0.061  -0.110   0.087  -0.018  -0.017
  418 26000  5.00  0.00  0.00  0.00  0.00 -22.533 -22.509 -22.126 -21.684 -21.072  -0.047  -0.045  -0.112   0.099  -0.023  -0.022
  419 27000  3.50  0.00  0.00  0.00  0.00 -22.801 -22.778 -22.316 -21.844 -21.237  -0.155  -0.154  -0.106   0.064  -0.072  -0.070
  420 27000  4.00  0.00  0.00  0.00  0.00 -22.725 -22.702 -22.271 -21.806 -21.195  -0.117  -0.116  -0.111   0.074  -0.046  -0.044
  421 27000  4.50  0.00  0.00  0.00  0.00 -22.676 -22.653 -22.237 -21.780 -21.167  -0.094  -0.093  -0.113   0.084  -0.039  -0.038
  422 27000  5.00  0.00  0.00  0.00  0.00 -22.643 -22.620 -22.209 -21.762 -21.148  -0.079  -0.078  -0.114   0.096  -0.044  -0.043
  423 28000  3.50  0.00  0.00  0.00  0.00 -22.919 -22.896 -22.407 -21.930 -21.321  -0.187  -0.186  -0.108   0.060  -0.093  -0.092
  424 28000  4.00  0.00  0.00  0.00  0.00 -22.835 -22.811 -22.358 -21.887 -21.273  -0.146  -0.145  -0.114   0.071  -0.063  -0.062
  425 28000  4.50  0.00  0.00  0.00  0.00 -22.783 -22.760 -22.321 -21.858 -21.242  -0.123  -0.122  -0.116   0.082  -0.057  -0.056
  426 28000  5.00  0.00  0.00  0.00  0.00 -22.750 -22.726 -22.292 -21.839 -21.222  -0.109  -0.108  -0.117   0.093  -0.063  -0.062
  427 29000  3.50  0.00  0.00  0.00  0.00 -23.032 -23.009 -22.494 -22.012 -21.403  -0.218  -0.216  -0.109   0.057  -0.115  -0.114
  428 29000  4.00  0.00  0.00  0.00  0.00 -22.944 -22.921 -22.445 -21.968 -21.351  -0.174  -0.173  -0.117   0.068  -0.080  -0.079
  429 29000  4.50  0.00  0.00  0.00  0.00 -22.888 -22.865 -22.404 -21.935 -21.317  -0.151  -0.149  -0.119   0.079  -0.074  -0.072
  430 29000  5.00  0.00  0.00  0.00  0.00 -22.853 -22.830 -22.373 -21.915 -21.295  -0.137  -0.135  -0.120   0.090  -0.080  -0.078
  431 30000  3.50  0.00  0.00  0.00  0.00 -23.135 -23.111 -22.572 -22.088 -21.479  -0.245  -0.244  -0.109   0.054  -0.136  -0.135
  432 30000  4.00  0.00  0.00  0.00  0.00 -23.051 -23.028 -22.530 -22.048 -21.429  -0.202  -0.200  -0.119   0.065  -0.097  -0.096
  433 30000  4.50  0.00  0.00  0.00  0.00 -22.992 -22.968 -22.487 -22.013 -21.392  -0.177  -0.176  -0.121   0.076  -0.088  -0.087
  434 30000  5.00  0.00  0.00  0.00  0.00 -22.955 -22.931 -22.454 -21.990 -21.368  -0.163  -0.161  -0.122   0.087  -0.094  -0.093
  435 31000  3.50  0.00  0.00  0.00  0.00 -23.223 -23.199 -22.640 -22.154 -21.545  -0.267  -0.266  -0.109   0.051  -0.154  -0.153
  436 31000  4.00  0.00  0.00  0.00  0.00 -23.153 -23.129 -22.611 -22.124 -21.504  -0.227  -0.226  -0.120   0.062  -0.113  -0.111
  437 31000  4.50  0.00  0.00  0.00  0.00 -23.093 -23.070 -22.569 -22.089 -21.466  -0.202  -0.201  -0.124   0.073  -0.103  -0.101
  438 31000  5.00  0.00  0.00  0.00  0.00 -23.054 -23.031 -22.535 -22.065 -21.440  -0.188  -0.186  -0.125   0.084  -0.108  -0.106
  439 32000  4.00  0.00  0.00  0.00  0.00 -23.247 -23.224 -22.686 -22.195 -21.575  -0.250  -0.248  -0.121   0.059  -0.128  -0.127
  440 32000  4.50  0.00  0.00  0.00  0.00 -23.190 -23.167 -22.648 -22.163 -21.537  -0.225  -0.224  -0.125   0.069  -0.116  -0.114
  441 32000  5.00  0.00  0.00  0.00  0.00 -23.151 -23.127 -22.613 -22.138 -21.511  -0.211  -0.209  -0.127   0.080  -0.120  -0.118
  442 33000  4.00  0.00  0.00  0.00  0.00 -23.330 -23.307 -22.753 -22.259 -21.638  -0.269  -0.268  -0.121   0.056  -0.141  -0.140
  443 33000  4.50  0.00  0.00  0.00  0.00 -23.282 -23.258 -22.722 -22.233 -21.606  -0.247  -0.246  -0.127   0.066  -0.128  -0.127
  444 33000  5.00  0.00  0.00  0.00  0.00 -23.243 -23.219 -22.689 -22.208 -21.579  -0.232  -0.231  -0.129   0.077  -0.131  -0.130
  445 34000  4.00  0.00  0.00  0.00  0.00 -23.402 -23.379 -22.812 -22.315 -21.694  -0.285  -0.284  -0.121   0.054  -0.152  -0.151
  446 34000  4.50  0.00  0.00  0.00  0.00 -23.364 -23.341 -22.790 -22.296 -21.669  -0.266  -0.264  -0.127   0.063  -0.139  -0.138
  447 34000  5.00  0.00  0.00  0.00  0.00 -23.329 -23.306 -22.760 -22.275 -21.645  -0.252  -0.251  -0.130   0.073  -0.141  -0.140
  448 35000  4.00  0.00  0.00  0.00  0.00 -23.464 -23.441 -22.863 -22.364 -21.742  -0.298  -0.297  -0.122   0.052  -0.161  -0.159
  449 35000  4.50  0.00  0.00  0.00  0.00 -23.438 -23.414 -22.850 -22.354 -21.726  -0.282  -0.281  -0.128   0.060  -0.149  -0.147
  450 35000  5.00  0.00  0.00  0.00  0.00 -23.408 -23.384 -22.826 -22.336 -21.705  -0.270  -0.268  -0.131   0.070  -0.150  -0.149
  451 36000  4.00  0.00  0.00  0.00  0.00 -23.517 -23.494 -22.907 -22.407 -21.785  -0.308  -0.307  -0.122   0.051  -0.167  -0.166
  452 36000  4.50  0.00  0.00  0.00  0.00 -23.502 -23.479 -22.904 -22.405 -21.777  -0.296  -0.294  -0.128   0.058  -0.157  -0.155
  453 36000  5.00  0.00  0.00  0.00  0.00 -23.479 -23.455 -22.885 -22.392 -21.760  -0.285  -0.284  -0.131   0.067  -0.158  -0.157
  454 37000  4.00  0.00  0.00  0.00  0.00 -23.563 -23.540 -22.947 -22.445 -21.821  -0.316  -0.315  -0.124   0.051  -0.172  -0.171
  455 37000  4.50  0.00  0.00  0.00  0.00 -23.559 -23.535 -22.952 -22.450 -21.821  -0.307  -0.305  -0.129   0.056  -0.163  -0.162
  456 37000  5.00  0.00  0.00  0.00  0.00 -23.542 -23.519 -22.939 -22.442 -21.810  -0.298  -0.297  -0.132   0.064  -0.165  -0.163
  457 38000  4.00  0.00  0.00  0.00  0.00 -23.605 -23.581 -22.983 -22.480 -21.855  -0.323  -0.321  -0.125   0.051  -0.176  -0.175
  458 38000  4.50  0.00  0.00  0.00  0.00 -23.607 -23.584 -22.994 -22.490 -21.860  -0.316  -0.314  -0.129   0.054  -0.168  -0.166
  459 38000  5.00  0.00  0.00  0.00  0.00 -23.598 -23.575 -22.987 -22.487 -21.855  -0.309  -0.308  -0.132   0.062  -0.170  -0.168
  460 39000  4.00  0.00  0.00  0.00  0.00 -23.644 -23.620 -23.017 -22.513 -21.887  -0.329  -0.327  -0.126   0.051  -0.180  -0.179
  461 39000  4.50  0.00  0.00  0.00  0.00 -23.650 -23.627 -23.031 -22.525 -21.895  -0.323  -0.322  -0.131   0.054  -0.171  -0.170
  462 39000  5.00  0.00  0.00  0.00  0.00 -23.647 -23.623 -23.029 -22.527 -21.894  -0.318  -0.317  -0.133   0.060  -0.174  -0.172
  463 40000  4.00  0.00  0.00  0.00  0.00 -23.681 -23.657 -23.050 -22.545 -21.917  -0.334  -0.332  -0.127   0.052  -0.184  -0.182
  464 40000  4.50  0.00  0.00  0.00  0.00 -23.690 -23.666 -23.066 -22.558 -21.927  -0.329  -0.328  -0.132   0.053  -0.174  -0.173
  465 40000  5.00  0.00  0.00  0.00  0.00 -23.690 -23.666 -23.067 -22.562 -21.929  -0.326  -0.324  -0.134   0.058  -0.177  -0.175
  466 41000  4.50  0.00  0.00  0.00  0.00 -23.726 -23.703 -23.099 -22.590 -21.957  -0.335  -0.333  -0.133   0.053  -0.177  -0.176
  467 41000  5.00  0.00  0.00  0.00  0.00 -23.729 -23.705 -23.101 -22.595 -21.960  -0.332  -0.331  -0.135   0.057  -0.179  -0.178
  468 42000  4.50  0.00  0.00  0.00  0.00 -23.761 -23.738 -23.130 -22.620 -21.985  -0.340  -0.338  -0.134   0.053  -0.179  -0.178
  469 42000  5.00  0.00  0.00  0.00  0.00 -23.765 -23.741 -23.133 -22.625 -21.989  -0.337  -0.336  -0.136   0.057  -0.182  -0.180
  470 43000  4.50  0.00  0.00  0.00  0.00 -23.795 -23.772 -23.160 -22.649 -22.013  -0.344  -0.343  -0.136   0.053  -0.182  -0.180
  471 43000  5.00  0.00  0.00  0.00  0.00 -23.798 -23.775 -23.163 -22.654 -22.017  -0.342  -0.341  -0.137   0.057  -0.183  -0.182
  472 44000  4.50  0.00  0.00  0.00  0.00 -23.828 -23.805 -23.190 -22.678 -22.041  -0.348  -0.347  -0.137   0.054  -0.184  -0.183
  473 44000  5.00  0.00  0.00  0.00  0.00 -23.831 -23.807 -23.193 -22.682 -22.044  -0.347  -0.346  -0.138   0.056  -0.185  -0.184
  474 45000  4.50  0.00  0.00  0.00  0.00 -23.860 -23.837 -23.219 -22.706 -22.068  -0.352  -0.351  -0.138   0.054  -0.187  -0.185
  475 45000  5.00  0.00  0.00  0.00  0.00 -23.862 -23.839 -23.221 -22.709 -22.070  -0.351  -0.350  -0.139   0.056  -0.187  -0.186
  476 46000  4.50  0.00  0.00  0.00  0.00 -23.891 -23.868 -23.247 -22.733 -22.094  -0.356  -0.354  -0.139   0.054  -0.189  -0.187
  477 46000  5.00  0.00  0.00  0.00  0.00 -23.893 -23.869 -23.249 -22.736 -22.095  -0.355  -0.353  -0.140   0.056  -0.189  -0.187
  478 47000  4.50  0.00  0.00  0.00  0.00 -23.921 -23.897 -23.274 -22.760 -22.120  -0.359  -0.358  -0.140   0.054  -0.191  -0.190
  479 47000  5.00  0.00  0.00  0.00  0.00 -23.922 -23.899 -23.276 -22.762 -22.120  -0.358  -0.357  -0.141   0.056  -0.191  -0.189
  480 48000  4.50  0.00  0.00  0.00  0.00 -23.950 -23.927 -23.300 -22.786 -22.146  -0.362  -0.361  -0.140   0.055  -0.193  -0.192
  481 48000  5.00  0.00  0.00  0.00  0.00 -23.951 -23.927 -23.302 -22.787 -22.145  -0.362  -0.360  -0.142   0.057  -0.192  -0.191
  482 49000  4.50  0.00  0.00  0.00  0.00 -23.978 -23.955 -23.326 -22.811 -22.170  -0.365  -0.364  -0.141   0.055  -0.195  -0.194
  483 49000  5.00  0.00  0.00  0.00  0.00 -23.979 -23.955 -23.327 -22.812 -22.169  -0.365  -0.363  -0.143   0.057  -0.194  -0.192
  484 50000  4.50  0.00  0.00  0.00  0.00 -24.005 -23.982 -23.351 -22.835 -22.194  -0.368  -0.367  -0.142   0.055  -0.197  -0.196
  485 50000  5.00  0.00  0.00  0.00  0.00 -24.006 -23.982 -23.352 -22.836 -22.192  -0.368  -0.366  -0.144   0.057  -0.195  -0.194