
       Teff log g  [M]  Vturb  l/H  E(B-V)   u-b    u0-b     b-y      m1      c1     c10    beta     a0      r*
    1  3500  0.00  0.00  0.00  1.25  0.00   4.863   4.855   1.114   0.763   1.107   1.100   2.528   1.743   0.344
    2  3500  0.50  0.00  0.00  1.25  0.00   4.590   4.582   1.056   0.623   1.230   1.222   2.531   1.636   0.388
    3  3500  1.00  0.00  0.00  1.25  0.00   4.299   4.292   1.012   0.475   1.323   1.315   2.536   1.539   0.418
    4  3500  1.50  0.00  0.00  1.25  0.00   4.015   4.008   0.980   0.332   1.390   1.383   2.543   1.456   0.437
    5  3500  2.00  0.00  0.00  1.25  0.00   3.759   3.751   0.955   0.204   1.439   1.432   2.549   1.385   0.450
    6  3500  2.50  0.00  0.00  1.25  0.00   3.551   3.544   0.938   0.102   1.469   1.462   2.552   1.331   0.459
    7  3500  3.00  0.00  0.00  1.25  0.00   3.410   3.403   0.939   0.053   1.425   1.419   2.545   1.307   0.451
    8  3500  3.50  0.00  0.00  1.25  0.00   3.322   3.316   0.969   0.083   1.216   1.210   2.518   1.321   0.403
    9  3500  4.00  0.00  0.00  1.25  0.00   3.261   3.255   0.987   0.123   1.040   1.034   2.496   1.328   0.362
   10  3500  4.50  0.00  0.00  1.25  0.00   3.243   3.238   0.998   0.158   0.929   0.924   2.478   1.336   0.341
   11  3500  5.00  0.00  0.00  1.25  0.00   3.276   3.272   1.006   0.199   0.862   0.858   2.456   1.349   0.339
   12  3750  0.00  0.00  0.00  1.25  0.00   4.864   4.858   1.016   0.957   0.918   0.911   2.513   1.645   0.300
   13  3750  0.50  0.00  0.00  1.25  0.00   4.618   4.611   0.965   0.868   0.950   0.943   2.500   1.550   0.328
   14  3750  1.00  0.00  0.00  1.25  0.00   4.372   4.366   0.927   0.771   0.974   0.968   2.488   1.468   0.351
   15  3750  1.50  0.00  0.00  1.25  0.00   4.143   4.137   0.898   0.676   0.993   0.987   2.477   1.398   0.371
   16  3750  2.00  0.00  0.00  1.25  0.00   3.941   3.935   0.876   0.590   1.008   1.001   2.468   1.339   0.386
   17  3750  2.50  0.00  0.00  1.25  0.00   3.771   3.764   0.858   0.516   1.019   1.013   2.461   1.290   0.398
   18  3750  3.00  0.00  0.00  1.25  0.00   3.635   3.630   0.847   0.458   1.024   1.018   2.453   1.255   0.409
   19  3750  3.50  0.00  0.00  1.25  0.00   3.520   3.515   0.854   0.414   0.982   0.976   2.444   1.241   0.403
   20  3750  4.00  0.00  0.00  1.25  0.00   3.375   3.370   0.890   0.364   0.865   0.860   2.439   1.251   0.365
   21  3750  4.50  0.00  0.00  1.25  0.00   3.250   3.245   0.912   0.328   0.768   0.762   2.438   1.251   0.330
   22  3750  5.00  0.00  0.00  1.25  0.00   3.178   3.174   0.922   0.309   0.713   0.709   2.434   1.248   0.315
   23  4000  0.00  0.00  0.00  1.25  0.00   4.390   4.387   0.927   0.890   0.756   0.752   2.541   1.472   0.222
   24  4000  0.50  0.00  0.00  1.25  0.00   4.169   4.165   0.877   0.838   0.738   0.734   2.529   1.382   0.232
   25  4000  1.00  0.00  0.00  1.25  0.00   3.971   3.967   0.840   0.781   0.726   0.722   2.515   1.309   0.244
   26  4000  1.50  0.00  0.00  1.25  0.00   3.806   3.802   0.814   0.727   0.722   0.718   2.499   1.253   0.260
   27  4000  2.00  0.00  0.00  1.25  0.00   3.674   3.670   0.795   0.676   0.729   0.724   2.483   1.210   0.280
   28  4000  2.50  0.00  0.00  1.25  0.00   3.574   3.569   0.781   0.635   0.740   0.736   2.465   1.178   0.303
   29  4000  3.00  0.00  0.00  1.25  0.00   3.503   3.499   0.771   0.604   0.751   0.747   2.447   1.156   0.325
   30  4000  3.50  0.00  0.00  1.25  0.00   3.455   3.451   0.766   0.583   0.756   0.752   2.429   1.142   0.346
   31  4000  4.00  0.00  0.00  1.25  0.00   3.392   3.387   0.778   0.551   0.731   0.727   2.415   1.142   0.350
   32  4000  4.50  0.00  0.00  1.25  0.00   3.258   3.253   0.813   0.483   0.665   0.661   2.417   1.154   0.322
   33  4000  5.00  0.00  0.00  1.25  0.00   3.120   3.116   0.836   0.415   0.615   0.611   2.422   1.152   0.298
   34  4250  0.00  0.00  0.00  1.25  0.00   3.795   3.793   0.857   0.744   0.589   0.587   2.558   1.294   0.152
   35  4250  0.50  0.00  0.00  1.25  0.00   3.607   3.606   0.807   0.720   0.551   0.550   2.552   1.211   0.149
   36  4250  1.00  0.00  0.00  1.25  0.00   3.438   3.437   0.769   0.689   0.521   0.519   2.544   1.143   0.149
   37  4250  1.50  0.00  0.00  1.25  0.00   3.300   3.299   0.741   0.656   0.505   0.504   2.533   1.090   0.157
   38  4250  2.00  0.00  0.00  1.25  0.00   3.201   3.199   0.719   0.628   0.503   0.502   2.519   1.049   0.171
   39  4250  2.50  0.00  0.00  1.25  0.00   3.141   3.140   0.704   0.609   0.514   0.512   2.504   1.024   0.191
   40  4250  3.00  0.00  0.00  1.25  0.00   3.118   3.116   0.693   0.599   0.532   0.531   2.485   1.009   0.217
   41  4250  3.50  0.00  0.00  1.25  0.00   3.125   3.123   0.687   0.598   0.553   0.552   2.464   1.004   0.246
   42  4250  4.00  0.00  0.00  1.25  0.00   3.153   3.151   0.685   0.606   0.569   0.567   2.441   1.007   0.275
   43  4250  4.50  0.00  0.00  1.25  0.00   3.150   3.148   0.697   0.594   0.567   0.564   2.424   1.018   0.290
   44  4250  5.00  0.00  0.00  1.25  0.00   3.055   3.052   0.728   0.527   0.542   0.540   2.422   1.032   0.281
   45  4500  0.00  0.00  0.00  1.25  0.00   3.293   3.290   0.789   0.594   0.524   0.522   2.566   1.136   0.126
   46  4500  0.50  0.00  0.00  1.25  0.00   3.141   3.140   0.745   0.585   0.480   0.478   2.563   1.065   0.117
   47  4500  1.00  0.00  0.00  1.25  0.00   3.003   3.002   0.710   0.572   0.437   0.436   2.559   1.005   0.109
   48  4500  1.50  0.00  0.00  1.25  0.00   2.887   2.886   0.682   0.558   0.405   0.404   2.553   0.956   0.106
   49  4500  2.00  0.00  0.00  1.25  0.00   2.797   2.797   0.660   0.544   0.387   0.387   2.545   0.918   0.109
   50  4500  2.50  0.00  0.00  1.25  0.00   2.738   2.738   0.642   0.535   0.383   0.383   2.534   0.890   0.120
   51  4500  3.00  0.00  0.00  1.25  0.00   2.714   2.714   0.628   0.533   0.391   0.391   2.522   0.872   0.136
   52  4500  3.50  0.00  0.00  1.25  0.00   2.727   2.727   0.617   0.541   0.407   0.407   2.506   0.862   0.158
   53  4500  4.00  0.00  0.00  1.25  0.00   2.770   2.770   0.611   0.560   0.426   0.426   2.487   0.864   0.184
   54  4500  4.50  0.00  0.00  1.25  0.00   2.832   2.832   0.609   0.584   0.444   0.444   2.464   0.874   0.214
   55  4500  5.00  0.00  0.00  1.25  0.00   2.872   2.871   0.619   0.587   0.457   0.456   2.445   0.890   0.236
   56  4750  0.00  0.00  0.00  1.25  0.00   2.934   2.931   0.709   0.476   0.562   0.559   2.574   0.991   0.137
   57  4750  0.50  0.00  0.00  1.25  0.00   2.792   2.790   0.676   0.466   0.507   0.504   2.571   0.933   0.123
   58  4750  1.00  0.00  0.00  1.25  0.00   2.668   2.667   0.648   0.459   0.451   0.450   2.568   0.883   0.109
   59  4750  1.50  0.00  0.00  1.25  0.00   2.566   2.565   0.626   0.454   0.403   0.402   2.564   0.842   0.098
   60  4750  2.00  0.00  0.00  1.25  0.00   2.487   2.486   0.607   0.452   0.367   0.366   2.559   0.809   0.092
   61  4750  2.50  0.00  0.00  1.25  0.00   2.431   2.431   0.591   0.452   0.343   0.343   2.553   0.783   0.091
   62  4750  3.00  0.00  0.00  1.25  0.00   2.402   2.402   0.576   0.457   0.333   0.333   2.545   0.763   0.096
   63  4750  3.50  0.00  0.00  1.25  0.00   2.402   2.402   0.564   0.468   0.335   0.335   2.535   0.751   0.108
   64  4750  4.00  0.00  0.00  1.25  0.00   2.432   2.433   0.555   0.488   0.345   0.346   2.522   0.748   0.125
   65  4750  4.50  0.00  0.00  1.25  0.00   2.489   2.490   0.548   0.516   0.359   0.359   2.505   0.751   0.147
   66  4750  5.00  0.00  0.00  1.25  0.00   2.560   2.561   0.545   0.548   0.373   0.374   2.486   0.761   0.172
   67  5000  0.00  0.00  0.00  1.25  0.00   2.701   2.698   0.622   0.393   0.670   0.666   2.584   0.862   0.171
   68  5000  0.50  0.00  0.00  1.25  0.00   2.557   2.555   0.598   0.382   0.595   0.592   2.581   0.813   0.149
   69  5000  1.00  0.00  0.00  1.25  0.00   2.430   2.428   0.580   0.372   0.524   0.522   2.577   0.772   0.130
   70  5000  1.50  0.00  0.00  1.25  0.00   2.325   2.324   0.566   0.366   0.460   0.458   2.574   0.739   0.112
   71  5000  2.00  0.00  0.00  1.25  0.00   2.244   2.243   0.553   0.365   0.405   0.404   2.570   0.711   0.098
   72  5000  2.50  0.00  0.00  1.25  0.00   2.186   2.185   0.542   0.369   0.361   0.361   2.566   0.690   0.087
   73  5000  3.00  0.00  0.00  1.25  0.00   2.152   2.151   0.531   0.379   0.330   0.330   2.561   0.673   0.082
   74  5000  3.50  0.00  0.00  1.25  0.00   2.142   2.142   0.520   0.394   0.312   0.312   2.554   0.660   0.084
   75  5000  4.00  0.00  0.00  1.25  0.00   2.160   2.160   0.510   0.415   0.306   0.307   2.546   0.653   0.091
   76  5000  4.50  0.00  0.00  1.25  0.00   2.203   2.204   0.502   0.444   0.309   0.310   2.535   0.654   0.103
   77  5000  5.00  0.00  0.00  1.25  0.00   2.265   2.266   0.495   0.478   0.318   0.319   2.521   0.658   0.121
   78  5250  0.00  0.00  0.00  1.25  0.00   2.545   2.541   0.538   0.329   0.809   0.805   2.597   0.750   0.212
   79  5250  0.50  0.00  0.00  1.25  0.00   2.402   2.399   0.523   0.320   0.715   0.712   2.593   0.710   0.185
   80  5250  1.00  0.00  0.00  1.25  0.00   2.270   2.268   0.511   0.310   0.625   0.623   2.590   0.674   0.157
   81  5250  1.50  0.00  0.00  1.25  0.00   2.158   2.156   0.503   0.303   0.544   0.542   2.586   0.646   0.133
   82  5250  2.00  0.00  0.00  1.25  0.00   2.066   2.064   0.496   0.300   0.472   0.470   2.582   0.622   0.113
   83  5250  2.50  0.00  0.00  1.25  0.00   1.996   1.995   0.491   0.301   0.410   0.409   2.578   0.605   0.096
   84  5250  3.00  0.00  0.00  1.25  0.00   1.950   1.949   0.484   0.310   0.360   0.359   2.574   0.590   0.083
   85  5250  3.50  0.00  0.00  1.25  0.00   1.928   1.927   0.478   0.325   0.321   0.320   2.569   0.580   0.075
   86  5250  4.00  0.00  0.00  1.25  0.00   1.932   1.932   0.471   0.346   0.296   0.295   2.563   0.573   0.072
   87  5250  4.50  0.00  0.00  1.25  0.00   1.961   1.961   0.463   0.375   0.283   0.283   2.556   0.571   0.076
   88  5250  5.00  0.00  0.00  1.25  0.00   2.011   2.012   0.456   0.409   0.280   0.280   2.546   0.573   0.085
   89  5500  0.00  0.00  0.00  1.25  0.00   2.444   2.441   0.460   0.280   0.963   0.960   2.611   0.654   0.258
   90  5500  0.50  0.00  0.00  1.25  0.00   2.303   2.301   0.452   0.272   0.853   0.850   2.608   0.621   0.223
   91  5500  1.00  0.00  0.00  1.25  0.00   2.169   2.167   0.447   0.264   0.745   0.743   2.605   0.592   0.189
   92  5500  1.50  0.00  0.00  1.25  0.00   2.049   2.046   0.444   0.257   0.645   0.643   2.601   0.567   0.158
   93  5500  2.00  0.00  0.00  1.25  0.00   1.945   1.943   0.441   0.253   0.554   0.553   2.597   0.546   0.131
   94  5500  2.50  0.00  0.00  1.25  0.00   1.861   1.859   0.440   0.252   0.475   0.473   2.593   0.529   0.107
   95  5500  3.00  0.00  0.00  1.25  0.00   1.798   1.797   0.438   0.257   0.406   0.405   2.589   0.516   0.087
   96  5500  3.50  0.00  0.00  1.25  0.00   1.758   1.757   0.435   0.268   0.349   0.349   2.584   0.506   0.073
   97  5500  4.00  0.00  0.00  1.25  0.00   1.744   1.744   0.432   0.287   0.305   0.305   2.580   0.501   0.062
   98  5500  4.50  0.00  0.00  1.25  0.00   1.755   1.755   0.428   0.312   0.274   0.274   2.574   0.499   0.057
   99  5500  5.00  0.00  0.00  1.25  0.00   1.791   1.791   0.422   0.345   0.255   0.256   2.567   0.499   0.058
  100  5750  0.00  0.00  0.00  1.25  0.00   2.389   2.387   0.387   0.243   1.126   1.124   2.627   0.571   0.304
  101  5750  0.50  0.00  0.00  1.25  0.00   2.253   2.251   0.387   0.236   1.004   1.002   2.626   0.547   0.263
  102  5750  1.00  0.00  0.00  1.25  0.00   2.116   2.114   0.387   0.229   0.881   0.879   2.623   0.522   0.223
  103  5750  1.50  0.00  0.00  1.25  0.00   1.988   1.986   0.388   0.223   0.763   0.761   2.620   0.500   0.184
  104  5750  2.00  0.00  0.00  1.25  0.00   1.873   1.871   0.390   0.218   0.653   0.652   2.616   0.481   0.150
  105  5750  2.50  0.00  0.00  1.25  0.00   1.774   1.773   0.392   0.217   0.554   0.553   2.611   0.466   0.120
  106  5750  3.00  0.00  0.00  1.25  0.00   1.694   1.693   0.393   0.220   0.466   0.465   2.606   0.453   0.094
  107  5750  3.50  0.00  0.00  1.25  0.00   1.635   1.634   0.394   0.227   0.391   0.390   2.602   0.443   0.072
  108  5750  4.00  0.00  0.00  1.25  0.00   1.600   1.599   0.394   0.241   0.329   0.328   2.597   0.437   0.055
  109  5750  4.50  0.00  0.00  1.25  0.00   1.590   1.589   0.393   0.261   0.281   0.280   2.592   0.434   0.043
  110  5750  5.00  0.00  0.00  1.25  0.00   1.606   1.606   0.390   0.289   0.246   0.246   2.586   0.434   0.038
  111  6000  0.00  0.00  0.00  1.25  0.00   2.367   2.365   0.317   0.210   1.309   1.307   2.644   0.497   0.356
  112  6000  0.50  0.00  0.00  1.25  0.00   2.240   2.238   0.326   0.210   1.165   1.163   2.645   0.484   0.304
  113  6000  1.00  0.00  0.00  1.25  0.00   2.103   2.102   0.332   0.204   1.030   1.029   2.644   0.465   0.258
  114  6000  1.50  0.00  0.00  1.25  0.00   1.968   1.966   0.337   0.198   0.897   0.895   2.642   0.446   0.213
  115  6000  2.00  0.00  0.00  1.25  0.00   1.842   1.840   0.342   0.193   0.769   0.768   2.638   0.428   0.172
  116  6000  2.50  0.00  0.00  1.25  0.00   1.728   1.727   0.347   0.191   0.650   0.648   2.633   0.413   0.135
  117  6000  3.00  0.00  0.00  1.25  0.00   1.630   1.629   0.352   0.192   0.541   0.540   2.628   0.400   0.101
  118  6000  3.50  0.00  0.00  1.25  0.00   1.553   1.552   0.355   0.197   0.446   0.444   2.622   0.389   0.074
  119  6000  4.00  0.00  0.00  1.25  0.00   1.497   1.496   0.357   0.208   0.365   0.364   2.617   0.381   0.050
  120  6000  4.50  0.00  0.00  1.25  0.00   1.465   1.464   0.359   0.223   0.299   0.298   2.611   0.377   0.033
  121  6000  5.00  0.00  0.00  1.25  0.00   1.458   1.458   0.359   0.245   0.248   0.248   2.606   0.376   0.021
  122  6250  0.50  0.00  0.00  1.25  0.00   2.249   2.248   0.265   0.185   1.347   1.346   2.666   0.424   0.352
  123  6250  1.00  0.00  0.00  1.25  0.00   2.117   2.116   0.278   0.186   1.187   1.186   2.667   0.414   0.294
  124  6250  1.50  0.00  0.00  1.25  0.00   1.980   1.978   0.288   0.180   1.040   1.039   2.666   0.399   0.242
  125  6250  2.00  0.00  0.00  1.25  0.00   1.844   1.843   0.297   0.176   0.897   0.896   2.663   0.384   0.195
  126  6250  2.50  0.00  0.00  1.25  0.00   1.717   1.716   0.305   0.172   0.760   0.759   2.659   0.369   0.150
  127  6250  3.00  0.00  0.00  1.25  0.00   1.603   1.602   0.313   0.172   0.632   0.631   2.653   0.356   0.111
  128  6250  3.50  0.00  0.00  1.25  0.00   1.506   1.505   0.319   0.176   0.515   0.514   2.647   0.345   0.076
  129  6250  4.00  0.00  0.00  1.25  0.00   1.429   1.428   0.323   0.183   0.414   0.413   2.641   0.335   0.046
  130  6250  4.50  0.00  0.00  1.25  0.00   1.375   1.374   0.327   0.195   0.329   0.328   2.634   0.329   0.023
  131  6250  5.00  0.00  0.00  1.25  0.00   1.346   1.345   0.329   0.212   0.262   0.261   2.628   0.326   0.005
  132  6500  0.50  0.00  0.00  1.25  0.00   2.267   2.266   0.205   0.164   1.526   1.525   2.687   0.368   0.397
  133  6500  1.00  0.00  0.00  1.25  0.00   2.146   2.145   0.224   0.167   1.363   1.362   2.691   0.365   0.335
  134  6500  1.50  0.00  0.00  1.25  0.00   2.010   2.009   0.241   0.169   1.188   1.187   2.692   0.357   0.272
  135  6500  2.00  0.00  0.00  1.25  0.00   1.871   1.870   0.253   0.166   1.031   1.030   2.691   0.344   0.217
  136  6500  2.50  0.00  0.00  1.25  0.00   1.735   1.734   0.265   0.162   0.879   0.878   2.687   0.332   0.167
  137  6500  3.00  0.00  0.00  1.25  0.00   1.607   1.606   0.275   0.161   0.734   0.733   2.682   0.319   0.120
  138  6500  3.50  0.00  0.00  1.25  0.00   1.491   1.490   0.284   0.162   0.598   0.597   2.675   0.307   0.079
  139  6500  4.00  0.00  0.00  1.25  0.00   1.393   1.392   0.291   0.166   0.476   0.475   2.668   0.296   0.043
  140  6500  4.50  0.00  0.00  1.25  0.00   1.317   1.316   0.297   0.175   0.371   0.370   2.661   0.289   0.013
  141  6500  5.00  0.00  0.00  1.25  0.00   1.265   1.264   0.301   0.188   0.286   0.285   2.654   0.284  -0.010
  142  6750  0.50  0.00  0.00  1.25  0.00   2.266   2.266   0.160   0.149   1.646   1.645   2.698   0.323   0.432
  143  6750  1.00  0.00  0.00  1.25  0.00   2.176   2.176   0.169   0.152   1.532   1.531   2.715   0.315   0.374
  144  6750  1.50  0.00  0.00  1.25  0.00   2.048   2.048   0.191   0.156   1.352   1.351   2.719   0.314   0.305
  145  6750  2.00  0.00  0.00  1.25  0.00   1.909   1.908   0.211   0.159   1.166   1.166   2.719   0.309   0.239
  146  6750  2.50  0.00  0.00  1.25  0.00   1.769   1.769   0.226   0.158   1.000   0.999   2.718   0.299   0.181
  147  6750  3.00  0.00  0.00  1.25  0.00   1.632   1.632   0.238   0.157   0.840   0.840   2.713   0.287   0.129
  148  6750  3.50  0.00  0.00  1.25  0.00   1.503   1.502   0.250   0.156   0.689   0.688   2.706   0.275   0.082
  149  6750  4.00  0.00  0.00  1.25  0.00   1.386   1.386   0.260   0.158   0.549   0.548   2.698   0.264   0.041
  150  6750  4.50  0.00  0.00  1.25  0.00   1.289   1.288   0.268   0.163   0.425   0.424   2.690   0.255   0.005
  151  6750  5.00  0.00  0.00  1.25  0.00   1.215   1.214   0.275   0.172   0.320   0.319   2.682   0.249  -0.025
  152  7000  0.50  0.00  0.00  1.25  0.00   2.242   2.242   0.126   0.136   1.717   1.717   2.699   0.285   0.458
  153  7000  1.00  0.00  0.00  1.25  0.00   2.184   2.184   0.130   0.140   1.642   1.642   2.728   0.278   0.403
  154  7000  1.50  0.00  0.00  1.25  0.00   2.084   2.083   0.142   0.146   1.506   1.506   2.745   0.272   0.337
  155  7000  2.00  0.00  0.00  1.25  0.00   1.952   1.951   0.165   0.153   1.313   1.312   2.749   0.271   0.264
  156  7000  2.50  0.00  0.00  1.25  0.00   1.810   1.810   0.187   0.157   1.120   1.120   2.749   0.268   0.195
  157  7000  3.00  0.00  0.00  1.25  0.00   1.669   1.669   0.203   0.157   0.948   0.947   2.746   0.258   0.136
  158  7000  3.50  0.00  0.00  1.25  0.00   1.532   1.531   0.217   0.156   0.783   0.782   2.740   0.247   0.084
  159  7000  4.00  0.00  0.00  1.25  0.00   1.403   1.402   0.229   0.157   0.628   0.627   2.732   0.236   0.036
  160  7000  4.50  0.00  0.00  1.25  0.00   1.287   1.286   0.240   0.159   0.487   0.486   2.723   0.226  -0.005
  161  7000  5.00  0.00  0.00  1.25  0.00   1.191   1.190   0.248   0.164   0.364   0.363   2.714   0.217  -0.039
  162  7250  0.50  0.00  0.00  1.25  0.00   2.176   2.177   0.105   0.124   1.715   1.715   2.687   0.251   0.471
  163  7250  1.00  0.00  0.00  1.25  0.00   2.167   2.167   0.099   0.129   1.709   1.709   2.731   0.244   0.425
  164  7250  1.50  0.00  0.00  1.25  0.00   2.094   2.094   0.106   0.138   1.603   1.603   2.760   0.238   0.359
  165  7250  2.00  0.00  0.00  1.25  0.00   1.987   1.987   0.120   0.147   1.451   1.451   2.777   0.233   0.287
  166  7250  2.50  0.00  0.00  1.25  0.00   1.852   1.851   0.145   0.155   1.249   1.249   2.780   0.233   0.212
  167  7250  3.00  0.00  0.00  1.25  0.00   1.710   1.709   0.168   0.160   1.053   1.052   2.779   0.231   0.142
  168  7250  3.50  0.00  0.00  1.25  0.00   1.569   1.569   0.185   0.161   0.876   0.875   2.775   0.222   0.083
  169  7250  4.00  0.00  0.00  1.25  0.00   1.432   1.432   0.199   0.161   0.710   0.709   2.768   0.211   0.031
  170  7250  4.50  0.00  0.00  1.25  0.00   1.303   1.303   0.212   0.161   0.554   0.554   2.758   0.201  -0.014
  171  7250  5.00  0.00  0.00  1.25  0.00   1.190   1.189   0.223   0.164   0.414   0.414   2.748   0.192  -0.054
  172  7500  0.50  0.00  0.00  1.25  0.00   2.029   2.029   0.114   0.109   1.581   1.581   2.653   0.234   0.457
  173  7500  1.00  0.00  0.00  1.25  0.00   2.111   2.111   0.078   0.117   1.720   1.720   2.721   0.213   0.441
  174  7500  1.50  0.00  0.00  1.25  0.00   2.074   2.074   0.079   0.128   1.659   1.659   2.763   0.207   0.377
  175  7500  2.00  0.00  0.00  1.25  0.00   1.993   1.992   0.088   0.141   1.533   1.533   2.792   0.202   0.303
  176  7500  2.50  0.00  0.00  1.25  0.00   1.883   1.883   0.104   0.153   1.368   1.368   2.809   0.198   0.228
  177  7500  3.00  0.00  0.00  1.25  0.00   1.748   1.747   0.130   0.162   1.161   1.161   2.811   0.199   0.151
  178  7500  3.50  0.00  0.00  1.25  0.00   1.607   1.606   0.153   0.166   0.967   0.966   2.809   0.197   0.083
  179  7500  4.00  0.00  0.00  1.25  0.00   1.467   1.467   0.170   0.168   0.789   0.788   2.803   0.189   0.026
  180  7500  4.50  0.00  0.00  1.25  0.00   1.331   1.331   0.185   0.168   0.622   0.622   2.795   0.179  -0.025
  181  7500  5.00  0.00  0.00  1.25  0.00   1.205   1.204   0.198   0.169   0.469   0.468   2.784   0.170  -0.069
  182  7750  1.00  0.00  0.00  1.25  0.00   2.014   2.014   0.068   0.105   1.664   1.664   2.698   0.185   0.445
  183  7750  1.50  0.00  0.00  1.25  0.00   2.023   2.023   0.059   0.117   1.670   1.670   2.755   0.178   0.390
  184  7750  2.00  0.00  0.00  1.25  0.00   1.969   1.969   0.064   0.132   1.575   1.575   2.796   0.173   0.316
  185  7750  2.50  0.00  0.00  1.25  0.00   1.883   1.883   0.075   0.148   1.434   1.434   2.824   0.169   0.238
  186  7750  3.00  0.00  0.00  1.25  0.00   1.773   1.772   0.092   0.162   1.262   1.261   2.839   0.166   0.161
  187  7750  3.50  0.00  0.00  1.25  0.00   1.640   1.639   0.119   0.171   1.056   1.056   2.842   0.169   0.084
  188  7750  4.00  0.00  0.00  1.25  0.00   1.501   1.501   0.142   0.176   0.864   0.864   2.838   0.167   0.019
  189  7750  4.50  0.00  0.00  1.25  0.00   1.363   1.362   0.159   0.178   0.687   0.687   2.831   0.159  -0.037
  190  7750  5.00  0.00  0.00  1.25  0.00   1.228   1.228   0.174   0.177   0.523   0.523   2.820   0.150  -0.084
  191  8000  1.00  0.00  0.00  1.25  0.00   1.861   1.861   0.075   0.091   1.527   1.528   2.661   0.165   0.434
  192  8000  1.50  0.00  0.00  1.25  0.00   1.942   1.942   0.046   0.106   1.636   1.636   2.735   0.150   0.399
  193  8000  2.00  0.00  0.00  1.25  0.00   1.921   1.921   0.046   0.121   1.585   1.585   2.789   0.147   0.328
  194  8000  2.50  0.00  0.00  1.25  0.00   1.859   1.859   0.054   0.140   1.470   1.470   2.829   0.144   0.247
  195  8000  3.00  0.00  0.00  1.25  0.00   1.771   1.771   0.065   0.159   1.321   1.320   2.856   0.138   0.166
  196  8000  3.50  0.00  0.00  1.25  0.00   1.661   1.661   0.084   0.175   1.140   1.139   2.869   0.137   0.089
  197  8000  4.00  0.00  0.00  1.25  0.00   1.529   1.529   0.112   0.184   0.936   0.936   2.870   0.142   0.015
  198  8000  4.50  0.00  0.00  1.25  0.00   1.392   1.392   0.133   0.187   0.750   0.750   2.865   0.138  -0.047
  199  8000  5.00  0.00  0.00  1.25  0.00   1.256   1.256   0.150   0.188   0.577   0.577   2.855   0.131  -0.099
  200  8250  1.00  0.00  0.00  1.25  0.00   1.661   1.661   0.089   0.075   1.331   1.332   2.620   0.143   0.405
  201  8250  1.50  0.00  0.00  1.25  0.00   1.833   1.834   0.042   0.095   1.558   1.558   2.707   0.127   0.400
  202  8250  2.00  0.00  0.00  1.25  0.00   1.849   1.850   0.033   0.111   1.561   1.561   2.772   0.121   0.337
  203  8250  2.50  0.00  0.00  1.25  0.00   1.813   1.813   0.036   0.130   1.477   1.477   2.823   0.117   0.256
  204  8250  3.00  0.00  0.00  1.25  0.00   1.746   1.746   0.046   0.152   1.348   1.348   2.862   0.115   0.172
  205  8250  3.50  0.00  0.00  1.25  0.00   1.658   1.658   0.059   0.174   1.191   1.191   2.886   0.112   0.092
  206  8250  4.00  0.00  0.00  1.25  0.00   1.548   1.547   0.080   0.190   1.006   1.005   2.896   0.113   0.015
  207  8250  4.50  0.00  0.00  1.25  0.00   1.417   1.417   0.107   0.197   0.808   0.808   2.896   0.117  -0.056
  208  8250  5.00  0.00  0.00  1.25  0.00   1.282   1.282   0.127   0.199   0.627   0.627   2.889   0.112  -0.113
  209  8500  1.50  0.00  0.00  1.25  0.00   1.709   1.709   0.042   0.086   1.451   1.452   2.676   0.105   0.394
  210  8500  2.00  0.00  0.00  1.25  0.00   1.764   1.764   0.024   0.102   1.509   1.510   2.748   0.096   0.344
  211  8500  2.50  0.00  0.00  1.25  0.00   1.750   1.750   0.023   0.121   1.460   1.460   2.809   0.093   0.265
  212  8500  3.00  0.00  0.00  1.25  0.00   1.703   1.703   0.030   0.143   1.356   1.356   2.858   0.092   0.180
  213  8500  3.50  0.00  0.00  1.25  0.00   1.634   1.634   0.040   0.167   1.217   1.217   2.893   0.089   0.095
  214  8500  4.00  0.00  0.00  1.25  0.00   1.546   1.545   0.054   0.191   1.053   1.052   2.914   0.087   0.015
  215  8500  4.50  0.00  0.00  1.25  0.00   1.433   1.433   0.079   0.206   0.862   0.862   2.920   0.092  -0.059
  216  8500  5.00  0.00  0.00  1.25  0.00   1.304   1.304   0.104   0.211   0.673   0.672   2.918   0.094  -0.125
  217  8750  1.50  0.00  0.00  1.25  0.00   1.576   1.577   0.044   0.078   1.330   1.331   2.648   0.083   0.380
  218  8750  2.00  0.00  0.00  1.25  0.00   1.669   1.669   0.020   0.093   1.440   1.440   2.722   0.075   0.346
  219  8750  2.50  0.00  0.00  1.25  0.00   1.678   1.678   0.015   0.111   1.424   1.424   2.789   0.072   0.273
  220  8750  3.00  0.00  0.00  1.25  0.00   1.649   1.650   0.018   0.134   1.345   1.345   2.847   0.070   0.187
  221  8750  3.50  0.00  0.00  1.25  0.00   1.597   1.596   0.026   0.159   1.225   1.225   2.892   0.068   0.100
  222  8750  4.00  0.00  0.00  1.25  0.00   1.525   1.525   0.037   0.187   1.076   1.075   2.922   0.066   0.017
  223  8750  4.50  0.00  0.00  1.25  0.00   1.434   1.434   0.054   0.211   0.902   0.902   2.937   0.067  -0.060
  224  8750  5.00  0.00  0.00  1.25  0.00   1.319   1.319   0.080   0.222   0.713   0.713   2.941   0.072  -0.132
  225  9000  1.50  0.00  0.00  0.00  0.00   1.440   1.440   0.046   0.072   1.201   1.202   2.627   0.060   0.355
  226  9000  2.00  0.00  0.00  0.00  0.00   1.569   1.570   0.018   0.087   1.356   1.356   2.698   0.055   0.340
  227  9000  2.50  0.00  0.00  0.00  0.00   1.601   1.601   0.009   0.104   1.373   1.373   2.767   0.052   0.278
  228  9000  3.00  0.00  0.00  0.00  0.00   1.588   1.588   0.009   0.125   1.317   1.317   2.830   0.050   0.195
  229  9000  3.50  0.00  0.00  0.00  0.00   1.549   1.549   0.015   0.151   1.216   1.216   2.884   0.049   0.106
  230  9000  4.00  0.00  0.00  0.00  0.00   1.492   1.491   0.024   0.180   1.082   1.082   2.923   0.047   0.019
  231  9000  4.50  0.00  0.00  0.00  0.00   1.418   1.417   0.036   0.208   0.926   0.926   2.946   0.046  -0.059
  232  9000  5.00  0.00  0.00  0.00  0.00   1.329   1.329   0.051   0.236   0.753   0.753   2.956   0.045  -0.131
  233  9250  2.00  0.00  0.00  0.00  0.00   1.469   1.469   0.017   0.083   1.268   1.269   2.677   0.037   0.331
  234  9250  2.50  0.00  0.00  0.00  0.00   1.522   1.522   0.005   0.098   1.314   1.314   2.745   0.034   0.280
  235  9250  3.00  0.00  0.00  0.00  0.00   1.524   1.525   0.002   0.118   1.282   1.282   2.812   0.031   0.202
  236  9250  3.50  0.00  0.00  0.00  0.00   1.498   1.498   0.006   0.143   1.200   1.200   2.872   0.031   0.113
  237  9250  4.00  0.00  0.00  0.00  0.00   1.453   1.453   0.013   0.171   1.082   1.082   2.919   0.029   0.024
  238  9250  4.50  0.00  0.00  0.00  0.00   1.391   1.391   0.024   0.202   0.937   0.937   2.950   0.029  -0.059
  239  9250  5.00  0.00  0.00  0.00  0.00   1.314   1.314   0.037   0.233   0.771   0.771   2.965   0.028  -0.133
  240  9500  2.00  0.00  0.00  0.00  0.00   1.369   1.369   0.015   0.079   1.178   1.178   2.660   0.016   0.316
  241  9500  2.50  0.00  0.00  0.00  0.00   1.439   1.440   0.001   0.094   1.248   1.249   2.726   0.015   0.276
  242  9500  3.00  0.00  0.00  0.00  0.00   1.457   1.457  -0.003   0.112   1.238   1.238   2.793   0.014   0.206
  243  9500  3.50  0.00  0.00  0.00  0.00   1.444   1.444  -0.002   0.135   1.175   1.175   2.857   0.013   0.119
  244  9500  4.00  0.00  0.00  0.00  0.00   1.410   1.410   0.004   0.164   1.073   1.073   2.911   0.013   0.029
  245  9500  4.50  0.00  0.00  0.00  0.00   1.359   1.359   0.013   0.196   0.940   0.940   2.949   0.013  -0.056
  246  9500  5.00  0.00  0.00  0.00  0.00   1.292   1.292   0.025   0.229   0.781   0.781   2.971   0.012  -0.134
  247  9750  2.00  0.00  0.00  0.00  0.00   1.273   1.274   0.014   0.076   1.090   1.091   2.647  -0.002   0.299
  248  9750  2.50  0.00  0.00  0.00  0.00   1.357   1.357  -0.001   0.090   1.178   1.178   2.708  -0.002   0.269
  249  9750  3.00  0.00  0.00  0.00  0.00   1.387   1.387  -0.007   0.107   1.186   1.187   2.774  -0.002   0.207
  250  9750  3.50  0.00  0.00  0.00  0.00   1.386   1.386  -0.008   0.129   1.142   1.142   2.840  -0.004   0.125
  251  9750  4.00  0.00  0.00  0.00  0.00   1.363   1.363  -0.004   0.156   1.056   1.056   2.899  -0.004   0.036
  252  9750  4.50  0.00  0.00  0.00  0.00   1.322   1.322   0.004   0.189   0.935   0.935   2.945  -0.003  -0.053
  253  9750  5.00  0.00  0.00  0.00  0.00   1.266   1.266   0.015   0.224   0.787   0.787   2.973  -0.002  -0.134
  254 10000  2.00  0.00  0.00  0.00  0.00   1.183   1.184   0.012   0.074   1.008   1.009   2.635  -0.020   0.282
  255 10000  2.50  0.00  0.00  0.00  0.00   1.277   1.277  -0.004   0.087   1.108   1.109   2.694  -0.019   0.259
  256 10000  3.00  0.00  0.00  0.00  0.00   1.317   1.318  -0.011   0.103   1.131   1.131   2.756  -0.019   0.206
  257 10000  3.50  0.00  0.00  0.00  0.00   1.326   1.326  -0.012   0.123   1.102   1.102   2.822  -0.018   0.130
  258 10000  4.00  0.00  0.00  0.00  0.00   1.313   1.313  -0.010   0.150   1.031   1.032   2.886  -0.019   0.041
  259 10000  4.50  0.00  0.00  0.00  0.00   1.282   1.282  -0.004   0.182   0.925   0.925   2.937  -0.018  -0.048
  260 10000  5.00  0.00  0.00  0.00  0.00   1.235   1.235   0.006   0.217   0.788   0.788   2.971  -0.017  -0.131
  261 10250  2.00  0.00  0.00  0.00  0.00   1.099   1.100   0.010   0.073   0.931   0.932   2.626  -0.037   0.265
  262 10250  2.50  0.00  0.00  0.00  0.00   1.200   1.200  -0.006   0.085   1.040   1.040   2.681  -0.035   0.248
  263 10250  3.00  0.00  0.00  0.00  0.00   1.248   1.249  -0.014   0.100   1.074   1.075   2.741  -0.034   0.201
  264 10250  3.50  0.00  0.00  0.00  0.00   1.265   1.266  -0.016   0.119   1.058   1.059   2.805  -0.033   0.132
  265 10250  4.00  0.00  0.00  0.00  0.00   1.261   1.261  -0.015   0.143   1.002   1.002   2.870  -0.033   0.047
  266 10250  4.50  0.00  0.00  0.00  0.00   1.238   1.239  -0.010   0.174   0.909   0.909   2.926  -0.032  -0.042
  267 10250  5.00  0.00  0.00  0.00  0.00   1.201   1.202  -0.002   0.210   0.785   0.785   2.967  -0.031  -0.127
  268 10500  2.00  0.00  0.00  0.00  0.00   1.022   1.022   0.008   0.071   0.860   0.861   2.617  -0.053   0.249
  269 10500  2.50  0.00  0.00  0.00  0.00   1.126   1.127  -0.008   0.083   0.974   0.975   2.670  -0.050   0.237
  270 10500  3.00  0.00  0.00  0.00  0.00   1.181   1.181  -0.017   0.098   1.017   1.018   2.727  -0.049   0.195
  271 10500  3.50  0.00  0.00  0.00  0.00   1.205   1.205  -0.020   0.115   1.012   1.012   2.790  -0.048   0.131
  272 10500  4.00  0.00  0.00  0.00  0.00   1.207   1.208  -0.019   0.138   0.968   0.968   2.854  -0.047   0.051
  273 10500  4.50  0.00  0.00  0.00  0.00   1.193   1.193  -0.016   0.167   0.888   0.888   2.914  -0.047  -0.037
  274 10500  5.00  0.00  0.00  0.00  0.00   1.164   1.164  -0.009   0.203   0.775   0.775   2.960  -0.044  -0.123
  275 10750  2.00  0.00  0.00  0.00  0.00   0.951   0.951   0.006   0.070   0.796   0.797   2.610  -0.068   0.234
  276 10750  2.50  0.00  0.00  0.00  0.00   1.057   1.058  -0.011   0.082   0.913   0.913   2.661  -0.066   0.224
  277 10750  3.00  0.00  0.00  0.00  0.00   1.116   1.117  -0.019   0.096   0.961   0.962   2.716  -0.063   0.187
  278 10750  3.50  0.00  0.00  0.00  0.00   1.146   1.146  -0.023   0.112   0.965   0.965   2.775  -0.062   0.129
  279 10750  4.00  0.00  0.00  0.00  0.00   1.155   1.155  -0.023   0.134   0.931   0.932   2.839  -0.060   0.054
  280 10750  4.50  0.00  0.00  0.00  0.00   1.147   1.147  -0.021   0.162   0.863   0.864   2.900  -0.060  -0.031
  281 10750  5.00  0.00  0.00  0.00  0.00   1.125   1.125  -0.015   0.196   0.761   0.761   2.951  -0.058  -0.119
  282 11000  2.00  0.00  0.00  0.00  0.00   0.886   0.887   0.004   0.069   0.737   0.738   2.603  -0.082   0.220
  283 11000  2.50  0.00  0.00  0.00  0.00   0.993   0.993  -0.013   0.081   0.855   0.856   2.652  -0.079   0.214
  284 11000  3.00  0.00  0.00  0.00  0.00   1.054   1.054  -0.022   0.094   0.907   0.908   2.705  -0.077   0.179
  285 11000  3.50  0.00  0.00  0.00  0.00   1.087   1.088  -0.026   0.110   0.917   0.918   2.763  -0.075   0.125
  286 11000  4.00  0.00  0.00  0.00  0.00   1.102   1.102  -0.027   0.130   0.892   0.893   2.824  -0.074   0.055
  287 11000  4.50  0.00  0.00  0.00  0.00   1.100   1.100  -0.025   0.157   0.835   0.835   2.886  -0.072  -0.027
  288 11000  5.00  0.00  0.00  0.00  0.00   1.084   1.085  -0.020   0.190   0.744   0.744   2.940  -0.070  -0.113
  289 11250  2.00  0.00  0.00  0.00  0.00   0.826   0.827   0.002   0.068   0.684   0.685   2.597  -0.094   0.208
  290 11250  2.50  0.00  0.00  0.00  0.00   0.933   0.934  -0.015   0.080   0.802   0.803   2.645  -0.092   0.202
  291 11250  3.00  0.00  0.00  0.00  0.00   0.995   0.996  -0.024   0.092   0.856   0.857   2.696  -0.090   0.171
  292 11250  3.50  0.00  0.00  0.00  0.00   1.032   1.032  -0.028   0.108   0.870   0.871   2.751  -0.087   0.121
  293 11250  4.00  0.00  0.00  0.00  0.00   1.050   1.051  -0.030   0.127   0.853   0.853   2.811  -0.086   0.055
  294 11250  4.50  0.00  0.00  0.00  0.00   1.054   1.054  -0.029   0.152   0.804   0.805   2.872  -0.085  -0.023
  295 11250  5.00  0.00  0.00  0.00  0.00   1.043   1.044  -0.025   0.184   0.724   0.724   2.928  -0.082  -0.108
  296 11500  2.00  0.00  0.00  0.00  0.00   0.772   0.773   0.000   0.067   0.635   0.636   2.591  -0.106   0.197
  297 11500  2.50  0.00  0.00  0.00  0.00   0.878   0.879  -0.017   0.078   0.753   0.754   2.638  -0.104   0.192
  298 11500  3.00  0.00  0.00  0.00  0.00   0.940   0.941  -0.026   0.091   0.808   0.809   2.687  -0.102   0.163
  299 11500  3.50  0.00  0.00  0.00  0.00   0.978   0.979  -0.031   0.106   0.825   0.826   2.740  -0.100   0.116
  300 11500  4.00  0.00  0.00  0.00  0.00   0.999   1.000  -0.032   0.125   0.812   0.813   2.798  -0.097   0.054
  301 11500  4.50  0.00  0.00  0.00  0.00   1.007   1.007  -0.032   0.149   0.772   0.772   2.858  -0.096  -0.021
  302 11500  5.00  0.00  0.00  0.00  0.00   1.002   1.002  -0.029   0.178   0.701   0.701   2.915  -0.094  -0.103
  303 11750  2.00  0.00  0.00  0.00  0.00   0.722   0.723  -0.002   0.066   0.591   0.591   2.586  -0.117   0.186
  304 11750  2.50  0.00  0.00  0.00  0.00   0.827   0.828  -0.019   0.078   0.708   0.709   2.632  -0.115   0.182
  305 11750  3.00  0.00  0.00  0.00  0.00   0.889   0.890  -0.028   0.090   0.764   0.765   2.679  -0.113   0.156
  306 11750  3.50  0.00  0.00  0.00  0.00   0.928   0.928  -0.033   0.105   0.783   0.783   2.731  -0.111   0.110
  307 11750  4.00  0.00  0.00  0.00  0.00   0.951   0.952  -0.035   0.123   0.774   0.774   2.787  -0.109   0.051
  308 11750  4.50  0.00  0.00  0.00  0.00   0.962   0.962  -0.035   0.145   0.739   0.739   2.845  -0.107  -0.019
  309 11750  5.00  0.00  0.00  0.00  0.00   0.961   0.961  -0.033   0.174   0.676   0.676   2.902  -0.105  -0.098
  310 12000  2.00  0.00  0.00  0.00  0.00   0.675   0.676  -0.004   0.066   0.549   0.550   2.581  -0.127   0.177
  311 12000  2.50  0.00  0.00  0.00  0.00   0.780   0.781  -0.021   0.077   0.667   0.668   2.626  -0.125   0.174
  312 12000  3.00  0.00  0.00  0.00  0.00   0.841   0.842  -0.030   0.089   0.722   0.723   2.672  -0.123   0.148
  313 12000  3.50  0.00  0.00  0.00  0.00   0.880   0.881  -0.035   0.103   0.742   0.743   2.722  -0.122   0.106
  314 12000  4.00  0.00  0.00  0.00  0.00   0.904   0.905  -0.037   0.121   0.736   0.736   2.776  -0.119   0.049
  315 12000  4.50  0.00  0.00  0.00  0.00   0.918   0.918  -0.037   0.143   0.705   0.706   2.833  -0.117  -0.018
  316 12000  5.00  0.00  0.00  0.00  0.00   0.920   0.920  -0.036   0.170   0.650   0.650   2.890  -0.116  -0.095
  317 12250  2.00  0.00  0.00  0.00  0.00   0.632   0.633  -0.006   0.065   0.511   0.512   2.577  -0.137   0.168
  318 12250  2.50  0.00  0.00  0.00  0.00   0.737   0.737  -0.024   0.076   0.630   0.630   2.621  -0.137   0.166
  319 12250  3.00  0.00  0.00  0.00  0.00   0.797   0.797  -0.033   0.088   0.684   0.685   2.666  -0.135   0.141
  320 12250  3.50  0.00  0.00  0.00  0.00   0.835   0.836  -0.037   0.102   0.704   0.705   2.714  -0.132   0.100
  321 12250  4.00  0.00  0.00  0.00  0.00   0.860   0.861  -0.039   0.119   0.700   0.700   2.767  -0.129   0.046
  322 12250  4.50  0.00  0.00  0.00  0.00   0.875   0.876  -0.040   0.140   0.673   0.673   2.822  -0.128  -0.019
  323 12250  5.00  0.00  0.00  0.00  0.00   0.880   0.881  -0.039   0.166   0.623   0.623   2.878  -0.126  -0.092
  324 12500  2.00  0.00  0.00  0.00  0.00   0.591   0.592  -0.008   0.065   0.474   0.475   2.573  -0.147   0.159
  325 12500  2.50  0.00  0.00  0.00  0.00   0.697   0.697  -0.026   0.075   0.595   0.596   2.616  -0.146   0.159
  326 12500  3.00  0.00  0.00  0.00  0.00   0.756   0.756  -0.035   0.087   0.649   0.650   2.660  -0.144   0.135
  327 12500  3.50  0.00  0.00  0.00  0.00   0.794   0.794  -0.039   0.101   0.669   0.670   2.707  -0.141   0.095
  328 12500  4.00  0.00  0.00  0.00  0.00   0.819   0.819  -0.042   0.117   0.666   0.666   2.758  -0.140   0.043
  329 12500  4.50  0.00  0.00  0.00  0.00   0.835   0.835  -0.042   0.138   0.641   0.642   2.812  -0.137  -0.019
  330 12500  5.00  0.00  0.00  0.00  0.00   0.842   0.842  -0.041   0.163   0.596   0.597   2.866  -0.134  -0.089
  331 12750  2.00  0.00  0.00  0.00  0.00   0.552   0.553  -0.009   0.064   0.440   0.441   2.569  -0.155   0.151
  332 12750  2.50  0.00  0.00  0.00  0.00   0.658   0.659  -0.028   0.075   0.562   0.563   2.612  -0.155   0.152
  333 12750  3.00  0.00  0.00  0.00  0.00   0.717   0.718  -0.037   0.086   0.616   0.617   2.654  -0.153   0.130
  334 12750  3.50  0.00  0.00  0.00  0.00   0.754   0.755  -0.041   0.099   0.636   0.637   2.700  -0.150   0.091
  335 12750  4.00  0.00  0.00  0.00  0.00   0.779   0.780  -0.044   0.116   0.633   0.634   2.750  -0.149   0.040
  336 12750  4.50  0.00  0.00  0.00  0.00   0.796   0.796  -0.044   0.136   0.611   0.612   2.802  -0.146  -0.020
  337 12750  5.00  0.00  0.00  0.00  0.00   0.804   0.805  -0.044   0.160   0.569   0.570   2.856  -0.144  -0.088
  338 13000  2.00  0.00  0.00  0.00  0.00   0.515   0.516  -0.011   0.064   0.407   0.408   2.565  -0.163   0.144
  339 13000  2.50  0.00  0.00  0.00  0.00   0.623   0.624  -0.030   0.074   0.532   0.533   2.607  -0.163   0.147
  340 13000  3.00  0.00  0.00  0.00  0.00   0.682   0.682  -0.039   0.085   0.587   0.587   2.649  -0.162   0.124
  341 13000  3.50  0.00  0.00  0.00  0.00   0.718   0.719  -0.043   0.098   0.606   0.607   2.694  -0.159   0.086
  342 13000  4.00  0.00  0.00  0.00  0.00   0.742   0.743  -0.046   0.114   0.603   0.604   2.742  -0.158   0.038
  343 13000  4.50  0.00  0.00  0.00  0.00   0.759   0.760  -0.047   0.134   0.582   0.583   2.793  -0.156  -0.021
  344 13000  5.00  0.00  0.00  0.00  0.00   0.769   0.769  -0.046   0.158   0.543   0.544   2.846  -0.153  -0.087
  345 14000  2.00  0.00  0.00  0.00  0.00   0.379   0.380  -0.017   0.062   0.287   0.288   2.551  -0.194   0.116
  346 14000  2.50  0.00  0.00  0.00  0.00   0.498   0.499  -0.037   0.072   0.426   0.427   2.593  -0.192   0.124
  347 14000  3.00  0.00  0.00  0.00  0.00   0.558   0.558  -0.047   0.083   0.483   0.484   2.632  -0.192   0.106
  348 14000  3.50  0.00  0.00  0.00  0.00   0.592   0.593  -0.051   0.095   0.502   0.503   2.673  -0.189   0.072
  349 14000  4.00  0.00  0.00  0.00  0.00   0.614   0.615  -0.054   0.110   0.500   0.501   2.717  -0.188   0.027
  350 14000  4.50  0.00  0.00  0.00  0.00   0.630   0.631  -0.054   0.128   0.481   0.482   2.763  -0.185  -0.026
  351 14000  5.00  0.00  0.00  0.00  0.00   0.641   0.641  -0.054   0.150   0.448   0.449   2.811  -0.183  -0.085
  352 15000  2.00  0.00  0.00  0.00  0.00   0.252   0.253  -0.020   0.059   0.172   0.173   2.538  -0.220   0.089
  353 15000  2.50  0.00  0.00  0.00  0.00   0.391   0.392  -0.044   0.071   0.337   0.338   2.580  -0.218   0.106
  354 15000  3.00  0.00  0.00  0.00  0.00   0.455   0.456  -0.054   0.081   0.400   0.401   2.618  -0.217   0.091
  355 15000  3.50  0.00  0.00  0.00  0.00   0.490   0.491  -0.058   0.092   0.421   0.422   2.656  -0.215   0.061
  356 15000  4.00  0.00  0.00  0.00  0.00   0.511   0.512  -0.061   0.106   0.419   0.420   2.697  -0.214   0.019
  357 15000  4.50  0.00  0.00  0.00  0.00   0.525   0.526  -0.062   0.123   0.401   0.402   2.740  -0.212  -0.030
  358 15000  5.00  0.00  0.00  0.00  0.00   0.534   0.535  -0.062   0.143   0.370   0.371   2.784  -0.211  -0.085
  359 16000  2.00  0.00  0.00  0.00  0.00   0.128   0.129  -0.020   0.055   0.056   0.057   2.526  -0.242   0.060
  360 16000  2.50  0.00  0.00  0.00  0.00   0.296   0.297  -0.050   0.069   0.257   0.258   2.569  -0.242   0.090
  361 16000  3.00  0.00  0.00  0.00  0.00   0.367   0.368  -0.061   0.079   0.329   0.330   2.606  -0.240   0.079
  362 16000  3.50  0.00  0.00  0.00  0.00   0.404   0.405  -0.065   0.089   0.353   0.354   2.642  -0.237   0.051
  363 16000  4.00  0.00  0.00  0.00  0.00   0.425   0.426  -0.067   0.102   0.353   0.354   2.681  -0.235   0.013
  364 16000  4.50  0.00  0.00  0.00  0.00   0.438   0.439  -0.068   0.118   0.336   0.337   2.721  -0.234  -0.033
  365 16000  5.00  0.00  0.00  0.00  0.00   0.446   0.447  -0.068   0.137   0.306   0.307   2.762  -0.233  -0.085
  366 17000  2.50  0.00  0.00  0.00  0.00   0.209   0.210  -0.055   0.067   0.182   0.183   2.558  -0.263   0.075
  367 17000  3.00  0.00  0.00  0.00  0.00   0.287   0.289  -0.067   0.077   0.265   0.266   2.595  -0.260   0.068
  368 17000  3.50  0.00  0.00  0.00  0.00   0.328   0.329  -0.071   0.087   0.295   0.296   2.630  -0.257   0.044
  369 17000  4.00  0.00  0.00  0.00  0.00   0.351   0.352  -0.073   0.099   0.297   0.298   2.667  -0.255   0.007
  370 17000  4.50  0.00  0.00  0.00  0.00   0.364   0.365  -0.074   0.114   0.283   0.283   2.705  -0.253  -0.036
  371 17000  5.00  0.00  0.00  0.00  0.00   0.372   0.372  -0.074   0.132   0.254   0.255   2.743  -0.252  -0.084
  372 18000  2.50  0.00  0.00  0.00  0.00   0.126   0.127  -0.057   0.065   0.109   0.110   2.548  -0.279   0.059
  373 18000  3.00  0.00  0.00  0.00  0.00   0.218   0.219  -0.072   0.075   0.210   0.211   2.585  -0.278   0.059
  374 18000  3.50  0.00  0.00  0.00  0.00   0.264   0.265  -0.077   0.085   0.247   0.248   2.620  -0.274   0.037
  375 18000  4.00  0.00  0.00  0.00  0.00   0.290   0.291  -0.079   0.096   0.254   0.255   2.656  -0.272   0.004
  376 18000  4.50  0.00  0.00  0.00  0.00   0.305   0.306  -0.080   0.110   0.243   0.244   2.693  -0.270  -0.037
  377 18000  5.00  0.00  0.00  0.00  0.00   0.313   0.314  -0.080   0.128   0.216   0.217   2.730  -0.268  -0.083
  378 19000  2.50  0.00  0.00  0.00  0.00   0.046   0.047  -0.059   0.062   0.038   0.039   2.539  -0.296   0.044
  379 19000  3.00  0.00  0.00  0.00  0.00   0.149   0.150  -0.076   0.073   0.153   0.154   2.576  -0.294   0.048
  380 19000  3.50  0.00  0.00  0.00  0.00   0.198   0.199  -0.082   0.082   0.195   0.196   2.609  -0.292   0.030
  381 19000  4.00  0.00  0.00  0.00  0.00   0.225   0.226  -0.084   0.093   0.204   0.205   2.643  -0.289   0.000
  382 19000  4.50  0.00  0.00  0.00  0.00   0.240   0.241  -0.085   0.107   0.195   0.196   2.678  -0.287  -0.038
  383 19000  5.00  0.00  0.00  0.00  0.00   0.249   0.250  -0.085   0.123   0.171   0.172   2.714  -0.285  -0.083
  384 20000  3.00  0.00  0.00  0.00  0.00   0.086   0.088  -0.079   0.071   0.100   0.101   2.568  -0.309   0.038
  385 20000  3.50  0.00  0.00  0.00  0.00   0.141   0.142  -0.086   0.080   0.150   0.151   2.601  -0.306   0.023
  386 20000  4.00  0.00  0.00  0.00  0.00   0.170   0.171  -0.089   0.091   0.164   0.165   2.633  -0.303  -0.004
  387 20000  4.50  0.00  0.00  0.00  0.00   0.187   0.188  -0.090   0.103   0.158   0.159   2.667  -0.302  -0.040
  388 20000  5.00  0.00  0.00  0.00  0.00   0.196   0.197  -0.090   0.119   0.137   0.138   2.702  -0.300  -0.082
  389 21000  3.00  0.00  0.00  0.00  0.00   0.027   0.028  -0.081   0.069   0.050   0.052   2.560  -0.321   0.029
  390 21000  3.50  0.00  0.00  0.00  0.00   0.087   0.088  -0.090   0.079   0.108   0.109   2.593  -0.319   0.016
  391 21000  4.00  0.00  0.00  0.00  0.00   0.120   0.121  -0.093   0.089   0.127   0.128   2.624  -0.316  -0.008
  392 21000  4.50  0.00  0.00  0.00  0.00   0.138   0.139  -0.094   0.101   0.124   0.125   2.657  -0.314  -0.042
  393 21000  5.00  0.00  0.00  0.00  0.00   0.148   0.149  -0.095   0.115   0.105   0.107   2.691  -0.313  -0.082
  394 22000  3.00  0.00  0.00  0.00  0.00  -0.027  -0.026  -0.083   0.066   0.005   0.007   2.552  -0.333   0.021
  395 22000  3.50  0.00  0.00  0.00  0.00   0.037   0.038  -0.093   0.076   0.067   0.069   2.585  -0.331   0.011
  396 22000  4.00  0.00  0.00  0.00  0.00   0.072   0.074  -0.097   0.086   0.091   0.092   2.617  -0.329  -0.013
  397 22000  4.50  0.00  0.00  0.00  0.00   0.093   0.094  -0.098   0.098   0.092   0.093   2.648  -0.326  -0.044
  398 22000  5.00  0.00  0.00  0.00  0.00   0.104   0.105  -0.099   0.112   0.077   0.078   2.681  -0.325  -0.082
  399 23000  3.00  0.00  0.00  0.00  0.00  -0.075  -0.074  -0.085   0.063  -0.032  -0.031   2.545  -0.343   0.015
  400 23000  3.50  0.00  0.00  0.00  0.00  -0.010  -0.009  -0.095   0.074   0.030   0.031   2.578  -0.342   0.004
  401 23000  4.00  0.00  0.00  0.00  0.00   0.028   0.029  -0.100   0.084   0.057   0.059   2.609  -0.340  -0.016
  402 23000  4.50  0.00  0.00  0.00  0.00   0.050   0.051  -0.102   0.095   0.062   0.063   2.640  -0.338  -0.046
  403 23000  5.00  0.00  0.00  0.00  0.00   0.063   0.064  -0.103   0.108   0.050   0.051   2.672  -0.337  -0.082
  404 24000  3.00  0.00  0.00  0.00  0.00  -0.118  -0.116  -0.088   0.060  -0.064  -0.063   2.539  -0.354   0.010
  405 24000  3.50  0.00  0.00  0.00  0.00  -0.052  -0.051  -0.098   0.072  -0.002  -0.001   2.571  -0.352   0.001
  406 24000  4.00  0.00  0.00  0.00  0.00  -0.014  -0.013  -0.102   0.082   0.026   0.027   2.601  -0.349  -0.019
  407 24000  4.50  0.00  0.00  0.00  0.00   0.010   0.011  -0.105   0.092   0.033   0.034   2.632  -0.348  -0.048
  408 24000  5.00  0.00  0.00  0.00  0.00   0.024   0.026  -0.106   0.105   0.024   0.025   2.664  -0.347  -0.083
  409 25000  3.00  0.00  0.00  0.00  0.00  -0.159  -0.158  -0.089   0.057  -0.095  -0.094   2.532  -0.362   0.006
  410 25000  3.50  0.00  0.00  0.00  0.00  -0.089  -0.088  -0.101   0.069  -0.028  -0.027   2.565  -0.362  -0.002
  411 25000  4.00  0.00  0.00  0.00  0.00  -0.052  -0.051  -0.105   0.079  -0.002  -0.001   2.594  -0.359  -0.022
  412 25000  4.50  0.00  0.00  0.00  0.00  -0.028  -0.026  -0.108   0.090   0.006   0.008   2.625  -0.358  -0.050
  413 25000  5.00  0.00  0.00  0.00  0.00  -0.012  -0.011  -0.109   0.102   0.000   0.001   2.656  -0.356  -0.083
  414 26000  3.00  0.00  0.00  0.00  0.00  -0.200  -0.199  -0.089   0.053  -0.131  -0.129   2.524  -0.370   0.002
  415 26000  3.50  0.00  0.00  0.00  0.00  -0.123  -0.122  -0.104   0.066  -0.051  -0.049   2.560  -0.371  -0.005
  416 26000  4.00  0.00  0.00  0.00  0.00  -0.086  -0.085  -0.108   0.077  -0.026  -0.024   2.588  -0.368  -0.024
  417 26000  4.50  0.00  0.00  0.00  0.00  -0.062  -0.061  -0.110   0.087  -0.018  -0.017   2.618  -0.366  -0.051
  418 26000  5.00  0.00  0.00  0.00  0.00  -0.047  -0.045  -0.112   0.099  -0.023  -0.022   2.649  -0.365  -0.084
  419 27000  3.50  0.00  0.00  0.00  0.00  -0.155  -0.154  -0.106   0.064  -0.072  -0.070   2.555  -0.379  -0.007
  420 27000  4.00  0.00  0.00  0.00  0.00  -0.117  -0.116  -0.111   0.074  -0.046  -0.044   2.583  -0.377  -0.026
  421 27000  4.50  0.00  0.00  0.00  0.00  -0.094  -0.093  -0.113   0.084  -0.039  -0.038   2.611  -0.375  -0.051
  422 27000  5.00  0.00  0.00  0.00  0.00  -0.079  -0.078  -0.114   0.096  -0.044  -0.043   2.641  -0.373  -0.083
  423 28000  3.50  0.00  0.00  0.00  0.00  -0.187  -0.186  -0.108   0.060  -0.093  -0.092   2.549  -0.387  -0.009
  424 28000  4.00  0.00  0.00  0.00  0.00  -0.146  -0.145  -0.114   0.071  -0.063  -0.062   2.578  -0.385  -0.027
  425 28000  4.50  0.00  0.00  0.00  0.00  -0.123  -0.122  -0.116   0.082  -0.057  -0.056   2.606  -0.383  -0.052
  426 28000  5.00  0.00  0.00  0.00  0.00  -0.109  -0.108  -0.117   0.093  -0.063  -0.062   2.634  -0.382  -0.083
  427 29000  3.50  0.00  0.00  0.00  0.00  -0.218  -0.216  -0.109   0.057  -0.115  -0.114   2.542  -0.393  -0.009
  428 29000  4.00  0.00  0.00  0.00  0.00  -0.174  -0.173  -0.117   0.068  -0.080  -0.079   2.573  -0.394  -0.027
  429 29000  4.50  0.00  0.00  0.00  0.00  -0.151  -0.149  -0.119   0.079  -0.074  -0.072   2.600  -0.391  -0.052
  430 29000  5.00  0.00  0.00  0.00  0.00  -0.137  -0.135  -0.120   0.090  -0.080  -0.078   2.628  -0.390  -0.082
  431 30000  3.50  0.00  0.00  0.00  0.00  -0.245  -0.244  -0.109   0.054  -0.136  -0.135   2.535  -0.398  -0.010
  432 30000  4.00  0.00  0.00  0.00  0.00  -0.202  -0.200  -0.119   0.065  -0.097  -0.096   2.568  -0.401  -0.028
  433 30000  4.50  0.00  0.00  0.00  0.00  -0.177  -0.176  -0.121   0.076  -0.088  -0.087   2.595  -0.398  -0.052
  434 30000  5.00  0.00  0.00  0.00  0.00  -0.163  -0.161  -0.122   0.087  -0.094  -0.093   2.622  -0.396  -0.081
  435 31000  3.50  0.00  0.00  0.00  0.00  -0.267  -0.266  -0.109   0.051  -0.154  -0.153   2.528  -0.402  -0.009
  436 31000  4.00  0.00  0.00  0.00  0.00  -0.227  -0.226  -0.120   0.062  -0.113  -0.111   2.561  -0.406  -0.026
  437 31000  4.50  0.00  0.00  0.00  0.00  -0.202  -0.201  -0.124   0.073  -0.103  -0.101   2.589  -0.405  -0.051
  438 31000  5.00  0.00  0.00  0.00  0.00  -0.188  -0.186  -0.125   0.084  -0.108  -0.106   2.616  -0.404  -0.079
  439 32000  4.00  0.00  0.00  0.00  0.00  -0.250  -0.248  -0.121   0.059  -0.128  -0.127   2.555  -0.411  -0.026
  440 32000  4.50  0.00  0.00  0.00  0.00  -0.225  -0.224  -0.125   0.069  -0.116  -0.114   2.583  -0.410  -0.049
  441 32000  5.00  0.00  0.00  0.00  0.00  -0.211  -0.209  -0.127   0.080  -0.120  -0.118   2.609  -0.410  -0.076
  442 33000  4.00  0.00  0.00  0.00  0.00  -0.269  -0.268  -0.121   0.056  -0.141  -0.140   2.548  -0.414  -0.024
  443 33000  4.50  0.00  0.00  0.00  0.00  -0.247  -0.246  -0.127   0.066  -0.128  -0.127   2.576  -0.417  -0.047
  444 33000  5.00  0.00  0.00  0.00  0.00  -0.232  -0.231  -0.129   0.077  -0.131  -0.130   2.602  -0.416  -0.073
  445 34000  4.00  0.00  0.00  0.00  0.00  -0.285  -0.284  -0.121   0.054  -0.152  -0.151   2.542  -0.417  -0.021
  446 34000  4.50  0.00  0.00  0.00  0.00  -0.266  -0.264  -0.127   0.063  -0.139  -0.138   2.570  -0.420  -0.044
  447 34000  5.00  0.00  0.00  0.00  0.00  -0.252  -0.251  -0.130   0.073  -0.141  -0.140   2.595  -0.421  -0.070
  448 35000  4.00  0.00  0.00  0.00  0.00  -0.298  -0.297  -0.122   0.052  -0.161  -0.159   2.537  -0.421  -0.019
  449 35000  4.50  0.00  0.00  0.00  0.00  -0.282  -0.281  -0.128   0.060  -0.149  -0.147   2.563  -0.424  -0.040
  450 35000  5.00  0.00  0.00  0.00  0.00  -0.270  -0.268  -0.131   0.070  -0.150  -0.149   2.588  -0.425  -0.066
  451 36000  4.00  0.00  0.00  0.00  0.00  -0.308  -0.307  -0.122   0.051  -0.167  -0.166   2.532  -0.422  -0.017
  452 36000  4.50  0.00  0.00  0.00  0.00  -0.296  -0.294  -0.128   0.058  -0.157  -0.155   2.557  -0.426  -0.037
  453 36000  5.00  0.00  0.00  0.00  0.00  -0.285  -0.284  -0.131   0.067  -0.158  -0.157   2.581  -0.427  -0.062
  454 37000  4.00  0.00  0.00  0.00  0.00  -0.316  -0.315  -0.124   0.051  -0.172  -0.171   2.528  -0.426  -0.014
  455 37000  4.50  0.00  0.00  0.00  0.00  -0.307  -0.305  -0.129   0.056  -0.163  -0.162   2.551  -0.429  -0.034
  456 37000  5.00  0.00  0.00  0.00  0.00  -0.298  -0.297  -0.132   0.064  -0.165  -0.163   2.574  -0.431  -0.057
  457 38000  4.00  0.00  0.00  0.00  0.00  -0.323  -0.321  -0.125   0.051  -0.176  -0.175   2.526  -0.428  -0.013
  458 38000  4.50  0.00  0.00  0.00  0.00  -0.316  -0.314  -0.129   0.054  -0.168  -0.166   2.546  -0.431  -0.030
  459 38000  5.00  0.00  0.00  0.00  0.00  -0.309  -0.308  -0.132   0.062  -0.170  -0.168   2.568  -0.432  -0.053
  460 39000  4.00  0.00  0.00  0.00  0.00  -0.329  -0.327  -0.126   0.051  -0.180  -0.179   2.523  -0.430  -0.012
  461 39000  4.50  0.00  0.00  0.00  0.00  -0.323  -0.322  -0.131   0.054  -0.171  -0.170   2.542  -0.434  -0.027
  462 39000  5.00  0.00  0.00  0.00  0.00  -0.318  -0.317  -0.133   0.060  -0.174  -0.172   2.562  -0.435  -0.048
  463 40000  4.00  0.00  0.00  0.00  0.00  -0.334  -0.332  -0.127   0.052  -0.184  -0.182   2.521  -0.432  -0.011
  464 40000  4.50  0.00  0.00  0.00  0.00  -0.329  -0.328  -0.132   0.053  -0.174  -0.173   2.540  -0.436  -0.026
  465 40000  5.00  0.00  0.00  0.00  0.00  -0.326  -0.324  -0.134   0.058  -0.177  -0.175   2.558  -0.438  -0.045
  466 41000  4.50  0.00  0.00  0.00  0.00  -0.335  -0.333  -0.133   0.053  -0.177  -0.176   2.537  -0.438  -0.024
  467 41000  5.00  0.00  0.00  0.00  0.00  -0.332  -0.331  -0.135   0.057  -0.179  -0.178   2.554  -0.440  -0.042
  468 42000  4.50  0.00  0.00  0.00  0.00  -0.340  -0.338  -0.134   0.053  -0.179  -0.178   2.536  -0.440  -0.024
  469 42000  5.00  0.00  0.00  0.00  0.00  -0.337  -0.336  -0.136   0.057  -0.182  -0.180   2.551  -0.442  -0.039
  470 43000  4.50  0.00  0.00  0.00  0.00  -0.344  -0.343  -0.136   0.053  -0.182  -0.180   2.534  -0.443  -0.022
  471 43000  5.00  0.00  0.00  0.00  0.00  -0.342  -0.341  -0.137   0.057  -0.183  -0.182   2.549  -0.443  -0.038
  472 44000  4.50  0.00  0.00  0.00  0.00  -0.348  -0.347  -0.137   0.054  -0.184  -0.183   2.532  -0.445  -0.021
  473 44000  5.00  0.00  0.00  0.00  0.00  -0.347  -0.346  -0.138   0.056  -0.185  -0.184   2.547  -0.445  -0.037
  474 45000  4.50  0.00  0.00  0.00  0.00  -0.352  -0.351  -0.138   0.054  -0.187  -0.185   2.531  -0.446  -0.021
  475 45000  5.00  0.00  0.00  0.00  0.00  -0.351  -0.350  -0.139   0.056  -0.187  -0.186   2.545  -0.447  -0.035
  476 46000  4.50  0.00  0.00  0.00  0.00  -0.356  -0.354  -0.139   0.054  -0.189  -0.187   2.529  -0.448  -0.020
  477 46000  5.00  0.00  0.00  0.00  0.00  -0.355  -0.353  -0.140   0.056  -0.189  -0.187   2.543  -0.449  -0.034
  478 47000  4.50  0.00  0.00  0.00  0.00  -0.359  -0.358  -0.140   0.054  -0.191  -0.190   2.527  -0.450  -0.019
  479 47000  5.00  0.00  0.00  0.00  0.00  -0.358  -0.357  -0.141   0.056  -0.191  -0.189   2.542  -0.450  -0.033
  480 48000  4.50  0.00  0.00  0.00  0.00  -0.362  -0.361  -0.140   0.055  -0.193  -0.192   2.526  -0.450  -0.018
  481 48000  5.00  0.00  0.00  0.00  0.00  -0.362  -0.360  -0.142   0.057  -0.192  -0.191   2.540  -0.452  -0.032
  482 49000  4.50  0.00  0.00  0.00  0.00  -0.365  -0.364  -0.141   0.055  -0.195  -0.194   2.524  -0.452  -0.017
  483 49000  5.00  0.00  0.00  0.00  0.00  -0.365  -0.363  -0.143   0.057  -0.194  -0.192   2.538  -0.453  -0.030
  484 50000  4.50  0.00  0.00  0.00  0.00  -0.368  -0.367  -0.142   0.055  -0.197  -0.196   2.523  -0.453  -0.017