
       Teff log g  [M]a Vturb  l/H  E(B-V)   u       u0      v       b       y       u-b    u0-b     b-y      m1      c1     c10
    1  3500  0.00 -2.50  2.00  1.25  0.00  -8.586  -8.573 -10.655 -12.099 -13.099   4.314   4.306   1.500   0.373   0.566   0.558
    2  3500  0.50 -2.50  2.00  1.25  0.00  -9.185  -9.171 -11.152 -12.518 -13.370   4.135   4.126   1.352   0.442   0.544   0.535
    3  3500  1.00 -2.50  2.00  1.25  0.00  -9.808  -9.794 -11.630 -12.884 -13.594   3.878   3.869   1.210   0.473   0.509   0.501
    4  3500  1.50 -2.50  2.00  1.25  0.00 -10.396 -10.382 -12.031 -13.170 -13.766   3.576   3.568   1.095   0.473   0.437   0.429
    5  3500  2.00 -2.50  2.00  1.25  0.00 -10.814 -10.800 -12.268 -13.317 -13.857   3.305   3.298   1.039   0.440   0.346   0.338
    6  3500  2.50 -2.50  2.00  1.25  0.00 -11.026 -11.011 -12.357 -13.354 -13.882   3.130   3.123   1.027   0.400   0.275   0.268
    7  3500  3.00 -2.50  2.00  1.25  0.00 -11.143 -11.127 -12.387 -13.377 -13.896   3.036   3.030   1.018   0.401   0.195   0.189
    8  3500  3.50 -2.50  2.00  1.25  0.00 -11.180 -11.164 -12.351 -13.389 -13.902   3.011   3.005   1.013   0.454   0.074   0.069
    9  3500  4.00 -2.50  2.00  1.25  0.00 -11.139 -11.123 -12.236 -13.386 -13.900   3.049   3.044   1.014   0.565  -0.111  -0.116
   10  3500  4.50 -2.50  2.00  1.25  0.00 -11.025 -11.007 -12.045 -13.378 -13.897   3.155   3.151   1.019   0.742  -0.370  -0.375
   11  3500  5.00 -2.50  2.00  1.25  0.00 -10.850 -10.831 -11.817 -13.371 -13.897   3.324   3.321   1.026   0.957  -0.644  -0.647
   12  3750  0.00 -2.50  2.00  1.25  0.00  -9.604  -9.589 -11.555 -12.845 -13.704   4.043   4.035   1.359   0.359   0.604   0.597
   13  3750  0.50 -2.50  2.00  1.25  0.00 -10.075 -10.061 -11.936 -13.159 -13.885   3.886   3.878   1.226   0.426   0.581   0.573
   14  3750  1.00 -2.50  2.00  1.25  0.00 -10.603 -10.589 -12.317 -13.444 -14.042   3.642   3.635   1.099   0.457   0.529   0.521
   15  3750  1.50 -2.50  2.00  1.25  0.00 -11.139 -11.124 -12.660 -13.682 -14.175   3.346   3.338   0.993   0.459   0.441   0.433
   16  3750  2.00 -2.50  2.00  1.25  0.00 -11.579 -11.564 -12.920 -13.858 -14.280   3.080   3.073   0.922   0.444   0.346   0.339
   17  3750  2.50 -2.50  2.00  1.25  0.00 -11.832 -11.816 -13.052 -13.929 -14.331   2.899   2.893   0.902   0.404   0.285   0.279
   18  3750  3.00 -2.50  2.00  1.25  0.00 -11.951 -11.935 -13.100 -13.942 -14.347   2.794   2.788   0.904   0.367   0.249   0.244
   19  3750  3.50 -2.50  2.00  1.25  0.00 -12.016 -12.000 -13.116 -13.955 -14.360   2.741   2.735   0.905   0.363   0.203   0.197
   20  3750  4.00 -2.50  2.00  1.25  0.00 -12.026 -12.010 -13.086 -13.967 -14.372   2.743   2.737   0.905   0.405   0.121   0.115
   21  3750  4.50 -2.50  2.00  1.25  0.00 -11.979 -11.962 -12.994 -13.973 -14.379   2.796   2.791   0.906   0.501  -0.021  -0.026
   22  3750  5.00 -2.50  2.00  1.25  0.00 -11.879 -11.861 -12.845 -13.977 -14.386   2.901   2.897   0.909   0.653  -0.224  -0.229
   23  4000  0.00 -2.50  2.00  1.25  0.00 -10.828 -10.813 -12.618 -13.675 -14.363   3.649   3.643   1.188   0.298   0.674   0.667
   24  4000  0.50 -2.50  2.00  1.25  0.00 -11.254 -11.239 -12.933 -13.909 -14.485   3.457   3.450   1.076   0.330   0.644   0.638
   25  4000  1.00 -2.50  2.00  1.25  0.00 -11.693 -11.678 -13.215 -14.105 -14.577   3.214   3.207   0.972   0.348   0.573   0.567
   26  4000  1.50 -2.50  2.00  1.25  0.00 -12.090 -12.074 -13.440 -14.256 -14.643   2.969   2.962   0.886   0.359   0.477   0.471
   27  4000  2.00 -2.50  2.00  1.25  0.00 -12.409 -12.393 -13.606 -14.370 -14.695   2.763   2.757   0.825   0.368   0.376   0.370
   28  4000  2.50 -2.50  2.00  1.25  0.00 -12.630 -12.614 -13.716 -14.451 -14.744   2.622   2.617   0.793   0.371   0.293   0.288
   29  4000  3.00 -2.50  2.00  1.25  0.00 -12.747 -12.731 -13.774 -14.483 -14.776   2.538   2.533   0.792   0.346   0.260   0.254
   30  4000  3.50 -2.50  2.00  1.25  0.00 -12.808 -12.791 -13.804 -14.500 -14.799   2.494   2.489   0.800   0.325   0.243   0.238
   31  4000  4.00 -2.50  2.00  1.25  0.00 -12.819 -12.802 -13.802 -14.502 -14.808   2.485   2.480   0.806   0.323   0.225   0.220
   32  4000  4.50 -2.50  2.00  1.25  0.00 -12.797 -12.780 -13.772 -14.506 -14.815   2.511   2.506   0.809   0.354   0.182   0.177
   33  4000  5.00 -2.50  2.00  1.25  0.00 -12.743 -12.726 -13.708 -14.512 -14.824   2.571   2.566   0.811   0.422   0.102   0.097
   34  4250  0.00 -2.50  2.00  1.25  0.00 -12.012 -11.997 -13.606 -14.433 -14.950   3.223   3.216   1.017   0.239   0.710   0.703
   35  4250  0.50 -2.50  2.00  1.25  0.00 -12.383 -12.367 -13.848 -14.598 -15.029   3.018   3.011   0.930   0.249   0.657   0.651
   36  4250  1.00 -2.50  2.00  1.25  0.00 -12.754 -12.737 -14.062 -14.738 -15.089   2.786   2.780   0.851   0.254   0.575   0.569
   37  4250  1.50 -2.50  2.00  1.25  0.00 -13.080 -13.063 -14.233 -14.846 -15.130   2.568   2.562   0.785   0.257   0.482   0.477
   38  4250  2.00 -2.50  2.00  1.25  0.00 -13.333 -13.316 -14.353 -14.922 -15.158   2.391   2.386   0.736   0.262   0.393   0.388
   39  4250  2.50 -2.50  2.00  1.25  0.00 -13.504 -13.487 -14.427 -14.973 -15.178   2.270   2.266   0.705   0.269   0.319   0.315
   40  4250  3.00 -2.50  2.00  1.25  0.00 -13.591 -13.574 -14.460 -14.998 -15.193   2.208   2.204   0.695   0.272   0.273   0.269
   41  4250  3.50 -2.50  2.00  1.25  0.00 -13.605 -13.587 -14.463 -14.999 -15.203   2.196   2.192   0.704   0.261   0.263   0.259
   42  4250  4.00 -2.50  2.00  1.25  0.00 -13.592 -13.574 -14.457 -14.997 -15.212   2.208   2.203   0.715   0.255   0.266   0.262
   43  4250  4.50 -2.50  2.00  1.25  0.00 -13.561 -13.544 -14.440 -14.999 -15.221   2.239   2.235   0.723   0.265   0.262   0.257
   44  4250  5.00 -2.50  2.00  1.25  0.00 -13.517 -13.499 -14.412 -15.003 -15.229   2.288   2.283   0.726   0.294   0.246   0.241
   45  4500  0.00 -2.50  2.00  1.25  0.00 -13.102 -13.086 -14.497 -15.107 -15.461   2.806   2.801   0.854   0.185   0.727   0.721
   46  4500  0.50 -2.50  2.00  1.25  0.00 -13.398 -13.382 -14.656 -15.206 -15.500   2.610   2.605   0.794   0.185   0.649   0.644
   47  4500  1.00 -2.50  2.00  1.25  0.00 -13.682 -13.665 -14.795 -15.292 -15.531   2.412   2.407   0.740   0.186   0.559   0.554
   48  4500  1.50 -2.50  2.00  1.25  0.00 -13.930 -13.912 -14.907 -15.359 -15.554   2.232   2.227   0.694   0.187   0.467   0.462
   49  4500  2.00 -2.50  2.00  1.25  0.00 -14.121 -14.103 -14.986 -15.408 -15.569   2.089   2.085   0.661   0.190   0.385   0.381
   50  4500  2.50 -2.50  2.00  1.25  0.00 -14.250 -14.232 -15.034 -15.442 -15.580   1.994   1.990   0.638   0.198   0.319   0.315
   51  4500  3.00 -2.50  2.00  1.25  0.00 -14.320 -14.301 -15.056 -15.461 -15.588   1.943   1.939   0.627   0.206   0.274   0.270
   52  4500  3.50 -2.50  2.00  1.25  0.00 -14.340 -14.322 -15.058 -15.466 -15.594   1.928   1.924   0.628   0.209   0.252   0.249
   53  4500  4.00 -2.50  2.00  1.25  0.00 -14.323 -14.305 -15.046 -15.461 -15.599   1.940   1.937   0.638   0.206   0.250   0.247
   54  4500  4.50 -2.50  2.00  1.25  0.00 -14.290 -14.271 -15.030 -15.457 -15.605   1.969   1.966   0.648   0.208   0.256   0.252
   55  4500  5.00 -2.50  2.00  1.25  0.00 -14.250 -14.232 -15.013 -15.455 -15.610   2.008   2.004   0.655   0.216   0.263   0.259
   56  4750  0.00 -2.50  2.00  1.25  0.00 -13.993 -13.975 -15.256 -15.679 -15.891   2.488   2.484   0.712   0.140   0.781   0.777
   57  4750  0.50 -2.50  2.00  1.25  0.00 -14.250 -14.232 -15.360 -15.734 -15.905   2.286   2.282   0.671   0.133   0.677   0.673
   58  4750  1.00 -2.50  2.00  1.25  0.00 -14.485 -14.467 -15.444 -15.778 -15.914   2.095   2.092   0.636   0.128   0.567   0.563
   59  4750  1.50 -2.50  2.00  1.25  0.00 -14.684 -14.665 -15.507 -15.812 -15.919   1.930   1.926   0.608   0.126   0.460   0.456
   60  4750  2.00 -2.50  2.00  1.25  0.00 -14.833 -14.815 -15.548 -15.836 -15.923   1.805   1.801   0.587   0.129   0.369   0.366
   61  4750  2.50 -2.50  2.00  1.25  0.00 -14.930 -14.911 -15.572 -15.853 -15.927   1.725   1.722   0.574   0.136   0.303   0.299
   62  4750  3.00 -2.50  2.00  1.25  0.00 -14.979 -14.960 -15.579 -15.863 -15.931   1.686   1.683   0.568   0.146   0.257   0.254
   63  4750  3.50 -2.50  2.00  1.25  0.00 -14.991 -14.972 -15.574 -15.867 -15.936   1.678   1.675   0.569   0.154   0.231   0.228
   64  4750  4.00 -2.50  2.00  1.25  0.00 -14.980 -14.961 -15.562 -15.864 -15.940   1.686   1.683   0.575   0.156   0.221   0.218
   65  4750  4.50 -2.50  2.00  1.25  0.00 -14.952 -14.933 -15.546 -15.859 -15.944   1.709   1.706   0.585   0.157   0.223   0.220
   66  4750  5.00 -2.50  2.00  1.25  0.00 -14.915 -14.896 -15.529 -15.855 -15.948   1.742   1.739   0.594   0.161   0.230   0.227
   67  5000  0.00 -2.50  2.00  1.25  0.00 -14.666 -14.648 -15.880 -16.157 -16.254   2.293   2.289   0.596   0.110   0.878   0.874
   68  5000  0.50 -2.50  2.00  1.25  0.00 -14.895 -14.876 -15.942 -16.182 -16.251   2.089   2.086   0.569   0.100   0.750   0.747
   69  5000  1.00 -2.50  2.00  1.25  0.00 -15.101 -15.082 -15.989 -16.199 -16.246   1.900   1.897   0.547   0.091   0.621   0.618
   70  5000  1.50 -2.50  2.00  1.25  0.00 -15.276 -15.257 -16.021 -16.209 -16.240   1.734   1.732   0.531   0.086   0.498   0.495
   71  5000  2.00 -2.50  2.00  1.25  0.00 -15.414 -15.395 -16.037 -16.214 -16.233   1.601   1.599   0.520   0.086   0.389   0.386
   72  5000  2.50 -2.50  2.00  1.25  0.00 -15.508 -15.488 -16.042 -16.216 -16.229   1.510   1.508   0.513   0.090   0.303   0.300
   73  5000  3.00 -2.50  2.00  1.25  0.00 -15.554 -15.535 -16.037 -16.217 -16.229   1.465   1.462   0.512   0.097   0.245   0.242
   74  5000  3.50 -2.50  2.00  1.25  0.00 -15.566 -15.547 -16.026 -16.218 -16.233   1.454   1.451   0.515   0.106   0.209   0.207
   75  5000  4.00 -2.50  2.00  1.25  0.00 -15.554 -15.534 -16.010 -16.216 -16.237   1.464   1.461   0.522   0.113   0.192   0.189
   76  5000  4.50 -2.50  2.00  1.25  0.00 -15.530 -15.510 -15.992 -16.211 -16.241   1.483   1.480   0.531   0.117   0.186   0.183
   77  5000  5.00 -2.50  2.00  1.25  0.00 -15.500 -15.481 -15.976 -16.207 -16.246   1.509   1.506   0.540   0.120   0.187   0.184
   78  5250  0.00 -2.50  2.00  1.25  0.00 -15.178 -15.159 -16.403 -16.565 -16.567   2.188   2.186   0.502   0.089   1.004   1.002
   79  5250  0.50 -2.50  2.00  1.25  0.00 -15.380 -15.361 -16.432 -16.568 -16.555   1.990   1.988   0.486   0.079   0.857   0.855
   80  5250  1.00 -2.50  2.00  1.25  0.00 -15.564 -15.544 -16.450 -16.567 -16.541   1.805   1.802   0.474   0.071   0.712   0.709
   81  5250  1.50 -2.50  2.00  1.25  0.00 -15.723 -15.703 -16.458 -16.560 -16.527   1.640   1.638   0.466   0.066   0.574   0.572
   82  5250  2.00 -2.50  2.00  1.25  0.00 -15.853 -15.833 -16.456 -16.551 -16.512   1.500   1.498   0.462   0.063   0.449   0.447
   83  5250  2.50 -2.50  2.00  1.25  0.00 -15.953 -15.933 -16.447 -16.541 -16.501   1.390   1.388   0.460   0.063   0.343   0.341
   84  5250  3.00 -2.50  2.00  1.25  0.00 -16.017 -15.997 -16.435 -16.533 -16.494   1.318   1.316   0.461   0.067   0.261   0.259
   85  5250  3.50 -2.50  2.00  1.25  0.00 -16.046 -16.025 -16.420 -16.529 -16.494   1.285   1.283   0.465   0.073   0.207   0.205
   86  5250  4.00 -2.50  2.00  1.25  0.00 -16.044 -16.023 -16.401 -16.525 -16.498   1.284   1.282   0.473   0.080   0.176   0.174
   87  5250  4.50 -2.50  2.00  1.25  0.00 -16.025 -16.005 -16.383 -16.522 -16.504   1.298   1.297   0.482   0.086   0.160   0.158
   88  5250  5.00 -2.50  2.00  1.25  0.00 -16.001 -15.981 -16.365 -16.518 -16.509   1.320   1.318   0.491   0.091   0.154   0.152
   89  5500  0.00 -2.50  2.00  1.25  0.00 -15.575 -15.555 -16.854 -16.922 -16.845   2.150   2.147   0.422   0.075   1.153   1.151
   90  5500  0.50 -2.50  2.00  1.25  0.00 -15.753 -15.733 -16.857 -16.911 -16.827   1.960   1.959   0.416   0.067   0.992   0.990
   91  5500  1.00 -2.50  2.00  1.25  0.00 -15.920 -15.900 -16.853 -16.897 -16.808   1.779   1.777   0.412   0.061   0.832   0.830
   92  5500  1.50 -2.50  2.00  1.25  0.00 -16.068 -16.047 -16.842 -16.879 -16.789   1.613   1.612   0.410   0.056   0.680   0.678
   93  5500  2.00 -2.50  2.00  1.25  0.00 -16.193 -16.172 -16.825 -16.859 -16.770   1.468   1.467   0.411   0.052   0.540   0.539
   94  5500  2.50 -2.50  2.00  1.25  0.00 -16.296 -16.275 -16.804 -16.839 -16.752   1.345   1.344   0.413   0.051   0.415   0.413
   95  5500  3.00 -2.50  2.00  1.25  0.00 -16.375 -16.354 -16.782 -16.822 -16.738   1.249   1.248   0.416   0.052   0.310   0.308
   96  5500  3.50 -2.50  2.00  1.25  0.00 -16.426 -16.405 -16.762 -16.810 -16.731   1.186   1.185   0.421   0.055   0.231   0.230
   97  5500  4.00 -2.50  2.00  1.25  0.00 -16.447 -16.426 -16.744 -16.803 -16.732   1.159   1.157   0.429   0.060   0.180   0.178
   98  5500  4.50 -2.50  2.00  1.25  0.00 -16.444 -16.423 -16.726 -16.799 -16.737   1.157   1.156   0.438   0.065   0.150   0.149
   99  5500  5.00 -2.50  2.00  1.25  0.00 -16.428 -16.408 -16.708 -16.796 -16.744   1.170   1.168   0.448   0.069   0.134   0.133
  100  5750  0.00 -2.50  2.00  1.25  0.00 -15.890 -15.869 -17.253 -17.244 -17.096   2.156   2.155   0.353   0.067   1.315   1.313
  101  5750  0.50 -2.50  2.00  1.25  0.00 -16.046 -16.026 -17.237 -17.223 -17.076   1.978   1.977   0.353   0.062   1.146   1.145
  102  5750  1.00 -2.50  2.00  1.25  0.00 -16.200 -16.179 -17.216 -17.199 -17.055   1.801   1.800   0.356   0.056   0.975   0.973
  103  5750  1.50 -2.50  2.00  1.25  0.00 -16.341 -16.320 -17.190 -17.173 -17.033   1.634   1.633   0.360   0.052   0.808   0.807
  104  5750  2.00 -2.50  2.00  1.25  0.00 -16.465 -16.444 -17.160 -17.145 -17.010   1.482   1.481   0.365   0.049   0.652   0.651
  105  5750  2.50 -2.50  2.00  1.25  0.00 -16.571 -16.550 -17.128 -17.117 -16.987   1.348   1.347   0.370   0.048   0.511   0.509
  106  5750  3.00 -2.50  2.00  1.25  0.00 -16.659 -16.638 -17.097 -17.091 -16.968   1.234   1.233   0.376   0.047   0.385   0.384
  107  5750  3.50 -2.50  2.00  1.25  0.00 -16.728 -16.707 -17.069 -17.071 -16.954   1.145   1.144   0.383   0.048   0.281   0.280
  108  5750  4.00 -2.50  2.00  1.25  0.00 -16.772 -16.751 -17.047 -17.058 -16.948   1.088   1.087   0.390   0.050   0.205   0.204
  109  5750  4.50 -2.50  2.00  1.25  0.00 -16.791 -16.770 -17.028 -17.051 -16.950   1.062   1.061   0.398   0.054   0.156   0.155
  110  5750  5.00 -2.50  2.00  1.25  0.00 -16.790 -16.770 -17.012 -17.048 -16.956   1.059   1.058   0.408   0.057   0.128   0.126
  111  6000  0.00 -2.50  2.00  1.25  0.00 -16.149 -16.128 -17.616 -17.537 -17.326   2.190   2.189   0.289   0.060   1.489   1.488
  112  6000  0.50 -2.50  2.00  1.25  0.00 -16.285 -16.264 -17.582 -17.510 -17.307   2.027   2.026   0.297   0.059   1.312   1.311
  113  6000  1.00 -2.50  2.00  1.25  0.00 -16.426 -16.405 -17.549 -17.481 -17.285   1.856   1.855   0.304   0.057   1.132   1.131
  114  6000  1.50 -2.50  2.00  1.25  0.00 -16.562 -16.541 -17.511 -17.449 -17.261   1.689   1.688   0.312   0.054   0.954   0.953
  115  6000  2.00 -2.50  2.00  1.25  0.00 -16.686 -16.665 -17.471 -17.415 -17.236   1.531   1.530   0.321   0.052   0.783   0.782
  116  6000  2.50 -2.50  2.00  1.25  0.00 -16.796 -16.775 -17.429 -17.380 -17.210   1.386   1.385   0.330   0.050   0.624   0.623
  117  6000  3.00 -2.50  2.00  1.25  0.00 -16.892 -16.871 -17.389 -17.347 -17.186   1.257   1.256   0.339   0.049   0.480   0.479
  118  6000  3.50 -2.50  2.00  1.25  0.00 -16.973 -16.952 -17.353 -17.319 -17.166   1.148   1.147   0.347   0.048   0.355   0.354
  119  6000  4.00 -2.50  2.00  1.25  0.00 -17.037 -17.016 -17.323 -17.298 -17.153   1.063   1.062   0.355   0.049   0.254   0.253
  120  6000  4.50 -2.50  2.00  1.25  0.00 -17.078 -17.057 -17.301 -17.285 -17.148   1.009   1.008   0.363   0.050   0.180   0.179
  121  6000  5.00 -2.50  2.00  1.25  0.00 -17.096 -17.075 -17.283 -17.279 -17.151   0.985   0.983   0.372   0.052   0.134   0.133
  122  6250  0.50 -2.50  2.00  1.25  0.00 -16.488 -16.467 -17.903 -17.776 -17.520   2.090   2.089   0.243   0.059   1.484   1.483
  123  6250  1.00 -2.50  2.00  1.25  0.00 -16.617 -16.596 -17.857 -17.744 -17.500   1.929   1.928   0.256   0.060   1.294   1.293
  124  6250  1.50 -2.50  2.00  1.25  0.00 -16.747 -16.726 -17.810 -17.709 -17.476   1.764   1.763   0.268   0.059   1.107   1.106
  125  6250  2.00 -2.50  2.00  1.25  0.00 -16.871 -16.850 -17.762 -17.670 -17.450   1.601   1.601   0.280   0.058   0.924   0.924
  126  6250  2.50 -2.50  2.00  1.25  0.00 -16.985 -16.964 -17.712 -17.631 -17.422   1.447   1.447   0.291   0.056   0.751   0.750
  127  6250  3.00 -2.50  2.00  1.25  0.00 -17.088 -17.067 -17.664 -17.592 -17.394   1.305   1.305   0.302   0.054   0.589   0.589
  128  6250  3.50 -2.50  2.00  1.25  0.00 -17.179 -17.158 -17.619 -17.556 -17.369   1.179   1.178   0.313   0.053   0.445   0.444
  129  6250  4.00 -2.50  2.00  1.25  0.00 -17.257 -17.236 -17.581 -17.527 -17.349   1.072   1.071   0.322   0.052   0.320   0.320
  130  6250  4.50 -2.50  2.00  1.25  0.00 -17.317 -17.296 -17.552 -17.507 -17.338   0.991   0.991   0.331   0.052   0.223   0.222
  131  6250  5.00 -2.50  2.00  1.25  0.00 -17.356 -17.334 -17.531 -17.495 -17.335   0.941   0.940   0.340   0.053   0.154   0.153
  132  6500  0.50 -2.50  2.00  1.25  0.00 -16.672 -16.651 -18.212 -18.025 -17.713   2.155   2.154   0.188   0.055   1.669   1.668
  133  6500  1.00 -2.50  2.00  1.25  0.00 -16.788 -16.766 -18.148 -17.991 -17.699   2.005   2.005   0.208   0.064   1.459   1.459
  134  6500  1.50 -2.50  2.00  1.25  0.00 -16.910 -16.888 -18.091 -17.954 -17.678   1.846   1.846   0.225   0.067   1.261   1.261
  135  6500  2.00 -2.50  2.00  1.25  0.00 -17.031 -17.010 -18.036 -17.913 -17.652   1.684   1.683   0.239   0.066   1.070   1.070
  136  6500  2.50 -2.50  2.00  1.25  0.00 -17.148 -17.127 -17.980 -17.870 -17.623   1.524   1.523   0.253   0.066   0.884   0.883
  137  6500  3.00 -2.50  2.00  1.25  0.00 -17.257 -17.236 -17.924 -17.826 -17.593   1.371   1.370   0.267   0.064   0.707   0.707
  138  6500  3.50 -2.50  2.00  1.25  0.00 -17.356 -17.335 -17.872 -17.784 -17.564   1.231   1.230   0.280   0.062   0.546   0.545
  139  6500  4.00 -2.50  2.00  1.25  0.00 -17.444 -17.423 -17.826 -17.748 -17.539   1.105   1.105   0.291   0.060   0.402   0.401
  140  6500  4.50 -2.50  2.00  1.25  0.00 -17.519 -17.498 -17.789 -17.719 -17.520   1.002   1.001   0.301   0.058   0.281   0.281
  141  6500  5.00 -2.50  2.00  1.25  0.00 -17.576 -17.554 -17.761 -17.700 -17.510   0.926   0.925   0.310   0.057   0.189   0.188
  142  6750  0.50 -2.50  2.00  1.25  0.00 -16.854 -16.833 -18.479 -18.251 -17.895   2.199   2.199   0.143   0.058   1.793   1.793
  143  6750  1.00 -2.50  2.00  1.25  0.00 -16.948 -16.927 -18.432 -18.223 -17.881   2.077   2.077   0.158   0.063   1.633   1.633
  144  6750  1.50 -2.50  2.00  1.25  0.00 -17.061 -17.039 -18.360 -18.185 -17.867   1.926   1.926   0.181   0.073   1.416   1.415
  145  6750  2.00 -2.50  2.00  1.25  0.00 -17.178 -17.156 -18.295 -18.143 -17.843   1.767   1.767   0.200   0.076   1.212   1.212
  146  6750  2.50 -2.50  2.00  1.25  0.00 -17.294 -17.272 -18.234 -18.098 -17.815   1.606   1.606   0.217   0.076   1.018   1.017
  147  6750  3.00 -2.50  2.00  1.25  0.00 -17.406 -17.384 -18.172 -18.051 -17.784   1.447   1.447   0.232   0.075   0.829   0.829
  148  6750  3.50 -2.50  2.00  1.25  0.00 -17.511 -17.489 -18.113 -18.005 -17.752   1.296   1.295   0.247   0.074   0.653   0.652
  149  6750  4.00 -2.50  2.00  1.25  0.00 -17.608 -17.586 -18.059 -17.962 -17.722   1.156   1.155   0.260   0.071   0.492   0.491
  150  6750  4.50 -2.50  2.00  1.25  0.00 -17.693 -17.672 -18.014 -17.925 -17.697   1.033   1.033   0.272   0.068   0.351   0.351
  151  6750  5.00 -2.50  2.00  1.25  0.00 -17.765 -17.743 -17.978 -17.897 -17.680   0.935   0.934   0.282   0.066   0.237   0.236
  152  7000  0.50 -2.50  2.00  1.25  0.00 -17.046 -17.024 -18.705 -18.452 -18.065   2.209   2.209   0.113   0.064   1.853   1.853
  153  7000  1.00 -2.50  2.00  1.25  0.00 -17.113 -17.092 -18.676 -18.434 -18.052   2.122   2.122   0.118   0.068   1.748   1.748
  154  7000  1.50 -2.50  2.00  1.25  0.00 -17.209 -17.187 -18.622 -18.403 -18.038   1.996   1.996   0.135   0.075   1.574   1.574
  155  7000  2.00 -2.50  2.00  1.25  0.00 -17.318 -17.296 -18.544 -18.361 -18.021   1.845   1.844   0.161   0.085   1.352   1.351
  156  7000  2.50 -2.50  2.00  1.25  0.00 -17.430 -17.409 -18.474 -18.315 -17.996   1.687   1.686   0.181   0.089   1.146   1.145
  157  7000  3.00 -2.50  2.00  1.25  0.00 -17.542 -17.520 -18.408 -18.266 -17.965   1.526   1.526   0.199   0.088   0.950   0.949
  158  7000  3.50 -2.50  2.00  1.25  0.00 -17.650 -17.628 -18.344 -18.217 -17.932   1.368   1.368   0.215   0.087   0.763   0.762
  159  7000  4.00 -2.50  2.00  1.25  0.00 -17.753 -17.731 -18.283 -18.168 -17.898   1.218   1.217   0.230   0.085   0.587   0.587
  160  7000  4.50 -2.50  2.00  1.25  0.00 -17.847 -17.826 -18.229 -18.125 -17.869   1.080   1.079   0.244   0.081   0.428   0.428
  161  7000  5.00 -2.50  2.00  1.25  0.00 -17.930 -17.908 -18.186 -18.089 -17.845   0.962   0.961   0.255   0.077   0.294   0.294
  162  7250  0.50 -2.50  2.00  1.25  0.00 -17.255 -17.233 -18.891 -18.627 -18.222   2.174   2.175   0.094   0.071   1.842   1.843
  163  7250  1.00 -2.50  2.00  1.25  0.00 -17.290 -17.268 -18.886 -18.620 -18.211   2.132   2.132   0.091   0.073   1.804   1.804
  164  7250  1.50 -2.50  2.00  1.25  0.00 -17.364 -17.342 -18.849 -18.599 -18.198   2.037   2.037   0.099   0.081   1.677   1.677
  165  7250  2.00 -2.50  2.00  1.25  0.00 -17.458 -17.436 -18.787 -18.565 -18.183   1.909   1.909   0.118   0.090   1.492   1.491
  166  7250  2.50 -2.50  2.00  1.25  0.00 -17.563 -17.542 -18.706 -18.520 -18.164   1.759   1.758   0.144   0.099   1.270   1.269
  167  7250  3.00 -2.50  2.00  1.25  0.00 -17.671 -17.650 -18.632 -18.471 -18.137   1.602   1.602   0.165   0.102   1.064   1.064
  168  7250  3.50 -2.50  2.00  1.25  0.00 -17.779 -17.757 -18.563 -18.420 -18.104   1.443   1.442   0.184   0.102   0.869   0.869
  169  7250  4.00 -2.50  2.00  1.25  0.00 -17.884 -17.863 -18.497 -18.368 -18.069   1.286   1.285   0.201   0.099   0.683   0.683
  170  7250  4.50 -2.50  2.00  1.25  0.00 -17.985 -17.963 -18.436 -18.319 -18.035   1.136   1.136   0.216   0.096   0.511   0.510
  171  7250  5.00 -2.50  2.00  1.25  0.00 -18.075 -18.054 -18.384 -18.276 -18.006   1.003   1.003   0.229   0.092   0.359   0.358
  172  7500  0.50 -2.50  2.00  1.25  0.00 -17.500 -17.478 -19.018 -18.764 -18.363   2.066   2.066   0.099   0.076   1.714   1.714
  173  7500  1.00 -2.50  2.00  1.25  0.00 -17.480 -17.458 -19.064 -18.782 -18.354   2.104   2.104   0.072   0.076   1.807   1.807
  174  7500  1.50 -2.50  2.00  1.25  0.00 -17.530 -17.508 -19.042 -18.771 -18.345   2.043   2.044   0.074   0.084   1.725   1.725
  175  7500  2.00 -2.50  2.00  1.25  0.00 -17.606 -17.584 -18.997 -18.748 -18.333   1.944   1.944   0.085   0.095   1.583   1.583
  176  7500  2.50 -2.50  2.00  1.25  0.00 -17.698 -17.676 -18.930 -18.712 -18.317   1.816   1.816   0.105   0.106   1.392   1.392
  177  7500  3.00 -2.50  2.00  1.25  0.00 -17.799 -17.777 -18.847 -18.665 -18.297   1.667   1.667   0.132   0.115   1.172   1.172
  178  7500  3.50 -2.50  2.00  1.25  0.00 -17.903 -17.882 -18.772 -18.613 -18.267   1.512   1.512   0.153   0.117   0.970   0.970
  179  7500  4.00 -2.50  2.00  1.25  0.00 -18.008 -17.986 -18.701 -18.560 -18.232   1.354   1.354   0.172   0.116   0.776   0.776
  180  7500  4.50 -2.50  2.00  1.25  0.00 -18.111 -18.089 -18.634 -18.507 -18.196   1.198   1.198   0.189   0.112   0.593   0.593
  181  7500  5.00 -2.50  2.00  1.25  0.00 -18.207 -18.185 -18.575 -18.458 -18.162   1.053   1.053   0.204   0.108   0.427   0.427
  182  7750  1.00 -2.50  2.00  1.25  0.00 -17.691 -17.668 -19.205 -18.917 -18.482   2.028   2.029   0.064   0.077   1.743   1.744
  183  7750  1.50 -2.50  2.00  1.25  0.00 -17.708 -17.686 -19.207 -18.920 -18.477   2.014   2.015   0.057   0.085   1.728   1.729
  184  7750  2.00 -2.50  2.00  1.25  0.00 -17.764 -17.742 -19.175 -18.906 -18.469   1.944   1.944   0.063   0.098   1.622   1.622
  185  7750  2.50 -2.50  2.00  1.25  0.00 -17.840 -17.818 -19.125 -18.882 -18.456   1.844   1.844   0.074   0.112   1.470   1.469
  186  7750  3.00 -2.50  2.00  1.25  0.00 -17.929 -17.907 -19.054 -18.844 -18.440   1.717   1.717   0.096   0.124   1.276   1.276
  187  7750  3.50 -2.50  2.00  1.25  0.00 -18.027 -18.005 -18.971 -18.796 -18.418   1.571   1.571   0.123   0.131   1.062   1.062
  188  7750  4.00 -2.50  2.00  1.25  0.00 -18.128 -18.106 -18.896 -18.742 -18.387   1.416   1.416   0.144   0.132   0.863   0.862
  189  7750  4.50 -2.50  2.00  1.25  0.00 -18.230 -18.208 -18.824 -18.688 -18.350   1.260   1.260   0.163   0.130   0.672   0.672
  190  7750  5.00 -2.50  2.00  1.25  0.00 -18.329 -18.307 -18.758 -18.635 -18.314   1.108   1.108   0.179   0.126   0.496   0.495
  191  8000  1.00 -2.50  2.00  1.25  0.00 -17.926 -17.904 -19.303 -19.021 -18.591   1.897   1.897   0.070   0.076   1.602   1.602
  192  8000  1.50 -2.50  2.00  1.25  0.00 -17.897 -17.875 -19.346 -19.048 -18.594   1.952   1.953   0.046   0.085   1.688   1.688
  193  8000  2.00 -2.50  2.00  1.25  0.00 -17.930 -17.908 -19.329 -19.044 -18.590   1.916   1.916   0.046   0.098   1.626   1.626
  194  8000  2.50 -2.50  2.00  1.25  0.00 -17.989 -17.967 -19.289 -19.028 -18.582   1.840   1.840   0.054   0.114   1.503   1.503
  195  8000  3.00 -2.50  2.00  1.25  0.00 -18.064 -18.042 -19.234 -19.002 -18.569   1.740   1.740   0.067   0.130   1.345   1.345
  196  8000  3.50 -2.50  2.00  1.25  0.00 -18.151 -18.129 -19.160 -18.964 -18.553   1.614   1.614   0.090   0.142   1.148   1.148
  197  8000  4.00 -2.50  2.00  1.25  0.00 -18.247 -18.225 -19.080 -18.915 -18.530   1.470   1.470   0.116   0.148   0.940   0.940
  198  8000  4.50 -2.50  2.00  1.25  0.00 -18.345 -18.323 -19.005 -18.860 -18.497   1.317   1.317   0.137   0.148   0.746   0.746
  199  8000  5.00 -2.50  2.00  1.25  0.00 -18.444 -18.422 -18.934 -18.805 -18.460   1.163   1.163   0.155   0.145   0.562   0.562
  200  8250  1.00 -2.50  2.00  1.25  0.00 -18.187 -18.164 -19.361 -19.087 -18.675   1.702   1.703   0.087   0.068   1.390   1.390
  201  8250  1.50 -2.50  2.00  1.25  0.00 -18.098 -18.075 -19.457 -19.153 -18.695   1.857   1.857   0.043   0.082   1.606   1.606
  202  8250  2.00 -2.50  2.00  1.25  0.00 -18.103 -18.081 -19.461 -19.162 -18.697   1.861   1.861   0.035   0.095   1.599   1.599
  203  8250  2.50 -2.50  2.00  1.25  0.00 -18.143 -18.121 -19.433 -19.154 -18.693   1.813   1.813   0.039   0.112   1.509   1.510
  204  8250  3.00 -2.50  2.00  1.25  0.00 -18.204 -18.182 -19.387 -19.137 -18.685   1.735   1.735   0.048   0.131   1.374   1.374
  205  8250  3.50 -2.50  2.00  1.25  0.00 -18.278 -18.256 -19.327 -19.110 -18.672   1.634   1.634   0.062   0.150   1.208   1.208
  206  8250  4.00 -2.50  2.00  1.25  0.00 -18.365 -18.343 -19.252 -19.071 -18.658   1.509   1.509   0.087   0.162   1.010   1.010
  207  8250  4.50 -2.50  2.00  1.25  0.00 -18.459 -18.437 -19.175 -19.022 -18.633   1.365   1.365   0.111   0.165   0.811   0.811
  208  8250  5.00 -2.50  2.00  1.25  0.00 -18.555 -18.533 -19.101 -18.967 -18.599   1.214   1.214   0.132   0.163   0.623   0.623
  209  8500  1.50 -2.50  2.00  1.25  0.00 -18.305 -18.282 -19.543 -19.237 -18.782   1.734   1.734   0.045   0.078   1.486   1.487
  210  8500  2.00 -2.50  2.00  1.25  0.00 -18.282 -18.260 -19.570 -19.261 -18.790   1.781   1.781   0.029   0.091   1.539   1.539
  211  8500  2.50 -2.50  2.00  1.25  0.00 -18.303 -18.281 -19.555 -19.263 -18.791   1.762   1.762   0.028   0.109   1.486   1.486
  212  8500  3.00 -2.50  2.00  1.25  0.00 -18.348 -18.326 -19.519 -19.254 -18.787   1.708   1.708   0.033   0.130   1.378   1.378
  213  8500  3.50 -2.50  2.00  1.25  0.00 -18.409 -18.387 -19.469 -19.235 -18.779   1.628   1.628   0.044   0.152   1.235   1.235
  214  8500  4.00 -2.50  2.00  1.25  0.00 -18.483 -18.461 -19.406 -19.207 -18.767   1.527   1.527   0.059   0.171   1.064   1.064
  215  8500  4.50 -2.50  2.00  1.25  0.00 -18.571 -18.549 -19.333 -19.169 -18.754   1.400   1.400   0.086   0.179   0.867   0.867
  216  8500  5.00 -2.50  2.00  1.25  0.00 -18.663 -18.641 -19.258 -19.119 -18.728   1.258   1.258   0.109   0.181   0.676   0.676
  217  8750  1.50 -2.50  2.00  1.25  0.00 -18.507 -18.485 -19.615 -19.307 -18.856   1.602   1.602   0.049   0.073   1.357   1.358
  218  8750  2.00 -2.50  2.00  1.25  0.00 -18.459 -18.437 -19.663 -19.346 -18.872   1.689   1.689   0.026   0.087   1.462   1.462
  219  8750  2.50 -2.50  2.00  1.25  0.00 -18.463 -18.441 -19.662 -19.357 -18.877   1.696   1.696   0.020   0.104   1.445   1.446
  220  8750  3.00 -2.50  2.00  1.25  0.00 -18.493 -18.471 -19.636 -19.355 -18.877   1.663   1.664   0.023   0.126   1.365   1.365
  221  8750  3.50 -2.50  2.00  1.25  0.00 -18.541 -18.519 -19.593 -19.343 -18.873   1.604   1.604   0.030   0.150   1.243   1.243
  222  8750  4.00 -2.50  2.00  1.25  0.00 -18.604 -18.582 -19.538 -19.324 -18.865   1.522   1.522   0.041   0.174   1.090   1.090
  223  8750  4.50 -2.50  2.00  1.25  0.00 -18.680 -18.658 -19.472 -19.296 -18.856   1.417   1.417   0.060   0.192   0.910   0.910
  224  8750  5.00 -2.50  2.00  1.25  0.00 -18.770 -18.748 -19.403 -19.257 -18.844   1.290   1.290   0.087   0.197   0.720   0.720
  225  9000  1.50 -2.50  2.00  0.00  0.00 -18.699 -18.676 -19.679 -19.370 -18.921   1.473   1.474   0.051   0.068   1.232   1.232
  226  9000  2.00 -2.50  2.00  0.00  0.00 -18.630 -18.608 -19.742 -19.420 -18.945   1.592   1.593   0.024   0.083   1.376   1.377
  227  9000  2.50 -2.50  2.00  0.00  0.00 -18.619 -18.596 -19.753 -19.438 -18.953   1.622   1.622   0.015   0.100   1.391   1.391
  228  9000  3.00 -2.50  2.00  0.00  0.00 -18.637 -18.614 -19.736 -19.442 -18.957   1.608   1.608   0.014   0.121   1.336   1.336
  229  9000  3.50 -2.50  2.00  0.00  0.00 -18.674 -18.651 -19.702 -19.438 -18.957   1.566   1.567   0.019   0.146   1.234   1.234
  230  9000  4.00 -2.50  2.00  0.00  0.00 -18.725 -18.703 -19.654 -19.426 -18.954   1.503   1.503   0.028   0.173   1.099   1.099
  231  9000  4.50 -2.50  2.00  0.00  0.00 -18.790 -18.768 -19.595 -19.406 -18.946   1.417   1.417   0.041   0.199   0.936   0.936
  232  9000  5.00 -2.50  2.00  0.00  0.00 -18.872 -18.850 -19.531 -19.377 -18.941   1.307   1.307   0.064   0.211   0.754   0.754
  233  9250  2.00 -2.50  2.00  0.00  0.00 -18.793 -18.771 -19.814 -19.487 -19.011   1.496   1.497   0.023   0.079   1.289   1.289
  234  9250  2.50 -2.50  2.00  0.00  0.00 -18.769 -18.746 -19.833 -19.511 -19.022   1.544   1.545   0.011   0.095   1.329   1.329
  235  9250  3.00 -2.50  2.00  0.00  0.00 -18.776 -18.754 -19.825 -19.520 -19.028   1.546   1.546   0.008   0.116   1.296   1.296
  236  9250  3.50 -2.50  2.00  0.00  0.00 -18.804 -18.781 -19.798 -19.521 -19.032   1.519   1.519   0.011   0.141   1.214   1.214
  237  9250  4.00 -2.50  2.00  0.00  0.00 -18.846 -18.824 -19.758 -19.515 -19.032   1.471   1.471   0.017   0.169   1.096   1.096
  238  9250  4.50 -2.50  2.00  0.00  0.00 -18.902 -18.880 -19.705 -19.501 -19.029   1.402   1.402   0.027   0.198   0.949   0.949
  239  9250  5.00 -2.50  2.00  0.00  0.00 -18.971 -18.949 -19.644 -19.480 -19.023   1.311   1.311   0.044   0.221   0.778   0.778
  240  9500  2.00 -2.50  2.00  0.00  0.00 -18.948 -18.925 -19.880 -19.550 -19.072   1.404   1.404   0.022   0.077   1.204   1.205
  241  9500  2.50 -2.50  2.00  0.00  0.00 -18.913 -18.890 -19.906 -19.577 -19.085   1.466   1.467   0.008   0.091   1.265   1.265
  242  9500  3.00 -2.50  2.00  0.00  0.00 -18.910 -18.888 -19.904 -19.589 -19.093   1.481   1.482   0.004   0.111   1.251   1.251
  243  9500  3.50 -2.50  2.00  0.00  0.00 -18.929 -18.907 -19.884 -19.594 -19.098   1.467   1.467   0.004   0.135   1.187   1.187
  244  9500  4.00 -2.50  2.00  0.00  0.00 -18.965 -18.942 -19.850 -19.593 -19.102   1.431   1.431   0.009   0.163   1.084   1.085
  245  9500  4.50 -2.50  2.00  0.00  0.00 -19.012 -18.990 -19.804 -19.586 -19.103   1.376   1.376   0.017   0.195   0.951   0.951
  246  9500  5.00 -2.50  2.00  0.00  0.00 -19.072 -19.050 -19.746 -19.571 -19.100   1.301   1.301   0.029   0.225   0.790   0.791
  247  9750  2.00 -2.50  2.00  0.00  0.00 -19.094 -19.071 -19.943 -19.609 -19.130   1.317   1.318   0.021   0.074   1.125   1.126
  248  9750  2.50 -2.50  2.00  0.00  0.00 -19.050 -19.027 -19.973 -19.638 -19.144   1.390   1.391   0.006   0.088   1.200   1.200
  249  9750  3.00 -2.50  2.00  0.00  0.00 -19.039 -19.017 -19.976 -19.653 -19.153   1.416   1.416   0.000   0.106   1.202   1.202
  250  9750  3.50 -2.50  2.00  0.00  0.00 -19.051 -19.028 -19.961 -19.660 -19.159   1.412   1.412  -0.001   0.129   1.153   1.154
  251  9750  4.00 -2.50  2.00  0.00  0.00 -19.079 -19.057 -19.933 -19.663 -19.165   1.386   1.386   0.002   0.158   1.065   1.065
  252  9750  4.50 -2.50  2.00  0.00  0.00 -19.121 -19.099 -19.892 -19.661 -19.169   1.343   1.343   0.008   0.191   0.944   0.944
  253  9750  5.00 -2.50  2.00  0.00  0.00 -19.173 -19.151 -19.839 -19.652 -19.171   1.281   1.281   0.019   0.223   0.795   0.795
  254 10000  2.00 -2.50  2.00  0.00  0.00 -19.232 -19.209 -20.004 -19.666 -19.185   1.237   1.238   0.019   0.073   1.051   1.052
  255 10000  2.50 -2.50  2.00  0.00  0.00 -19.181 -19.158 -20.036 -19.697 -19.200   1.317   1.318   0.004   0.086   1.136   1.137
  256 10000  3.00 -2.50  2.00  0.00  0.00 -19.163 -19.141 -20.042 -19.712 -19.209   1.351   1.352  -0.003   0.103   1.150   1.151
  257 10000  3.50 -2.50  2.00  0.00  0.00 -19.168 -19.146 -20.032 -19.722 -19.216   1.356   1.356  -0.005   0.124   1.116   1.116
  258 10000  4.00 -2.50  2.00  0.00  0.00 -19.190 -19.167 -20.008 -19.727 -19.223   1.339   1.340  -0.004   0.152   1.041   1.041
  259 10000  4.50 -2.50  2.00  0.00  0.00 -19.226 -19.203 -19.972 -19.729 -19.229   1.305   1.305   0.001   0.185   0.932   0.932
  260 10000  5.00 -2.50  2.00  0.00  0.00 -19.272 -19.250 -19.925 -19.725 -19.234   1.254   1.254   0.009   0.220   0.794   0.794
  261 10250  2.00 -2.50  2.00  0.00  0.00 -19.361 -19.339 -20.062 -19.722 -19.239   1.162   1.163   0.017   0.072   0.983   0.984
  262 10250  2.50 -2.50  2.00  0.00  0.00 -19.306 -19.283 -20.096 -19.752 -19.254   1.248   1.249   0.001   0.084   1.075   1.076
  263 10250  3.00 -2.50  2.00  0.00  0.00 -19.283 -19.260 -20.104 -19.769 -19.262   1.288   1.289  -0.006   0.100   1.099   1.099
  264 10250  3.50 -2.50  2.00  0.00  0.00 -19.281 -19.259 -20.097 -19.779 -19.270   1.300   1.300  -0.009   0.120   1.076   1.076
  265 10250  4.00 -2.50  2.00  0.00  0.00 -19.297 -19.275 -20.077 -19.786 -19.277   1.291   1.291  -0.009   0.146   1.013   1.014
  266 10250  4.50 -2.50  2.00  0.00  0.00 -19.327 -19.305 -20.046 -19.790 -19.284   1.265   1.265  -0.005   0.178   0.917   0.917
  267 10250  5.00 -2.50  2.00  0.00  0.00 -19.369 -19.347 -20.003 -19.790 -19.291   1.223   1.223   0.001   0.214   0.790   0.790
  268 10500  2.00 -2.50  2.00  0.00  0.00 -19.484 -19.461 -20.119 -19.775 -19.290   1.093   1.094   0.015   0.070   0.920   0.921
  269 10500  2.50 -2.50  2.00  0.00  0.00 -19.425 -19.402 -20.153 -19.806 -19.305   1.183   1.184  -0.001   0.083   1.018   1.018
  270 10500  3.00 -2.50  2.00  0.00  0.00 -19.397 -19.374 -20.163 -19.822 -19.313   1.227   1.228  -0.009   0.097   1.048   1.049
  271 10500  3.50 -2.50  2.00  0.00  0.00 -19.390 -19.368 -20.158 -19.833 -19.320   1.245   1.245  -0.012   0.117   1.034   1.035
  272 10500  4.00 -2.50  2.00  0.00  0.00 -19.401 -19.378 -20.141 -19.841 -19.328   1.242   1.242  -0.013   0.141   0.983   0.983
  273 10500  4.50 -2.50  2.00  0.00  0.00 -19.426 -19.403 -20.114 -19.846 -19.336   1.223   1.223  -0.010   0.172   0.897   0.898
  274 10500  5.00 -2.50  2.00  0.00  0.00 -19.463 -19.441 -20.075 -19.850 -19.345   1.189   1.189  -0.005   0.208   0.780   0.780
  275 10750  2.00 -2.50  2.00  0.00  0.00 -19.600 -19.577 -20.173 -19.827 -19.340   1.029   1.030   0.013   0.070   0.862   0.863
  276 10750  2.50 -2.50  2.00  0.00  0.00 -19.538 -19.515 -20.208 -19.857 -19.354   1.122   1.122  -0.003   0.081   0.963   0.964
  277 10750  3.00 -2.50  2.00  0.00  0.00 -19.506 -19.483 -20.218 -19.873 -19.362   1.169   1.170  -0.011   0.096   0.999   1.000
  278 10750  3.50 -2.50  2.00  0.00  0.00 -19.496 -19.473 -20.215 -19.884 -19.369   1.191   1.191  -0.015   0.113   0.992   0.993
  279 10750  4.00 -2.50  2.00  0.00  0.00 -19.501 -19.479 -20.201 -19.892 -19.376   1.193   1.194  -0.016   0.137   0.950   0.951
  280 10750  4.50 -2.50  2.00  0.00  0.00 -19.521 -19.499 -20.177 -19.899 -19.385   1.180   1.181  -0.015   0.166   0.875   0.876
  281 10750  5.00 -2.50  2.00  0.00  0.00 -19.554 -19.532 -20.142 -19.905 -19.394   1.153   1.153  -0.011   0.202   0.768   0.768
  282 11000  2.00 -2.50  2.00  0.00  0.00 -19.709 -19.687 -20.226 -19.877 -19.388   0.970   0.970   0.011   0.069   0.808   0.809
  283 11000  2.50 -2.50  2.00  0.00  0.00 -19.645 -19.622 -20.261 -19.907 -19.402   1.064   1.065  -0.005   0.080   0.913   0.913
  284 11000  3.00 -2.50  2.00  0.00  0.00 -19.610 -19.588 -20.272 -19.923 -19.409   1.115   1.115  -0.014   0.094   0.952   0.953
  285 11000  3.50 -2.50  2.00  0.00  0.00 -19.597 -19.574 -20.270 -19.933 -19.415   1.139   1.139  -0.018   0.111   0.951   0.952
  286 11000  4.00 -2.50  2.00  0.00  0.00 -19.598 -19.576 -20.257 -19.942 -19.422   1.145   1.146  -0.020   0.133   0.916   0.917
  287 11000  4.50 -2.50  2.00  0.00  0.00 -19.614 -19.592 -20.236 -19.949 -19.431   1.137   1.138  -0.019   0.161   0.850   0.851
  288 11000  5.00 -2.50  2.00  0.00  0.00 -19.642 -19.620 -20.204 -19.956 -19.441   1.116   1.116  -0.015   0.196   0.752   0.753
  289 11250  2.00 -2.50  2.00  0.00  0.00 -19.813 -19.791 -20.278 -19.925 -19.434   0.914   0.915   0.008   0.068   0.759   0.759
  290 11250  2.50 -2.50  2.00  0.00  0.00 -19.747 -19.724 -20.313 -19.955 -19.448   1.011   1.011  -0.008   0.079   0.866   0.866
  291 11250  3.00 -2.50  2.00  0.00  0.00 -19.710 -19.688 -20.324 -19.971 -19.454   1.062   1.063  -0.016   0.092   0.908   0.909
  292 11250  3.50 -2.50  2.00  0.00  0.00 -19.694 -19.671 -20.322 -19.981 -19.460   1.089   1.090  -0.021   0.109   0.911   0.911
  293 11250  4.00 -2.50  2.00  0.00  0.00 -19.692 -19.670 -20.311 -19.989 -19.467   1.099   1.099  -0.023   0.130   0.882   0.883
  294 11250  4.50 -2.50  2.00  0.00  0.00 -19.704 -19.682 -20.292 -19.997 -19.475   1.095   1.096  -0.022   0.157   0.824   0.825
  295 11250  5.00 -2.50  2.00  0.00  0.00 -19.728 -19.706 -20.263 -20.005 -19.485   1.078   1.079  -0.020   0.190   0.735   0.736
  296 11500  2.00 -2.50  2.00  0.00  0.00 -19.912 -19.889 -20.327 -19.972 -19.478   0.862   0.863   0.006   0.068   0.712   0.713
  297 11500  2.50 -2.50  2.00  0.00  0.00 -19.844 -19.821 -20.363 -20.002 -19.492   0.960   0.961  -0.010   0.078   0.821   0.822
  298 11500  3.00 -2.50  2.00  0.00  0.00 -19.806 -19.783 -20.373 -20.017 -19.498   1.013   1.014  -0.019   0.091   0.866   0.867
  299 11500  3.50 -2.50  2.00  0.00  0.00 -19.787 -19.764 -20.372 -20.027 -19.504   1.042   1.043  -0.023   0.107   0.872   0.873
  300 11500  4.00 -2.50  2.00  0.00  0.00 -19.783 -19.760 -20.362 -20.035 -19.510   1.054   1.055  -0.025   0.127   0.848   0.849
  301 11500  4.50 -2.50  2.00  0.00  0.00 -19.791 -19.769 -20.345 -20.043 -19.517   1.053   1.054  -0.025   0.153   0.797   0.797
  302 11500  5.00 -2.50  2.00  0.00  0.00 -19.812 -19.789 -20.318 -20.051 -19.527   1.041   1.041  -0.023   0.185   0.716   0.717
  303 11750  2.00 -2.50  2.00  0.00  0.00 -20.006 -19.984 -20.375 -20.018 -19.522   0.813   0.814   0.004   0.067   0.669   0.670
  304 11750  2.50 -2.50  2.00  0.00  0.00 -19.937 -19.914 -20.411 -20.047 -19.535   0.913   0.914  -0.012   0.078   0.780   0.781
  305 11750  3.00 -2.50  2.00  0.00  0.00 -19.897 -19.874 -20.422 -20.062 -19.541   0.967   0.968  -0.021   0.090   0.827   0.828
  306 11750  3.50 -2.50  2.00  0.00  0.00 -19.876 -19.854 -20.420 -20.071 -19.545   0.997   0.998  -0.026   0.106   0.835   0.836
  307 11750  4.00 -2.50  2.00  0.00  0.00 -19.870 -19.848 -20.411 -20.079 -19.551   1.011   1.011  -0.028   0.125   0.815   0.816
  308 11750  4.50 -2.50  2.00  0.00  0.00 -19.876 -19.854 -20.395 -20.087 -19.559   1.013   1.013  -0.028   0.149   0.769   0.770
  309 11750  5.00 -2.50  2.00  0.00  0.00 -19.893 -19.871 -20.371 -20.095 -19.568   1.004   1.004  -0.027   0.180   0.696   0.696
  310 12000  2.50 -2.50  2.00  0.00  0.00 -20.025 -20.002 -20.458 -20.091 -19.577   0.868   0.869  -0.015   0.077   0.742   0.743
  311 12000  3.00 -2.50  2.00  0.00  0.00 -19.984 -19.961 -20.469 -20.105 -19.582   0.924   0.924  -0.023   0.089   0.790   0.791
  312 12000  3.50 -2.50  2.00  0.00  0.00 -19.962 -19.939 -20.467 -20.114 -19.586   0.954   0.955  -0.028   0.104   0.800   0.801
  313 12000  4.00 -2.50  2.00  0.00  0.00 -19.954 -19.932 -20.458 -20.122 -19.591   0.970   0.970  -0.030   0.123   0.783   0.783
  314 12000  4.50 -2.50  2.00  0.00  0.00 -19.958 -19.936 -20.443 -20.129 -19.598   0.973   0.974  -0.031   0.146   0.741   0.741
  315 12000  5.00 -2.50  2.00  0.00  0.00 -19.972 -19.950 -20.421 -20.138 -19.607   0.967   0.968  -0.030   0.176   0.674   0.675
  316 12250  2.50 -2.50  2.00  0.00  0.00 -20.110 -20.087 -20.504 -20.134 -19.617   0.827   0.827  -0.017   0.076   0.706   0.706
  317 12250  3.00 -2.50  2.00  0.00  0.00 -20.067 -20.044 -20.514 -20.148 -19.622   0.882   0.883  -0.026   0.088   0.755   0.756
  318 12250  3.50 -2.50  2.00  0.00  0.00 -20.044 -20.022 -20.512 -20.156 -19.626   0.914   0.914  -0.030   0.103   0.767   0.767
  319 12250  4.00 -2.50  2.00  0.00  0.00 -20.035 -20.013 -20.504 -20.163 -19.630   0.930   0.931  -0.033   0.121   0.752   0.752
  320 12250  4.50 -2.50  2.00  0.00  0.00 -20.037 -20.015 -20.490 -20.171 -19.637   0.935   0.936  -0.034   0.144   0.713   0.714
  321 12250  5.00 -2.50  2.00  0.00  0.00 -20.049 -20.027 -20.469 -20.179 -19.646   0.931   0.932  -0.033   0.172   0.652   0.652
  322 12500  2.50 -2.50  2.00  0.00  0.00 -20.191 -20.168 -20.548 -20.176 -19.657   0.787   0.788  -0.019   0.076   0.672   0.673
  323 12500  3.00 -2.50  2.00  0.00  0.00 -20.147 -20.124 -20.558 -20.189 -19.661   0.843   0.844  -0.028   0.088   0.722   0.723
  324 12500  3.50 -2.50  2.00  0.00  0.00 -20.123 -20.101 -20.556 -20.197 -19.664   0.875   0.876  -0.033   0.102   0.735   0.736
  325 12500  4.00 -2.50  2.00  0.00  0.00 -20.113 -20.091 -20.548 -20.203 -19.668   0.892   0.893  -0.035   0.119   0.722   0.722
  326 12500  4.50 -2.50  2.00  0.00  0.00 -20.114 -20.091 -20.534 -20.211 -19.675   0.899   0.899  -0.036   0.141   0.686   0.687
  327 12500  5.00 -2.50  2.00  0.00  0.00 -20.124 -20.102 -20.515 -20.219 -19.683   0.896   0.897  -0.036   0.168   0.629   0.629
  328 12750  2.50 -2.50  2.00  0.00  0.00 -20.269 -20.246 -20.592 -20.216 -19.695   0.750   0.750  -0.021   0.075   0.640   0.641
  329 12750  3.00 -2.50  2.00  0.00  0.00 -20.224 -20.201 -20.601 -20.229 -19.699   0.807   0.807  -0.030   0.087   0.691   0.692
  330 12750  3.50 -2.50  2.00  0.00  0.00 -20.199 -20.177 -20.599 -20.236 -19.701   0.839   0.840  -0.035   0.101   0.705   0.706
  331 12750  4.00 -2.50  2.00  0.00  0.00 -20.188 -20.166 -20.591 -20.243 -19.705   0.856   0.857  -0.037   0.118   0.693   0.694
  332 12750  4.50 -2.50  2.00  0.00  0.00 -20.188 -20.165 -20.578 -20.250 -19.711   0.864   0.864  -0.039   0.139   0.660   0.660
  333 12750  5.00 -2.50  2.00  0.00  0.00 -20.197 -20.174 -20.559 -20.257 -19.719   0.863   0.863  -0.038   0.165   0.606   0.607
  334 13000  2.50 -2.50  2.00  0.00  0.00 -20.344 -20.321 -20.634 -20.256 -19.732   0.714   0.715  -0.024   0.075   0.610   0.610
  335 13000  3.00 -2.50  2.00  0.00  0.00 -20.298 -20.275 -20.643 -20.268 -19.735   0.772   0.772  -0.032   0.086   0.662   0.663
  336 13000  3.50 -2.50  2.00  0.00  0.00 -20.272 -20.250 -20.641 -20.275 -19.737   0.804   0.805  -0.037   0.100   0.677   0.677
  337 13000  4.00 -2.50  2.00  0.00  0.00 -20.261 -20.238 -20.633 -20.281 -19.741   0.822   0.823  -0.040   0.117   0.666   0.667
  338 13000  4.50 -2.50  2.00  0.00  0.00 -20.260 -20.237 -20.620 -20.287 -19.747   0.830   0.831  -0.041   0.138   0.634   0.635
  339 13000  5.00 -2.50  2.00  0.00  0.00 -20.267 -20.244 -20.602 -20.295 -19.754   0.830   0.831  -0.041   0.163   0.584   0.584
  340 14000  2.00 -2.50  2.00  0.00  0.00 -20.709 -20.686 -20.753 -20.374 -19.862   0.468   0.469  -0.012   0.063   0.365   0.366
  341 14000  2.50 -2.50  2.00  0.00  0.00 -20.621 -20.599 -20.793 -20.406 -19.874   0.586   0.587  -0.032   0.073   0.502   0.503
  342 14000  3.00 -2.50  2.00  0.00  0.00 -20.570 -20.547 -20.801 -20.415 -19.874   0.647   0.648  -0.041   0.084   0.559   0.560
  343 14000  3.50 -2.50  2.00  0.00  0.00 -20.541 -20.518 -20.798 -20.420 -19.874   0.681   0.682  -0.046   0.097   0.577   0.577
  344 14000  4.00 -2.50  2.00  0.00  0.00 -20.527 -20.504 -20.789 -20.424 -19.876   0.699   0.700  -0.048   0.112   0.569   0.570
  345 14000  4.50 -2.50  2.00  0.00  0.00 -20.523 -20.501 -20.776 -20.430 -19.881   0.708   0.709  -0.049   0.132   0.542   0.543
  346 14000  5.00 -2.50  2.00  0.00  0.00 -20.528 -20.505 -20.760 -20.437 -19.887   0.711   0.711  -0.049   0.155   0.498   0.499
  347 15000  2.50 -2.50  2.00  0.00  0.00 -20.869 -20.846 -20.940 -20.543 -20.004   0.476   0.477  -0.039   0.071   0.409   0.410
  348 15000  3.00 -2.50  2.00  0.00  0.00 -20.812 -20.789 -20.946 -20.551 -20.002   0.541   0.542  -0.049   0.082   0.473   0.474
  349 15000  3.50 -2.50  2.00  0.00  0.00 -20.779 -20.756 -20.941 -20.553 -20.000   0.576   0.577  -0.053   0.094   0.493   0.494
  350 15000  4.00 -2.50  2.00  0.00  0.00 -20.762 -20.739 -20.932 -20.556 -20.000   0.596   0.597  -0.056   0.109   0.488   0.489
  351 15000  4.50 -2.50  2.00  0.00  0.00 -20.757 -20.734 -20.919 -20.560 -20.003   0.605   0.606  -0.057   0.127   0.464   0.465
  352 15000  5.00 -2.50  2.00  0.00  0.00 -20.760 -20.737 -20.904 -20.566 -20.009   0.608   0.609  -0.057   0.149   0.424   0.425
  353 16000  2.50 -2.50  2.00  0.00  0.00 -21.096 -21.073 -21.076 -20.671 -20.126   0.377   0.378  -0.046   0.070   0.327   0.328
  354 16000  3.00 -2.50  2.00  0.00  0.00 -21.031 -21.008 -21.081 -20.677 -20.121   0.448   0.449  -0.056   0.080   0.397   0.398
  355 16000  3.50 -2.50  2.00  0.00  0.00 -20.993 -20.971 -21.075 -20.677 -20.116   0.485   0.486  -0.061   0.092   0.421   0.422
  356 16000  4.00 -2.50  2.00  0.00  0.00 -20.974 -20.951 -21.064 -20.678 -20.115   0.506   0.507  -0.063   0.106   0.419   0.420
  357 16000  4.50 -2.50  2.00  0.00  0.00 -20.967 -20.944 -21.051 -20.681 -20.117   0.516   0.517  -0.064   0.123   0.397   0.398
  358 16000  5.00 -2.50  2.00  0.00  0.00 -20.968 -20.945 -21.036 -20.686 -20.121   0.520   0.521  -0.065   0.143   0.360   0.361
  359 17000  2.50 -2.50  2.00  0.00  0.00 -21.305 -21.282 -21.203 -20.791 -20.240   0.288   0.289  -0.051   0.068   0.252   0.253
  360 17000  3.00 -2.50  2.00  0.00  0.00 -21.233 -21.210 -21.208 -20.795 -20.233   0.364   0.365  -0.062   0.078   0.330   0.331
  361 17000  3.50 -2.50  2.00  0.00  0.00 -21.190 -21.167 -21.200 -20.793 -20.226   0.405   0.406  -0.067   0.089   0.358   0.359
  362 17000  4.00 -2.50  2.00  0.00  0.00 -21.167 -21.144 -21.188 -20.792 -20.222   0.427   0.428  -0.070   0.103   0.358   0.359
  363 17000  4.50 -2.50  2.00  0.00  0.00 -21.158 -21.135 -21.174 -20.794 -20.223   0.438   0.439  -0.071   0.119   0.339   0.340
  364 17000  5.00 -2.50  2.00  0.00  0.00 -21.158 -21.135 -21.159 -20.798 -20.227   0.442   0.443  -0.071   0.139   0.304   0.305
  365 18000  2.50 -2.50  2.00  0.00  0.00 -21.498 -21.475 -21.322 -20.903 -20.347   0.207   0.208  -0.056   0.067   0.184   0.185
  366 18000  3.00 -2.50  2.00  0.00  0.00 -21.421 -21.398 -21.327 -20.907 -20.339   0.288   0.289  -0.068   0.076   0.269   0.270
  367 18000  3.50 -2.50  2.00  0.00  0.00 -21.373 -21.350 -21.317 -20.903 -20.330   0.332   0.333  -0.073   0.087   0.301   0.302
  368 18000  4.00 -2.50  2.00  0.00  0.00 -21.346 -21.323 -21.304 -20.900 -20.324   0.356   0.357  -0.076   0.100   0.304   0.305
  369 18000  4.50 -2.50  2.00  0.00  0.00 -21.334 -21.311 -21.290 -20.900 -20.323   0.368   0.369  -0.077   0.116   0.288   0.289
  370 18000  5.00 -2.50  2.00  0.00  0.00 -21.332 -21.309 -21.274 -20.903 -20.326   0.373   0.374  -0.077   0.135   0.255   0.256
  371 19000  2.50 -2.50  2.00  0.00  0.00 -21.678 -21.654 -21.434 -21.010 -20.449   0.134   0.135  -0.061   0.065   0.123   0.125
  372 19000  3.00 -2.50  2.00  0.00  0.00 -21.595 -21.572 -21.440 -21.013 -20.440   0.220   0.221  -0.073   0.075   0.214   0.216
  373 19000  3.50 -2.50  2.00  0.00  0.00 -21.544 -21.521 -21.429 -21.007 -20.428   0.265   0.266  -0.079   0.085   0.249   0.250
  374 19000  4.00 -2.50  2.00  0.00  0.00 -21.513 -21.490 -21.414 -21.002 -20.421   0.291   0.292  -0.081   0.098   0.255   0.256
  375 19000  4.50 -2.50  2.00  0.00  0.00 -21.498 -21.475 -21.399 -21.001 -20.418   0.304   0.305  -0.082   0.113   0.242   0.243
  376 19000  5.00 -2.50  2.00  0.00  0.00 -21.494 -21.471 -21.383 -21.003 -20.420   0.310   0.311  -0.083   0.131   0.212   0.213
  377 20000  3.00 -2.50  2.00  0.00  0.00 -21.757 -21.734 -21.548 -21.114 -20.536   0.159   0.160  -0.078   0.073   0.167   0.168
  378 20000  3.50 -2.50  2.00  0.00  0.00 -21.703 -21.680 -21.535 -21.105 -20.522   0.205   0.206  -0.084   0.083   0.204   0.205
  379 20000  4.00 -2.50  2.00  0.00  0.00 -21.670 -21.647 -21.519 -21.099 -20.513   0.231   0.233  -0.086   0.095   0.211   0.212
  380 20000  4.50 -2.50  2.00  0.00  0.00 -21.652 -21.629 -21.503 -21.097 -20.509   0.246   0.247  -0.088   0.110   0.200   0.201
  381 20000  5.00 -2.50  2.00  0.00  0.00 -21.646 -21.623 -21.487 -21.098 -20.510   0.253   0.254  -0.088   0.127   0.173   0.174
  382 21000  3.00 -2.50  2.00  0.00  0.00 -21.909 -21.886 -21.651 -21.211 -20.628   0.104   0.105  -0.083   0.072   0.124   0.126
  383 21000  3.50 -2.50  2.00  0.00  0.00 -21.851 -21.828 -21.636 -21.200 -20.612   0.151   0.152  -0.089   0.081   0.163   0.165
  384 21000  4.00 -2.50  2.00  0.00  0.00 -21.816 -21.793 -21.619 -21.192 -20.601   0.178   0.179  -0.091   0.093   0.172   0.173
  385 21000  4.50 -2.50  2.00  0.00  0.00 -21.797 -21.774 -21.603 -21.188 -20.596   0.193   0.194  -0.092   0.107   0.162   0.163
  386 21000  5.00 -2.50  2.00  0.00  0.00 -21.789 -21.766 -21.587 -21.189 -20.596   0.201   0.202  -0.093   0.124   0.137   0.138
  387 22000  3.00 -2.50  2.00  0.00  0.00 -22.054 -22.031 -21.752 -21.306 -20.718   0.054   0.055  -0.088   0.070   0.086   0.087
  388 22000  3.50 -2.50  2.00  0.00  0.00 -21.991 -21.967 -21.734 -21.292 -20.698   0.103   0.104  -0.093   0.080   0.128   0.129
  389 22000  4.00 -2.50  2.00  0.00  0.00 -21.953 -21.930 -21.715 -21.281 -20.686   0.130   0.131  -0.096   0.091   0.138   0.139
  390 22000  4.50 -2.50  2.00  0.00  0.00 -21.933 -21.910 -21.698 -21.276 -20.679   0.145   0.146  -0.097   0.104   0.129   0.130
  391 22000  5.00 -2.50  2.00  0.00  0.00 -21.924 -21.901 -21.682 -21.276 -20.678   0.153   0.155  -0.097   0.120   0.105   0.107
  392 23000  3.00 -2.50  2.00  0.00  0.00 -22.194 -22.171 -21.851 -21.399 -20.807   0.007   0.008  -0.092   0.069   0.050   0.052
  393 23000  3.50 -2.50  2.00  0.00  0.00 -22.123 -22.100 -21.829 -21.380 -20.782   0.059   0.060  -0.098   0.078   0.096   0.097
  394 23000  4.00 -2.50  2.00  0.00  0.00 -22.083 -22.060 -21.808 -21.368 -20.767   0.087   0.088  -0.100   0.089   0.107   0.108
  395 23000  4.50 -2.50  2.00  0.00  0.00 -22.061 -22.038 -21.790 -21.361 -20.760   0.102   0.103  -0.101   0.102   0.099   0.101
  396 23000  5.00 -2.50  2.00  0.00  0.00 -22.051 -22.028 -21.773 -21.359 -20.758   0.110   0.111  -0.102   0.117   0.077   0.078
  397 24000  3.00 -2.50  2.00  0.00  0.00 -22.334 -22.311 -21.951 -21.494 -20.897  -0.039  -0.038  -0.096   0.068   0.016   0.017
  398 24000  3.50 -2.50  2.00  0.00  0.00 -22.251 -22.228 -21.922 -21.467 -20.865   0.018   0.019  -0.102   0.077   0.067   0.068
  399 24000  4.00 -2.50  2.00  0.00  0.00 -22.207 -22.184 -21.898 -21.452 -20.847   0.047   0.048  -0.105   0.087   0.080   0.081
  400 24000  4.50 -2.50  2.00  0.00  0.00 -22.183 -22.159 -21.879 -21.443 -20.838   0.063   0.064  -0.106   0.100   0.073   0.074
  401 24000  5.00 -2.50  2.00  0.00  0.00 -22.172 -22.149 -21.861 -21.440 -20.834   0.071   0.072  -0.106   0.114   0.052   0.053
  402 25000  3.00 -2.50  2.00  0.00  0.00 -22.480 -22.457 -22.054 -21.593 -20.993  -0.085  -0.084  -0.100   0.067  -0.022  -0.020
  403 25000  3.50 -2.50  2.00  0.00  0.00 -22.376 -22.353 -22.014 -21.554 -20.947  -0.021  -0.019  -0.107   0.076   0.039   0.041
  404 25000  4.00 -2.50  2.00  0.00  0.00 -22.326 -22.303 -21.986 -21.534 -20.925   0.010   0.011  -0.109   0.086   0.055   0.056
  405 25000  4.50 -2.50  2.00  0.00  0.00 -22.299 -22.276 -21.965 -21.524 -20.914   0.026   0.028  -0.110   0.098   0.049   0.050
  406 25000  5.00 -2.50  2.00  0.00  0.00 -22.287 -22.264 -21.947 -21.519 -20.909   0.035   0.036  -0.110   0.112   0.030   0.031
  407 26000  3.00 -2.50  2.00  0.00  0.00 -22.639 -22.616 -22.164 -21.699 -21.099  -0.138  -0.137  -0.100   0.065  -0.068  -0.067
  408 26000  3.50 -2.50  2.00  0.00  0.00 -22.501 -22.478 -22.107 -21.641 -21.031  -0.058  -0.056  -0.111   0.074   0.013   0.014
  409 26000  4.00 -2.50  2.00  0.00  0.00 -22.443 -22.419 -22.074 -21.616 -21.003  -0.025  -0.024  -0.113   0.084   0.031   0.032
  410 26000  4.50 -2.50  2.00  0.00  0.00 -22.412 -22.389 -22.050 -21.603 -20.988  -0.008  -0.007  -0.114   0.096   0.027   0.028
  411 26000  5.00 -2.50  2.00  0.00  0.00 -22.398 -22.375 -22.031 -21.597 -20.983   0.001   0.002  -0.114   0.109   0.009   0.010
  412 27000  3.50 -2.50  2.00  0.00  0.00 -22.629 -22.606 -22.202 -21.732 -21.117  -0.095  -0.094  -0.114   0.073  -0.014  -0.013
  413 27000  4.00 -2.50  2.00  0.00  0.00 -22.558 -22.535 -22.161 -21.698 -21.081  -0.059  -0.057  -0.117   0.082   0.009   0.010
  414 27000  4.50 -2.50  2.00  0.00  0.00 -22.523 -22.500 -22.134 -21.681 -21.063  -0.040  -0.039  -0.118   0.094   0.007   0.008
  415 27000  5.00 -2.50  2.00  0.00  0.00 -22.507 -22.483 -22.114 -21.674 -21.055  -0.031  -0.030  -0.118   0.107  -0.010  -0.009
  416 28000  3.50 -2.50  2.00  0.00  0.00 -22.762 -22.739 -22.301 -21.826 -21.209  -0.134  -0.133  -0.117   0.071  -0.044  -0.042
  417 28000  4.00 -2.50  2.00  0.00  0.00 -22.675 -22.651 -22.250 -21.781 -21.160  -0.091  -0.090  -0.121   0.081  -0.013  -0.012
  418 28000  4.50 -2.50  2.00  0.00  0.00 -22.633 -22.610 -22.219 -21.760 -21.138  -0.071  -0.070  -0.122   0.092  -0.013  -0.012
  419 28000  5.00 -2.50  2.00  0.00  0.00 -22.613 -22.590 -22.197 -21.750 -21.128  -0.061  -0.060  -0.122   0.104  -0.028  -0.027
  420 29000  3.50 -2.50  2.00  0.00  0.00 -22.897 -22.874 -22.401 -21.922 -21.304  -0.173  -0.172  -0.118   0.069  -0.076  -0.074
  421 29000  4.00 -2.50  2.00  0.00  0.00 -22.794 -22.770 -22.341 -21.867 -21.243  -0.124  -0.123  -0.124   0.079  -0.036  -0.035
  422 29000  4.50 -2.50  2.00  0.00  0.00 -22.744 -22.720 -22.304 -21.840 -21.215  -0.102  -0.100  -0.125   0.090  -0.033  -0.031
  423 29000  5.00 -2.50  2.00  0.00  0.00 -22.720 -22.697 -22.280 -21.827 -21.202  -0.091  -0.089  -0.126   0.102  -0.046  -0.044
  424 30000  3.50 -2.50  2.00  0.00  0.00 -23.023 -22.999 -22.494 -22.013 -21.394  -0.208  -0.207  -0.118   0.066  -0.106  -0.104
  425 30000  4.00 -2.50  2.00  0.00  0.00 -22.914 -22.891 -22.434 -21.955 -21.328  -0.157  -0.156  -0.127   0.077  -0.059  -0.058
  426 30000  4.50 -2.50  2.00  0.00  0.00 -22.856 -22.832 -22.392 -21.922 -21.293  -0.132  -0.131  -0.129   0.087  -0.052  -0.051
  427 30000  5.00 -2.50  2.00  0.00  0.00 -22.827 -22.804 -22.364 -21.906 -21.277  -0.120  -0.118  -0.129   0.099  -0.063  -0.062
  428 31000  3.50 -2.50  2.00  0.00  0.00 -23.133 -23.110 -22.576 -22.093 -21.477  -0.238  -0.236  -0.117   0.063  -0.132  -0.131
  429 31000  4.00 -2.50  2.00  0.00  0.00 -23.032 -23.009 -22.525 -22.042 -21.413  -0.189  -0.187  -0.128   0.074  -0.082  -0.081
  430 31000  4.50 -2.50  2.00  0.00  0.00 -22.968 -22.944 -22.479 -22.004 -21.373  -0.162  -0.160  -0.131   0.085  -0.071  -0.070
  431 31000  5.00 -2.50  2.00  0.00  0.00 -22.935 -22.911 -22.449 -21.985 -21.353  -0.148  -0.147  -0.132   0.097  -0.080  -0.078
  432 32000  4.00 -2.50  2.00  0.00  0.00 -23.144 -23.120 -22.611 -22.125 -21.496  -0.217  -0.216  -0.129   0.072  -0.104  -0.102
  433 32000  4.50 -2.50  2.00  0.00  0.00 -23.078 -23.054 -22.566 -22.086 -21.453  -0.190  -0.188  -0.133   0.082  -0.089  -0.088
  434 32000  5.00 -2.50  2.00  0.00  0.00 -23.041 -23.017 -22.533 -22.064 -21.429  -0.175  -0.174  -0.134   0.094  -0.096  -0.094
  435 33000  4.00 -2.50  2.00  0.00  0.00 -23.242 -23.219 -22.688 -22.199 -21.570  -0.241  -0.239  -0.129   0.069  -0.122  -0.121
  436 33000  4.50 -2.50  2.00  0.00  0.00 -23.183 -23.160 -22.650 -22.165 -21.531  -0.215  -0.214  -0.135   0.079  -0.107  -0.105
  437 33000  5.00 -2.50  2.00  0.00  0.00 -23.144 -23.121 -22.617 -22.142 -21.505  -0.201  -0.199  -0.137   0.091  -0.111  -0.109
  438 34000  4.00 -2.50  2.00  0.00  0.00 -23.326 -23.303 -22.755 -22.264 -21.635  -0.260  -0.259  -0.129   0.066  -0.138  -0.137
  439 34000  4.50 -2.50  2.00  0.00  0.00 -23.278 -23.255 -22.726 -22.238 -21.603  -0.238  -0.237  -0.136   0.077  -0.122  -0.120
  440 34000  5.00 -2.50  2.00  0.00  0.00 -23.242 -23.219 -22.696 -22.216 -21.578  -0.224  -0.223  -0.138   0.087  -0.125  -0.123
  441 35000  4.00 -2.50  2.00  0.00  0.00 -23.398 -23.374 -22.812 -22.319 -21.692  -0.276  -0.275  -0.127   0.064  -0.151  -0.150
  442 35000  4.50 -2.50  2.00  0.00  0.00 -23.362 -23.339 -22.794 -22.303 -21.668  -0.257  -0.256  -0.136   0.074  -0.135  -0.134
  443 35000  5.00 -2.50  2.00  0.00  0.00 -23.331 -23.308 -22.769 -22.285 -21.646  -0.244  -0.243  -0.139   0.084  -0.137  -0.135
  444 36000  4.00 -2.50  2.00  0.00  0.00 -23.457 -23.434 -22.860 -22.366 -21.740  -0.289  -0.288  -0.126   0.062  -0.162  -0.160
  445 36000  4.50 -2.50  2.00  0.00  0.00 -23.435 -23.412 -22.854 -22.360 -21.725  -0.273  -0.272  -0.135   0.071  -0.147  -0.145
  446 36000  5.00 -2.50  2.00  0.00  0.00 -23.411 -23.387 -22.834 -22.347 -21.707  -0.262  -0.260  -0.139   0.081  -0.147  -0.146
  447 37000  4.00 -2.50  2.00  0.00  0.00 -23.506 -23.483 -22.900 -22.405 -21.779  -0.299  -0.297  -0.126   0.060  -0.169  -0.168
  448 37000  4.50 -2.50  2.00  0.00  0.00 -23.498 -23.474 -22.905 -22.410 -21.775  -0.286  -0.285  -0.134   0.068  -0.156  -0.155
  449 37000  5.00 -2.50  2.00  0.00  0.00 -23.481 -23.457 -22.892 -22.402 -21.763  -0.277  -0.275  -0.139   0.078  -0.156  -0.155
  450 38000  4.00 -2.50  2.00  0.00  0.00 -23.547 -23.524 -22.935 -22.440 -21.814  -0.306  -0.305  -0.126   0.059  -0.174  -0.173
  451 38000  4.50 -2.50  2.00  0.00  0.00 -23.550 -23.527 -22.948 -22.452 -21.818  -0.297  -0.295  -0.134   0.066  -0.163  -0.162
  452 38000  5.00 -2.50  2.00  0.00  0.00 -23.541 -23.518 -22.943 -22.450 -21.812  -0.289  -0.288  -0.139   0.075  -0.163  -0.162
  453 39000  4.00 -2.50  2.00  0.00  0.00 -23.584 -23.561 -22.967 -22.470 -21.844  -0.312  -0.311  -0.126   0.059  -0.178  -0.177
  454 39000  4.50 -2.50  2.00  0.00  0.00 -23.594 -23.571 -22.986 -22.488 -21.854  -0.305  -0.304  -0.133   0.064  -0.169  -0.167
  455 39000  5.00 -2.50  2.00  0.00  0.00 -23.593 -23.570 -22.987 -22.492 -21.854  -0.299  -0.298  -0.138   0.072  -0.169  -0.168
  456 40000  4.50 -2.50  2.00  0.00  0.00 -23.633 -23.609 -23.019 -22.519 -21.886  -0.311  -0.310  -0.134   0.063  -0.173  -0.171
  457 40000  5.00 -2.50  2.00  0.00  0.00 -23.637 -23.614 -23.025 -22.528 -21.890  -0.307  -0.306  -0.138   0.070  -0.174  -0.172
  458 41000  4.50 -2.50  2.00  0.00  0.00 -23.667 -23.643 -23.048 -22.548 -21.914  -0.317  -0.316  -0.134   0.062  -0.176  -0.174
  459 41000  5.00 -2.50  2.00  0.00  0.00 -23.676 -23.652 -23.058 -22.559 -21.921  -0.314  -0.313  -0.138   0.068  -0.177  -0.176
  460 42000  4.50 -2.50  2.00  0.00  0.00 -23.698 -23.675 -23.076 -22.574 -21.940  -0.322  -0.321  -0.135   0.062  -0.178  -0.177
  461 42000  5.00 -2.50  2.00  0.00  0.00 -23.709 -23.686 -23.087 -22.588 -21.949  -0.320  -0.318  -0.138   0.067  -0.180  -0.179
  462 43000  4.50 -2.50  2.00  0.00  0.00 -23.728 -23.705 -23.103 -22.600 -21.964  -0.326  -0.325  -0.135   0.061  -0.180  -0.179
  463 43000  5.00 -2.50  2.00  0.00  0.00 -23.740 -23.717 -23.115 -22.613 -21.975  -0.325  -0.323  -0.139   0.067  -0.182  -0.181
  464 44000  4.50 -2.50  2.00  0.00  0.00 -23.756 -23.733 -23.128 -22.624 -21.988  -0.330  -0.329  -0.136   0.061  -0.182  -0.181
  465 44000  5.00 -2.50  2.00  0.00  0.00 -23.768 -23.745 -23.140 -22.638 -21.998  -0.329  -0.328  -0.139   0.066  -0.184  -0.183
  466 45000  4.50 -2.50  2.00  0.00  0.00 -23.784 -23.761 -23.153 -22.648 -22.011  -0.334  -0.333  -0.137   0.061  -0.184  -0.183
  467 45000  5.00 -2.50  2.00  0.00  0.00 -23.795 -23.772 -23.164 -22.661 -22.021  -0.333  -0.331  -0.140   0.065  -0.186  -0.184
  468 46000  4.50 -2.50  2.00  0.00  0.00 -23.811 -23.788 -23.177 -22.671 -22.033  -0.338  -0.337  -0.138   0.061  -0.186  -0.185
  469 46000  5.00 -2.50  2.00  0.00  0.00 -23.821 -23.798 -23.187 -22.683 -22.042  -0.337  -0.335  -0.141   0.065  -0.187  -0.186
  470 47000  4.50 -2.50  2.00  0.00  0.00 -23.837 -23.814 -23.201 -22.694 -22.055  -0.342  -0.340  -0.138   0.061  -0.188  -0.186
  471 47000  5.00 -2.50  2.00  0.00  0.00 -23.847 -23.823 -23.210 -22.705 -22.063  -0.340  -0.339  -0.141   0.065  -0.189  -0.187
  472 48000  4.50 -2.50  2.00  0.00  0.00 -23.863 -23.840 -23.224 -22.716 -22.077  -0.345  -0.344  -0.139   0.060  -0.189  -0.188
  473 48000  5.00 -2.50  2.00  0.00  0.00 -23.871 -23.848 -23.232 -22.726 -22.084  -0.343  -0.342  -0.142   0.064  -0.190  -0.189
  474 49000  4.50 -2.50  2.00  0.00  0.00 -23.888 -23.865 -23.247 -22.738 -22.098  -0.348  -0.347  -0.140   0.060  -0.191  -0.190
  475 49000  5.00 -2.50  2.00  0.00  0.00 -23.895 -23.872 -23.254 -22.747 -22.104  -0.347  -0.345  -0.143   0.064  -0.192  -0.190
  476 50000  5.00 -2.50  2.00  0.00  0.00 -23.919 -23.895 -23.276 -22.767 -22.124  -0.350  -0.348  -0.143   0.064  -0.193  -0.192