        Teff log g  [M]  Vturb  l/H   small     big    beta
     1  3500  0.00  0.50  2.00  1.25 -12.041 -12.289   2.846
     2  3500  0.50  0.50  2.00  1.25 -11.896 -12.171   2.882
     3  3500  1.00  0.50  2.00  1.25 -11.764 -12.059   2.909
     4  3500  1.50  0.50  2.00  1.25 -11.657 -11.965   2.928
     5  3500  2.00  0.50  2.00  1.25 -11.590 -11.907   2.939
     6  3500  2.50  0.50  2.00  1.25 -11.578 -11.899   2.945
     7  3500  3.00  0.50  2.00  1.25 -11.634 -11.955   2.945
     8  3500  3.50  0.50  2.00  1.25 -11.776 -12.090   2.935
     9  3500  4.00  0.50  2.00  1.25 -11.999 -12.294   2.909
    10  3500  4.50  0.50  2.00  1.25 -12.272 -12.535   2.865
    11  3500  5.00  0.50  2.00  1.25 -12.547 -12.763   2.801
    12  3750  0.00  0.50  2.00  1.25 -13.601 -13.688   2.624
    13  3750  0.50  0.50  2.00  1.25 -13.563 -13.655   2.632
    14  3750  1.00  0.50  2.00  1.25 -13.500 -13.602   2.645
    15  3750  1.50  0.50  2.00  1.25 -13.419 -13.534   2.662
    16  3750  2.00  0.50  2.00  1.25 -13.324 -13.452   2.681
    17  3750  2.50  0.50  2.00  1.25 -13.234 -13.376   2.700
    18  3750  3.00  0.50  2.00  1.25 -13.156 -13.311   2.718
    19  3750  3.50  0.50  2.00  1.25 -13.104 -13.269   2.732
    20  3750  4.00  0.50  2.00  1.25 -13.104 -13.274   2.738
    21  3750  4.50  0.50  2.00  1.25 -13.186 -13.345   2.724
    22  3750  5.00  0.50  2.00  1.25 -13.334 -13.471   2.693
    23  4000  0.00  0.50  2.00  1.25 -14.440 -14.504   2.593
    24  4000  0.50  0.50  2.00  1.25 -14.456 -14.514   2.586
    25  4000  1.00  0.50  2.00  1.25 -14.456 -14.510   2.579
    26  4000  0.50  0.50  2.00  1.25 -14.456 -14.514   2.586
    27  4000  2.00  0.50  2.00  1.25 -14.394 -14.442   2.571
    28  4000  2.50  0.50  2.00  1.25 -14.338 -14.386   2.572
    29  4000  3.00  0.50  2.00  1.25 -14.276 -14.328   2.576
    30  4000  3.50  0.50  2.00  1.25 -14.210 -14.267   2.585
    31  4000  4.00  0.50  2.00  1.25 -14.152 -14.216   2.593
    32  4000  4.50  0.50  2.00  1.25 -14.125 -14.191   2.596
    33  4000  5.00  0.50  2.00  1.25 -14.163 -14.219   2.582
    34  4250  0.00  0.50  2.00  1.25 -15.034 -15.098   2.593
    35  4250  0.50  0.50  2.00  1.25 -15.058 -15.118   2.588
    36  4250  1.00  0.50  2.00  1.25 -15.071 -15.125   2.581
    37  4250  1.50  0.50  2.00  1.25 -15.071 -15.120   2.573
    38  4250  2.00  0.50  2.00  1.25 -15.061 -15.103   2.564
    39  4250  2.50  0.50  2.00  1.25 -15.033 -15.069   2.554
    40  4250  3.00  0.50  2.00  1.25 -15.007 -15.036   2.545
    41  4250  3.50  0.50  2.00  1.25 -14.977 -15.000   2.538
    42  4250  4.00  0.50  2.00  1.25 -14.941 -14.960   2.533
    43  4250  4.50  0.50  2.00  1.25 -14.906 -14.922   2.528
    44  4250  5.00  0.50  2.00  1.25 -14.883 -14.894   2.521
    45  4500  0.00  0.50  2.00  1.25 -15.519 -15.582   2.593
    46  4500  0.50  0.50  2.00  1.25 -15.542 -15.604   2.591
    47  4500  1.00  0.50  2.00  1.25 -15.557 -15.616   2.587
    48  4500  1.50  0.50  2.00  1.25 -15.564 -15.619   2.582
    49  4500  2.00  0.50  2.00  1.25 -15.561 -15.611   2.575
    50  4500  2.50  0.50  2.00  1.25 -15.548 -15.592   2.566
    51  4500  3.00  0.50  2.00  1.25 -15.530 -15.567   2.556
    52  4500  3.50  0.50  2.00  1.25 -15.521 -15.549   2.544
    53  4500  4.00  0.50  2.00  1.25 -15.511 -15.530   2.531
    54  4500  4.50  0.50  2.00  1.25 -15.501 -15.510   2.519
    55  4500  5.00  0.50  2.00  1.25 -15.489 -15.489   2.506
    56  4750  0.00  0.50  2.00  1.25 -15.930 -15.996   2.596
    57  4750  0.50  0.50  2.00  1.25 -15.951 -16.016   2.595
    58  4750  1.00  0.50  2.00  1.25 -15.966 -16.029   2.593
    59  4750  1.50  0.50  2.00  1.25 -15.973 -16.035   2.590
    60  4750  2.00  0.50  2.00  1.25 -15.974 -16.032   2.586
    61  4750  2.50  0.50  2.00  1.25 -15.968 -16.022   2.579
    62  4750  3.00  0.50  2.00  1.25 -15.955 -16.003   2.571
    63  4750  3.50  0.50  2.00  1.25 -15.945 -15.985   2.561
    64  4750  4.00  0.50  2.00  1.25 -15.942 -15.973   2.549
    65  4750  4.50  0.50  2.00  1.25 -15.941 -15.962   2.535
    66  4750  5.00  0.50  2.00  1.25 -15.940 -15.950   2.521
    67  5000  0.00  0.50  2.00  1.25 -16.289 -16.360   2.603
    68  5000  0.50  0.50  2.00  1.25 -16.305 -16.376   2.603
    69  5000  1.00  0.50  2.00  1.25 -16.316 -16.386   2.601
    70  5000  1.50  0.50  2.00  1.25 -16.323 -16.391   2.599
    71  5000  2.00  0.50  2.00  1.25 -16.324 -16.390   2.596
    72  5000  2.50  0.50  2.00  1.25 -16.321 -16.384   2.591
    73  5000  3.00  0.50  2.00  1.25 -16.314 -16.372   2.585
    74  5000  3.50  0.50  2.00  1.25 -16.305 -16.357   2.577
    75  5000  4.00  0.50  2.00  1.25 -16.301 -16.346   2.567
    76  5000  4.50  0.50  2.00  1.25 -16.300 -16.336   2.555
    77  5000  5.00  0.50  2.00  1.25 -16.302 -16.328   2.542
    78  5250  0.00  0.50  2.00  1.25 -16.518 -16.599   2.617
    79  5250  0.50  0.50  2.00  1.25 -16.518 -16.598   2.616
    80  5250  1.00  0.50  2.00  1.25 -16.519 -16.597   2.613
    81  5250  1.50  0.50  2.00  1.25 -16.520 -16.595   2.610
    82  5250  2.00  0.50  2.00  1.25 -16.519 -16.592   2.605
    83  5250  2.50  0.50  2.00  1.25 -16.518 -16.587   2.600
    84  5250  3.00  0.50  2.00  1.25 -16.515 -16.580   2.595
    85  5250  3.50  0.50  2.00  1.25 -16.513 -16.573   2.588
    86  5250  4.00  0.50  2.00  1.25 -16.513 -16.566   2.579
    87  5250  4.50  0.50  2.00  1.25 -16.516 -16.562   2.568
    88  5250  5.00  0.50  2.00  1.25 -16.522 -16.557   2.554
    89  5500  0.00  0.50  2.00  1.25 -16.837 -16.927   2.628
    90  5500  0.50  0.50  2.00  1.25 -16.827 -16.917   2.628
    91  5500  1.00  0.50  2.00  1.25 -16.820 -16.908   2.627
    92  5500  1.50  0.50  2.00  1.25 -16.814 -16.900   2.624
    93  5500  2.00  0.50  2.00  1.25 -16.808 -16.891   2.620
    94  5500  2.50  0.50  2.00  1.25 -16.803 -16.883   2.615
    95  5500  3.00  0.50  2.00  1.25 -16.799 -16.875   2.609
    96  5500  3.50  0.50  2.00  1.25 -16.796 -16.867   2.603
    97  5500  4.00  0.50  2.00  1.25 -16.795 -16.861   2.597
    98  5500  4.50  0.50  2.00  1.25 -16.797 -16.857   2.588
    99  5500  5.00  0.50  2.00  1.25 -16.802 -16.855   2.578
   100  5750  0.00  0.50  2.00  1.25 -17.133 -17.231   2.640
   101  5750  0.50  0.50  2.00  1.25 -17.113 -17.213   2.642
   102  5750  1.00  0.50  2.00  1.25 -17.097 -17.197   2.642
   103  5750  1.50  0.50  2.00  1.25 -17.084 -17.182   2.640
   104  5750  2.00  0.50  2.00  1.25 -17.073 -17.169   2.637
   105  5750  2.50  0.50  2.00  1.25 -17.064 -17.156   2.632
   106  5750  3.00  0.50  2.00  1.25 -17.056 -17.145   2.627
   107  5750  3.50  0.50  2.00  1.25 -17.051 -17.135   2.621
   108  5750  4.00  0.50  2.00  1.25 -17.048 -17.127   2.614
   109  5750  4.50  0.50  2.00  1.25 -17.048 -17.122   2.607
   110  5750  5.00  0.50  2.00  1.25 -17.052 -17.120   2.599
   111  6000  0.00  0.50  2.00  1.25 -17.402 -17.511   2.654
   112  6000  0.50  0.50  2.00  1.25 -17.376 -17.487   2.658
   113  6000  1.00  0.50  2.00  1.25 -17.354 -17.466   2.659
   114  6000  1.50  0.50  2.00  1.25 -17.334 -17.446   2.659
   115  6000  2.00  0.50  2.00  1.25 -17.318 -17.428   2.657
   116  6000  2.50  0.50  2.00  1.25 -17.304 -17.411   2.653
   117  6000  3.00  0.50  2.00  1.25 -17.292 -17.396   2.647
   118  6000  3.50  0.50  2.00  1.25 -17.284 -17.383   2.641
   119  6000  4.00  0.50  2.00  1.25 -17.278 -17.372   2.635
   120  6000  4.50  0.50  2.00  1.25 -17.276 -17.365   2.628
   121  6000  5.00  0.50  2.00  1.25 -17.277 -17.361   2.620
   122  6250  0.50  0.50  2.00  1.25 -17.615 -17.738   2.675
   123  6250  1.00  0.50  2.00  1.25 -17.588 -17.714   2.678
   124  6250  1.50  0.50  2.00  1.25 -17.564 -17.691   2.679
   125  6250  2.00  0.50  2.00  1.25 -17.543 -17.669   2.678
   126  6250  2.50  0.50  2.00  1.25 -17.525 -17.648   2.675
   127  6250  3.00  0.50  2.00  1.25 -17.509 -17.630   2.671
   128  6250  3.50  0.50  2.00  1.25 -17.497 -17.613   2.665
   129  6250  4.00  0.50  2.00  1.25 -17.489 -17.600   2.658
   130  6250  4.50  0.50  2.00  1.25 -17.484 -17.589   2.651
   131  6250  5.00  0.50  2.00  1.25 -17.482 -17.582   2.643
   132  6500  0.50  0.50  2.00  1.25 -17.836 -17.970   2.689
   133  6500  1.00  0.50  2.00  1.25 -17.802 -17.943   2.700
   134  6500  1.50  0.50  2.00  1.25 -17.775 -17.919   2.702
   135  6500  2.00  0.50  2.00  1.25 -17.750 -17.894   2.702
   136  6500  2.50  0.50  2.00  1.25 -17.728 -17.870   2.700
   137  6500  3.00  0.50  2.00  1.25 -17.708 -17.848   2.697
   138  6500  3.50  0.50  2.00  1.25 -17.692 -17.828   2.691
   139  6500  4.00  0.50  2.00  1.25 -17.680 -17.811   2.684
   140  6500  4.50  0.50  2.00  1.25 -17.672 -17.797   2.676
   141  6500  5.00  0.50  2.00  1.25 -17.668 -17.787   2.669
   142  6750  0.50  0.50  2.00  1.25 -18.043 -18.181   2.694
   143  6750  1.00  0.50  2.00  1.25 -18.001 -18.155   2.716
   144  6750  1.50  0.50  2.00  1.25 -17.967 -18.129   2.727
   145  6750  2.00  0.50  2.00  1.25 -17.941 -18.103   2.728
   146  6750  2.50  0.50  2.00  1.25 -17.915 -18.077   2.728
   147  6750  3.00  0.50  2.00  1.25 -17.892 -18.052   2.725
   148  6750  3.50  0.50  2.00  1.25 -17.872 -18.028   2.720
   149  6750  4.00  0.50  2.00  1.25 -17.856 -18.007   2.713
   150  6750  4.50  0.50  2.00  1.25 -17.844 -17.990   2.705
   151  6750  5.00  0.50  2.00  1.25 -17.837 -17.976   2.697
   152  7000  0.50  0.50  2.00  1.25 -18.237 -18.373   2.691
   153  7000  1.00  0.50  2.00  1.25 -18.190 -18.349   2.725
   154  7000  1.50  0.50  2.00  1.25 -18.148 -18.324   2.747
   155  7000  2.00  0.50  2.00  1.25 -18.114 -18.297   2.756
   156  7000  2.50  0.50  2.00  1.25 -18.087 -18.270   2.756
   157  7000  3.00  0.50  2.00  1.25 -18.060 -18.242   2.755
   158  7000  3.50  0.50  2.00  1.25 -18.036 -18.215   2.751
   159  7000  4.00  0.50  2.00  1.25 -18.016 -18.191   2.744
   160  7000  4.50  0.50  2.00  1.25 -18.001 -18.169   2.736
   161  7000  5.00  0.50  2.00  1.25 -17.990 -18.152   2.728
   162  7250  0.50  0.50  2.00  1.25 -18.422 -18.545   2.674
   163  7250  1.00  0.50  2.00  1.25 -18.368 -18.527   2.724
   164  7250  1.50  0.50  2.00  1.25 -18.321 -18.504   2.757
   165  7250  2.00  0.50  2.00  1.25 -18.278 -18.477   2.779
   166  7250  2.50  0.50  2.00  1.25 -18.244 -18.449   2.786
   167  7250  3.00  0.50  2.00  1.25 -18.216 -18.421   2.786
   168  7250  3.50  0.50  2.00  1.25 -18.189 -18.391   2.783
   169  7250  4.00  0.50  2.00  1.25 -18.164 -18.363   2.778
   170  7250  4.50  0.50  2.00  1.25 -18.144 -18.337   2.770
   171  7250  5.00  0.50  2.00  1.25 -18.129 -18.315   2.761
   172  7500  0.50  0.50  2.00  1.25 -18.586 -18.681   2.636
   173  7500  1.00  0.50  2.00  1.25 -18.537 -18.688   2.713
   174  7500  1.50  0.50  2.00  1.25 -18.485 -18.669   2.758
   175  7500  2.00  0.50  2.00  1.25 -18.436 -18.644   2.790
   176  7500  2.50  0.50  2.00  1.25 -18.393 -18.616   2.811
   177  7500  3.00  0.50  2.00  1.25 -18.358 -18.585   2.817
   178  7500  3.50  0.50  2.00  1.25 -18.329 -18.555   2.815
   179  7500  4.00  0.50  2.00  1.25 -18.301 -18.524   2.811
   180  7500  4.50  0.50  2.00  1.25 -18.276 -18.494   2.804
   181  7500  5.00  0.50  2.00  1.25 -18.257 -18.468   2.795
   182  7750  1.00  0.50  2.00  1.25 -18.697 -18.830   2.688
   183  7750  1.50  0.50  2.00  1.25 -18.641 -18.818   2.748
   184  7750  2.00  0.50  2.00  1.25 -18.587 -18.797   2.792
   185  7750  2.50  0.50  2.00  1.25 -18.537 -18.770   2.824
   186  7750  3.00  0.50  2.00  1.25 -18.493 -18.739   2.843
   187  7750  3.50  0.50  2.00  1.25 -18.458 -18.707   2.847
   188  7750  4.00  0.50  2.00  1.25 -18.427 -18.675   2.844
   189  7750  4.50  0.50  2.00  1.25 -18.399 -18.642   2.838
   190  7750  5.00  0.50  2.00  1.25 -18.375 -18.612   2.830
   191  8000  1.00  0.50  2.00  1.25 -18.840 -18.947   2.652
   192  8000  1.50  0.50  2.00  1.25 -18.789 -18.952   2.729
   193  8000  2.00  0.50  2.00  1.25 -18.731 -18.935   2.785
   194  8000  2.50  0.50  2.00  1.25 -18.675 -18.911   2.829
   195  8000  3.00  0.50  2.00  1.25 -18.624 -18.882   2.859
   196  8000  3.50  0.50  2.00  1.25 -18.578 -18.848   2.875
   197  8000  4.00  0.50  2.00  1.25 -18.544 -18.814   2.876
   198  8000  4.50  0.50  2.00  1.25 -18.513 -18.780   2.871
   199  8000  5.00  0.50  2.00  1.25 -18.485 -18.746   2.864
   200  8250  1.00  0.50  2.00  1.25 -18.956 -19.033   2.611
   201  8250  1.50  0.50  2.00  1.25 -18.927 -19.070   2.701
   202  8250  2.00  0.50  2.00  1.25 -18.868 -19.060   2.768
   203  8250  2.50  0.50  2.00  1.25 -18.808 -19.038   2.821
   204  8250  3.00  0.50  2.00  1.25 -18.751 -19.011   2.861
   205  8250  3.50  0.50  2.00  1.25 -18.698 -18.979   2.890
   206  8250  4.00  0.50  2.00  1.25 -18.653 -18.943   2.903
   207  8250  4.50  0.50  2.00  1.25 -18.619 -18.909   2.902
   208  8250  5.00  0.50  2.00  1.25 -18.588 -18.873   2.896
   209  8500  1.50  0.50  2.00  1.25 -19.051 -19.171   2.669
   210  8500  2.00  0.50  2.00  1.25 -18.997 -19.171   2.743
   211  8500  2.50  0.50  2.00  1.25 -18.935 -19.154   2.806
   212  8500  3.00  0.50  2.00  1.25 -18.873 -19.129   2.857
   213  8500  3.50  0.50  2.00  1.25 -18.814 -19.098   2.894
   214  8500  4.00  0.50  2.00  1.25 -18.762 -19.063   2.918
   215  8500  4.50  0.50  2.00  1.25 -18.719 -19.026   2.926
   216  8500  5.00  0.50  2.00  1.25 -18.686 -18.992   2.924
   217  8750  1.50  0.50  2.00  1.25 -19.158 -19.257   2.641
   218  8750  2.00  0.50  2.00  1.25 -19.116 -19.269   2.716
   219  8750  2.50  0.50  2.00  1.25 -19.054 -19.258   2.784
   220  8750  3.00  0.50  2.00  1.25 -18.989 -19.236   2.844
   221  8750  3.50  0.50  2.00  1.25 -18.926 -19.208   2.892
   222  8750  4.00  0.50  2.00  1.25 -18.868 -19.174   2.925
   223  8750  4.50  0.50  2.00  1.25 -18.816 -19.136   2.943
   224  8750  5.00  0.50  2.00  1.25 -18.777 -19.100   2.948
   225  9000  1.50  0.50  2.00  0.00 -19.251 -19.334   2.619
   226  9000  2.00  0.50  2.00  0.00 -19.221 -19.357   2.691
   227  9000  2.50  0.50  2.00  0.00 -19.165 -19.351   2.760
   228  9000  3.00  0.50  2.00  0.00 -19.099 -19.332   2.825
   229  9000  3.50  0.50  2.00  0.00 -19.032 -19.307   2.881
   230  9000  4.00  0.50  2.00  0.00 -18.969 -19.275   2.924
   231  9000  4.50  0.50  2.00  0.00 -18.912 -19.238   2.951
   232  9000  5.00  0.50  2.00  0.00 -18.864 -19.199   2.964
   233  9250  2.00  0.50  2.00  0.00 -19.316 -19.436   2.670
   234  9250  2.50  0.50  2.00  0.00 -19.265 -19.435   2.738
   235  9250  3.00  0.50  2.00  0.00 -19.201 -19.419   2.804
   236  9250  3.50  0.50  2.00  0.00 -19.133 -19.396   2.865
   237  9250  4.00  0.50  2.00  0.00 -19.067 -19.366   2.916
   238  9250  4.50  0.50  2.00  0.00 -19.006 -19.332   2.952
   239  9250  5.00  0.50  2.00  0.00 -18.952 -19.293   2.972
   240  9500  2.00  0.50  2.00  0.00 -19.403 -19.510   2.654
   241  9500  2.50  0.50  2.00  0.00 -19.357 -19.512   2.718
   242  9500  3.00  0.50  2.00  0.00 -19.295 -19.498   2.785
   243  9500  3.50  0.50  2.00  0.00 -19.227 -19.477   2.848
   244  9500  4.00  0.50  2.00  0.00 -19.158 -19.449   2.904
   245  9500  4.50  0.50  2.00  0.00 -19.095 -19.417   2.946
   246  9500  5.00  0.50  2.00  0.00 -19.038 -19.380   2.974
   247  9750  2.00  0.50  2.00  0.00 -19.482 -19.580   2.640
   248  9750  2.50  0.50  2.00  0.00 -19.441 -19.584   2.701
   249  9750  3.00  0.50  2.00  0.00 -19.382 -19.572   2.766
   250  9750  3.50  0.50  2.00  0.00 -19.314 -19.552   2.831
   251  9750  4.00  0.50  2.00  0.00 -19.244 -19.525   2.890
   252  9750  4.50  0.50  2.00  0.00 -19.178 -19.494   2.938
   253  9750  5.00  0.50  2.00  0.00 -19.119 -19.459   2.971
   254 10000  2.00  0.50  2.00  0.00 -19.556 -19.645   2.628
   255 10000  2.50  0.50  2.00  0.00 -19.520 -19.652   2.687
   256 10000  3.00  0.50  2.00  0.00 -19.464 -19.642   2.749
   257 10000  3.50  0.50  2.00  0.00 -19.396 -19.622   2.814
   258 10000  4.00  0.50  2.00  0.00 -19.325 -19.596   2.876
   259 10000  4.50  0.50  2.00  0.00 -19.257 -19.565   2.928
   260 10000  5.00  0.50  2.00  0.00 -19.195 -19.531   2.965
   261 10250  2.00  0.50  2.00  0.00 -19.626 -19.707   2.618
   262 10250  2.50  0.50  2.00  0.00 -19.593 -19.717   2.675
   263 10250  3.00  0.50  2.00  0.00 -19.540 -19.707   2.735
   264 10250  3.50  0.50  2.00  0.00 -19.475 -19.688   2.798
   265 10250  4.00  0.50  2.00  0.00 -19.403 -19.662   2.861
   266 10250  4.50  0.50  2.00  0.00 -19.331 -19.632   2.917
   267 10250  5.00  0.50  2.00  0.00 -19.267 -19.598   2.958
   268 10500  2.00  0.50  2.00  0.00 -19.691 -19.766   2.616
   269 10500  2.50  0.50  2.00  0.00 -19.663 -19.778   2.669
   270 10500  3.00  0.50  2.00  0.00 -19.612 -19.769   2.726
   271 10500  3.50  0.50  2.00  0.00 -19.548 -19.751   2.787
   272 10500  4.00  0.50  2.00  0.00 -19.477 -19.726   2.848
   273 10500  4.50  0.50  2.00  0.00 -19.404 -19.695   2.905
   274 10500  5.00  0.50  2.00  0.00 -19.336 -19.661   2.950
   275 10750  2.00  0.50  2.00  0.00 -19.753 -19.822   2.613
   276 10750  2.50  0.50  2.00  0.00 -19.728 -19.836   2.664
   277 10750  3.00  0.50  2.00  0.00 -19.680 -19.829   2.717
   278 10750  3.50  0.50  2.00  0.00 -19.619 -19.811   2.775
   279 10750  4.00  0.50  2.00  0.00 -19.548 -19.786   2.835
   280 10750  4.50  0.50  2.00  0.00 -19.474 -19.756   2.893
   281 10750  5.00  0.50  2.00  0.00 -19.403 -19.722   2.940
   282 11000  2.00  0.50  2.00  0.00 -19.811 -19.876   2.608
   283 11000  2.50  0.50  2.00  0.00 -19.790 -19.891   2.657
   284 11000  3.00  0.50  2.00  0.00 -19.744 -19.885   2.708
   285 11000  3.50  0.50  2.00  0.00 -19.685 -19.868   2.764
   286 11000  4.00  0.50  2.00  0.00 -19.616 -19.844   2.823
   287 11000  4.50  0.50  2.00  0.00 -19.542 -19.814   2.880
   288 11000  5.00  0.50  2.00  0.00 -19.469 -19.780   2.930
   289 11250  2.00  0.50  2.00  0.00 -19.867 -19.927   2.603
   290 11250  2.50  0.50  2.00  0.00 -19.848 -19.944   2.650
   291 11250  3.00  0.50  2.00  0.00 -19.806 -19.939   2.699
   292 11250  3.50  0.50  2.00  0.00 -19.748 -19.923   2.753
   293 11250  4.00  0.50  2.00  0.00 -19.681 -19.899   2.810
   294 11250  4.50  0.50  2.00  0.00 -19.607 -19.870   2.868
   295 11250  5.00  0.50  2.00  0.00 -19.533 -19.836   2.920
   296 11500  2.00  0.50  2.00  0.00 -19.920 -19.976   2.597
   297 11500  2.50  0.50  2.00  0.00 -19.904 -19.994   2.643
   298 11500  3.00  0.50  2.00  0.00 -19.863 -19.991   2.691
   299 11500  3.50  0.50  2.00  0.00 -19.809 -19.975   2.742
   300 11500  4.00  0.50  2.00  0.00 -19.743 -19.952   2.798
   301 11500  4.50  0.50  2.00  0.00 -19.670 -19.923   2.855
   302 11500  5.00  0.50  2.00  0.00 -19.595 -19.889   2.909
   303 11750  2.00  0.50  2.00  0.00 -19.971 -20.023   2.592
   304 11750  2.50  0.50  2.00  0.00 -19.957 -20.043   2.637
   305 11750  3.00  0.50  2.00  0.00 -19.919 -20.040   2.683
   306 11750  3.50  0.50  2.00  0.00 -19.866 -20.026   2.733
   307 11750  4.00  0.50  2.00  0.00 -19.803 -20.003   2.787
   308 11750  4.50  0.50  2.00  0.00 -19.731 -19.975   2.843
   309 11750  5.00  0.50  2.00  0.00 -19.656 -19.941   2.898
   310 12000  2.50  0.50  2.00  0.00 -20.008 -20.089   2.631
   311 12000  3.00  0.50  2.00  0.00 -19.971 -20.087   2.676
   312 12000  3.50  0.50  2.00  0.00 -19.921 -20.074   2.725
   313 12000  4.00  0.50  2.00  0.00 -19.859 -20.053   2.777
   314 12000  4.50  0.50  2.00  0.00 -19.790 -20.025   2.832
   315 12000  5.00  0.50  2.00  0.00 -19.715 -19.992   2.886
   316 12250  2.50  0.50  2.00  0.00 -20.057 -20.134   2.626
   317 12250  3.00  0.50  2.00  0.00 -20.022 -20.133   2.670
   318 12250  3.50  0.50  2.00  0.00 -19.973 -20.120   2.717
   319 12250  4.00  0.50  2.00  0.00 -19.914 -20.100   2.768
   320 12250  4.50  0.50  2.00  0.00 -19.846 -20.073   2.822
   321 12250  5.00  0.50  2.00  0.00 -19.772 -20.040   2.875
   322 12500  2.50  0.50  2.00  0.00 -20.104 -20.178   2.621
   323 12500  3.00  0.50  2.00  0.00 -20.070 -20.177   2.664
   324 12500  3.50  0.50  2.00  0.00 -20.023 -20.165   2.710
   325 12500  4.00  0.50  2.00  0.00 -19.966 -20.145   2.759
   326 12500  4.50  0.50  2.00  0.00 -19.900 -20.119   2.811
   327 12500  5.00  0.50  2.00  0.00 -19.827 -20.087   2.864
   328 12750  2.50  0.50  2.00  0.00 -20.149 -20.220   2.617
   329 12750  3.00  0.50  2.00  0.00 -20.117 -20.219   2.659
   330 12750  3.50  0.50  2.00  0.00 -20.071 -20.208   2.703
   331 12750  4.00  0.50  2.00  0.00 -20.016 -20.190   2.751
   332 12750  4.50  0.50  2.00  0.00 -19.952 -20.164   2.802
   333 12750  5.00  0.50  2.00  0.00 -19.881 -20.132   2.854
   334 13000  2.50  0.50  2.00  0.00 -20.193 -20.261   2.613
   335 13000  3.00  0.50  2.00  0.00 -20.162 -20.261   2.654
   336 13000  3.50  0.50  2.00  0.00 -20.118 -20.250   2.697
   337 13000  4.00  0.50  2.00  0.00 -20.064 -20.232   2.744
   338 13000  4.50  0.50  2.00  0.00 -20.002 -20.207   2.793
   339 13000  5.00  0.50  2.00  0.00 -19.932 -20.176   2.844
   340 14000  2.00  0.50  2.00  0.00 -20.363 -20.388   2.558
   341 14000  2.50  0.50  2.00  0.00 -20.358 -20.414   2.598
   342 14000  3.00  0.50  2.00  0.00 -20.328 -20.414   2.637
   343 14000  3.50  0.50  2.00  0.00 -20.288 -20.405   2.678
   344 14000  4.00  0.50  2.00  0.00 -20.240 -20.389   2.720
   345 14000  4.50  0.50  2.00  0.00 -20.184 -20.367   2.765
   346 14000  5.00  0.50  2.00  0.00 -20.120 -20.338   2.810
   347 15000  2.50  0.50  2.00  0.00 -20.509 -20.555   2.586
   348 15000  3.00  0.50  2.00  0.00 -20.479 -20.554   2.623
   349 15000  3.50  0.50  2.00  0.00 -20.441 -20.545   2.662
   350 15000  4.00  0.50  2.00  0.00 -20.396 -20.532   2.702
   351 15000  4.50  0.50  2.00  0.00 -20.345 -20.512   2.743
   352 15000  5.00  0.50  2.00  0.00 -20.286 -20.484   2.784
   353 16000  2.50  0.50  2.00  0.00 -20.650 -20.689   2.575
   354 16000  3.00  0.50  2.00  0.00 -20.618 -20.684   2.611
   355 16000  3.50  0.50  2.00  0.00 -20.580 -20.675   2.648
   356 16000  4.00  0.50  2.00  0.00 -20.538 -20.662   2.687
   357 16000  4.50  0.50  2.00  0.00 -20.490 -20.644   2.726
   358 16000  5.00  0.50  2.00  0.00 -20.434 -20.617   2.764
   359 17000  2.50  0.50  2.00  0.00 -20.784 -20.815   2.565
   360 17000  3.00  0.50  2.00  0.00 -20.748 -20.806   2.601
   361 17000  3.50  0.50  2.00  0.00 -20.710 -20.795   2.636
   362 17000  4.00  0.50  2.00  0.00 -20.669 -20.783   2.674
   363 17000  4.50  0.50  2.00  0.00 -20.624 -20.768   2.712
   364 17000  5.00  0.50  2.00  0.00 -20.570 -20.742   2.749
   365 18000  2.50  0.50  2.00  0.00 -20.911 -20.934   2.555
   366 18000  3.00  0.50  2.00  0.00 -20.871 -20.922   2.592
   367 18000  3.50  0.50  2.00  0.00 -20.831 -20.908   2.626
   368 18000  4.00  0.50  2.00  0.00 -20.792 -20.897   2.661
   369 18000  4.50  0.50  2.00  0.00 -20.750 -20.883   2.699
   370 18000  5.00  0.50  2.00  0.00 -20.698 -20.859   2.735
   371 19000  2.50  0.50  2.00  0.00 -21.030 -21.045   2.545
   372 19000  3.00  0.50  2.00  0.00 -20.989 -21.034   2.583
   373 19000  3.50  0.50  2.00  0.00 -20.945 -21.015   2.616
   374 19000  4.00  0.50  2.00  0.00 -20.907 -21.003   2.650
   375 19000  4.50  0.50  2.00  0.00 -20.868 -20.991   2.686
   376 19000  5.00  0.50  2.00  0.00 -20.819 -20.970   2.721
   377 20000  3.00  0.50  2.00  0.00 -21.103 -21.142   2.575
   378 20000  3.50  0.50  2.00  0.00 -21.054 -21.117   2.608
   379 20000  4.00  0.50  2.00  0.00 -21.015 -21.103   2.640
   380 20000  4.50  0.50  2.00  0.00 -20.978 -21.091   2.673
   381 20000  5.00  0.50  2.00  0.00 -20.934 -21.074   2.708
   382 21000  3.00  0.50  2.00  0.00 -21.212 -21.244   2.567
   383 21000  3.50  0.50  2.00  0.00 -21.158 -21.216   2.600
   384 21000  4.00  0.50  2.00  0.00 -21.116 -21.197   2.630
   385 21000  4.50  0.50  2.00  0.00 -21.080 -21.185   2.662
   386 21000  5.00  0.50  2.00  0.00 -21.041 -21.170   2.694
   387 22000  3.00  0.50  2.00  0.00 -21.314 -21.340   2.560
   388 22000  3.50  0.50  2.00  0.00 -21.259 -21.310   2.592
   389 22000  4.00  0.50  2.00  0.00 -21.212 -21.286   2.622
   390 22000  4.50  0.50  2.00  0.00 -21.175 -21.272   2.651
   391 22000  5.00  0.50  2.00  0.00 -21.139 -21.259   2.681
   392 23000  3.00  0.50  2.00  0.00 -21.409 -21.431   2.554
   393 23000  3.50  0.50  2.00  0.00 -21.355 -21.401   2.585
   394 23000  4.00  0.50  2.00  0.00 -21.304 -21.372   2.614
   395 23000  4.50  0.50  2.00  0.00 -21.265 -21.355   2.643
   396 23000  5.00  0.50  2.00  0.00 -21.229 -21.341   2.671
   397 24000  3.00  0.50  2.00  0.00 -21.502 -21.519   2.548
   398 24000  3.50  0.50  2.00  0.00 -21.446 -21.487   2.579
   399 24000  4.00  0.50  2.00  0.00 -21.392 -21.456   2.607
   400 24000  4.50  0.50  2.00  0.00 -21.350 -21.434   2.635
   401 24000  5.00  0.50  2.00  0.00 -21.313 -21.418   2.662
   402 25000  3.00  0.50  2.00  0.00 -21.593 -21.605   2.541
   403 25000  3.50  0.50  2.00  0.00 -21.533 -21.571   2.574
   404 25000  4.00  0.50  2.00  0.00 -21.478 -21.536   2.601
   405 25000  4.50  0.50  2.00  0.00 -21.431 -21.511   2.628
   406 25000  5.00  0.50  2.00  0.00 -21.393 -21.492   2.655
   407 26000  3.00  0.50  2.00  0.00 -21.677 -21.683   2.533
   408 26000  3.50  0.50  2.00  0.00 -21.620 -21.654   2.570
   409 26000  4.00  0.50  2.00  0.00 -21.560 -21.615   2.597
   410 26000  4.50  0.50  2.00  0.00 -21.511 -21.586   2.623
   411 26000  5.00  0.50  2.00  0.00 -21.470 -21.564   2.648
   412 27000  3.50  0.50  2.00  0.00 -21.707 -21.738   2.565
   413 27000  4.00  0.50  2.00  0.00 -21.641 -21.693   2.593
   414 27000  4.50  0.50  2.00  0.00 -21.589 -21.660   2.618
   415 27000  5.00  0.50  2.00  0.00 -21.545 -21.636   2.643
   416 28000  3.50  0.50  2.00  0.00 -21.793 -21.819   2.559
   417 28000  4.00  0.50  2.00  0.00 -21.723 -21.772   2.588
   418 28000  4.50  0.50  2.00  0.00 -21.666 -21.734   2.613
   419 28000  5.00  0.50  2.00  0.00 -21.620 -21.706   2.638
   420 29000  3.50  0.50  2.00  0.00 -21.873 -21.895   2.553
   421 29000  4.00  0.50  2.00  0.00 -21.805 -21.850   2.584
   422 29000  4.50  0.50  2.00  0.00 -21.744 -21.809   2.609
   423 29000  5.00  0.50  2.00  0.00 -21.694 -21.777   2.634
   424 30000  3.50  0.50  2.00  0.00 -21.946 -21.962   2.546
   425 30000  4.00  0.50  2.00  0.00 -21.886 -21.926   2.578
   426 30000  4.50  0.50  2.00  0.00 -21.822 -21.883   2.605
   427 30000  5.00  0.50  2.00  0.00 -21.769 -21.849   2.629
   428 31000  3.50  0.50  2.00  0.00 -22.007 -22.019   2.540
   429 31000  4.00  0.50  2.00  0.00 -21.962 -21.998   2.572
   430 31000  4.50  0.50  2.00  0.00 -21.900 -21.957   2.599
   431 31000  5.00  0.50  2.00  0.00 -21.845 -21.921   2.624
   432 32000  4.00  0.50  2.00  0.00 -22.032 -22.063   2.566
   433 32000  4.50  0.50  2.00  0.00 -21.975 -22.027   2.593
   434 32000  5.00  0.50  2.00  0.00 -21.919 -21.991   2.618
   435 33000  4.00  0.50  2.00  0.00 -22.094 -22.121   2.560
   436 33000  4.50  0.50  2.00  0.00 -22.045 -22.092   2.587
   437 33000  5.00  0.50  2.00  0.00 -21.992 -22.059   2.612
   438 34000  4.00  0.50  2.00  0.00 -22.149 -22.172   2.555
   439 34000  4.50  0.50  2.00  0.00 -22.108 -22.151   2.581
   440 34000  5.00  0.50  2.00  0.00 -22.060 -22.122   2.606
   441 35000  4.00  0.50  2.00  0.00 -22.197 -22.217   2.551
   442 35000  4.50  0.50  2.00  0.00 -22.166 -22.205   2.575
   443 35000  5.00  0.50  2.00  0.00 -22.123 -22.180   2.599
   444 36000  4.00  0.50  2.00  0.00 -22.240 -22.257   2.547
   445 36000  4.50  0.50  2.00  0.00 -22.218 -22.252   2.570
   446 36000  5.00  0.50  2.00  0.00 -22.180 -22.233   2.593
   447 37000  4.00  0.50  2.00  0.00 -22.279 -22.294   2.544
   448 37000  4.50  0.50  2.00  0.00 -22.263 -22.294   2.566
   449 37000  5.00  0.50  2.00  0.00 -22.232 -22.280   2.587
   450 38000  4.00  0.50  2.00  0.00 -22.316 -22.329   2.542
   451 38000  4.50  0.50  2.00  0.00 -22.304 -22.333   2.562
   452 38000  5.00  0.50  2.00  0.00 -22.279 -22.323   2.582
   453 39000  4.00  0.50  2.00  0.00 -22.350 -22.362   2.540
   454 39000  4.50  0.50  2.00  0.00 -22.342 -22.368   2.559
   455 39000  5.00  0.50  2.00  0.00 -22.321 -22.361   2.578
   456 40000  4.50  0.50  2.00  0.00 -22.377 -22.401   2.557
   457 40000  5.00  0.50  2.00  0.00 -22.359 -22.397   2.574
   458 41000  4.50  0.50  2.00  0.00 -22.410 -22.433   2.555
   459 41000  5.00  0.50  2.00  0.00 -22.394 -22.429   2.572
   460 42000  4.50  0.50  2.00  0.00 -22.442 -22.464   2.553
   461 42000  5.00  0.50  2.00  0.00 -22.426 -22.460   2.569
   462 43000  4.50  0.50  2.00  0.00 -22.474 -22.494   2.552
   463 43000  5.00  0.50  2.00  0.00 -22.458 -22.490   2.567
   464 44000  4.50  0.50  2.00  0.00 -22.504 -22.524   2.550
   465 44000  5.00  0.50  2.00  0.00 -22.488 -22.519   2.566
   466 45000  5.00  0.50  2.00  0.00 -22.518 -22.548   2.564
   467 45000  5.00  0.50  2.00  0.00 -22.518 -22.548   2.564
   468 46000  4.50  0.50  2.00  0.00 -22.564 -22.580   2.547
   469 46000  5.00  0.50  2.00  0.00 -22.547 -22.576   2.562
   470 47000  4.50  0.50  2.00  0.00 -22.592 -22.607   2.545
   471 47000  5.00  0.50  2.00  0.00 -22.576 -22.603   2.560
   472 48000  4.50  0.50  2.00  0.00 -22.619 -22.634   2.544
   473 48000  5.00  0.50  2.00  0.00 -22.603 -22.629   2.559
   474 49000  4.50  0.50  2.00  0.00 -22.646 -22.660   2.542
   475 49000  5.00  0.50  2.00  0.00 -22.630 -22.655   2.557
   476 50000  5.00  0.50  2.00  0.00 -22.656 -22.680   2.556
