
       Teff log g  [M]a  Vturb  l/H  E(B-V)    U       B       V      BOL     BC      U-B     B-V(J)  B-V(H) 
    1  3500  0.00 -1.00  2.00  1.25  0.00  -9.561 -11.984 -13.175 -22.077  -1.928   2.076   1.795   1.779
    2  3500  0.50 -1.00  2.00  1.25  0.00 -10.017 -12.155 -13.203 -22.077  -1.900   1.784   1.652   1.636
    3  3500  1.00 -1.00  2.00  1.25  0.00 -10.447 -12.322 -13.244 -22.077  -1.859   1.515   1.525   1.509
    4  3500  1.50 -1.00  2.00  1.25  0.00 -10.837 -12.491 -13.301 -22.077  -1.801   1.288   1.414   1.398
    5  3500  2.00 -1.00  2.00  1.25  0.00 -11.173 -12.647 -13.365 -22.077  -1.738   1.104   1.321   1.305
    6  3500  2.50 -1.00  2.00  1.25  0.00 -11.440 -12.786 -13.434 -22.077  -1.669   0.972   1.251   1.235
    7  3500  3.00 -1.00  2.00  1.25  0.00 -11.619 -12.887 -13.512 -22.077  -1.590   0.893   1.229   1.213
    8  3500  3.50 -1.00  2.00  1.25  0.00 -11.740 -12.970 -13.607 -22.077  -1.496   0.855   1.240   1.224
    9  3500  4.00 -1.00  2.00  1.25  0.00 -11.785 -13.015 -13.684 -22.077  -1.419   0.855   1.272   1.256
   10  3500  4.50 -1.00  2.00  1.25  0.00 -11.741 -13.003 -13.721 -22.077  -1.382   0.889   1.322   1.306
   11  3500  5.00 -1.00  2.00  1.25  0.00 -11.625 -12.945 -13.726 -22.077  -1.377   0.950   1.384   1.368
   12  3750  0.00 -1.00  2.00  1.25  0.00 -10.476 -12.836 -13.941 -22.376  -1.461   2.015   1.709   1.693
   13  3750  0.50 -1.00  2.00  1.25  0.00 -10.856 -12.981 -13.979 -22.376  -1.424   1.775   1.601   1.585
   14  3750  1.00 -1.00  2.00  1.25  0.00 -11.203 -13.101 -14.005 -22.376  -1.398   1.542   1.507   1.491
   15  3750  1.50 -1.00  2.00  1.25  0.00 -11.513 -13.207 -14.028 -22.376  -1.374   1.334   1.424   1.408
   16  3750  2.00 -1.00  2.00  1.25  0.00 -11.784 -13.308 -14.054 -22.376  -1.348   1.159   1.350   1.334
   17  3750  2.50 -1.00  2.00  1.25  0.00 -12.009 -13.401 -14.084 -22.376  -1.318   1.024   1.287   1.271
   18  3750  3.00 -1.00  2.00  1.25  0.00 -12.176 -13.480 -14.118 -22.376  -1.284   0.933   1.242   1.226
   19  3750  3.50 -1.00  2.00  1.25  0.00 -12.259 -13.519 -14.154 -22.376  -1.248   0.888   1.239   1.223
   20  3750  4.00 -1.00  2.00  1.25  0.00 -12.329 -13.559 -14.205 -22.376  -1.197   0.858   1.250   1.234
   21  3750  4.50 -1.00  2.00  1.25  0.00 -12.356 -13.578 -14.245 -22.376  -1.157   0.850   1.270   1.254
   22  3750  5.00 -1.00  2.00  1.25  0.00 -12.321 -13.560 -14.261 -22.376  -1.142   0.869   1.304   1.288
   23  4000  0.00 -1.00  2.00  1.25  0.00 -11.585 -13.641 -14.580 -22.656  -1.103   1.706   1.542   1.526
   24  4000  0.50 -1.00  2.00  1.25  0.00 -11.925 -13.769 -14.609 -22.656  -1.073   1.490   1.443   1.427
   25  4000  1.00 -1.00  2.00  1.25  0.00 -12.207 -13.860 -14.623 -22.656  -1.060   1.295   1.366   1.350
   26  4000  1.50 -1.00  2.00  1.25  0.00 -12.424 -13.923 -14.626 -22.656  -1.056   1.136   1.307   1.291
   27  4000  2.00 -1.00  2.00  1.25  0.00 -12.588 -13.969 -14.627 -22.656  -1.055   1.016   1.262   1.246
   28  4000  2.50 -1.00  2.00  1.25  0.00 -12.716 -14.009 -14.630 -22.656  -1.052   0.925   1.225   1.209
   29  4000  3.00 -1.00  2.00  1.25  0.00 -12.817 -14.050 -14.641 -22.656  -1.042   0.863   1.194   1.178
   30  4000  3.50 -1.00  2.00  1.25  0.00 -12.883 -14.082 -14.654 -22.656  -1.028   0.828   1.176   1.160
   31  4000  4.00 -1.00  2.00  1.25  0.00 -12.902 -14.090 -14.671 -22.656  -1.011   0.816   1.185   1.169
   32  4000  4.50 -1.00  2.00  1.25  0.00 -12.925 -14.100 -14.697 -22.656  -0.985   0.803   1.201   1.185
   33  4000  5.00 -1.00  2.00  1.25  0.00 -12.934 -14.101 -14.716 -22.656  -0.967   0.796   1.218   1.202
   34  4250  0.00 -1.00  2.00  1.25  0.00 -12.663 -14.432 -15.199 -22.920  -0.747   1.413   1.371   1.355
   35  4250  0.50 -1.00  2.00  1.25  0.00 -12.913 -14.466 -15.155 -22.920  -0.791   1.193   1.292   1.276
   36  4250  1.00 -1.00  2.00  1.25  0.00 -13.144 -14.528 -15.147 -22.920  -0.799   1.019   1.223   1.207
   37  4250  1.50 -1.00  2.00  1.25  0.00 -13.328 -14.577 -15.143 -22.920  -0.803   0.882   1.169   1.153
   38  4250  2.00 -1.00  2.00  1.25  0.00 -13.461 -14.610 -15.135 -22.920  -0.811   0.780   1.128   1.112
   39  4250  2.50 -1.00  2.00  1.25  0.00 -13.554 -14.634 -15.128 -22.920  -0.818   0.708   1.098   1.082
   40  4250  3.00 -1.00  2.00  1.25  0.00 -13.604 -14.645 -15.120 -22.920  -0.826   0.669   1.079   1.063
   41  4250  3.50 -1.00  2.00  1.25  0.00 -13.615 -14.649 -15.115 -22.920  -0.831   0.661   1.069   1.053
   42  4250  4.00 -1.00  2.00  1.25  0.00 -13.591 -14.642 -15.112 -22.920  -0.833   0.677   1.074   1.058
   43  4250  4.50 -1.00  2.00  1.25  0.00 -13.549 -14.625 -15.117 -22.920  -0.829   0.702   1.096   1.080
   44  4250  5.00 -1.00  2.00  1.25  0.00 -13.527 -14.612 -15.127 -22.920  -0.818   0.712   1.119   1.103
   45  4500  0.00 -1.00  2.00  1.25  0.00 -13.403 -14.884 -15.540 -23.168  -0.654   1.119   1.259   1.243
   46  4500  0.50 -1.00  2.00  1.25  0.00 -13.664 -14.987 -15.560 -23.168  -0.634   0.957   1.177   1.161
   47  4500  1.00 -1.00  2.00  1.25  0.00 -13.878 -15.060 -15.569 -23.168  -0.625   0.814   1.113   1.097
   48  4500  1.50 -1.00  2.00  1.25  0.00 -14.041 -15.110 -15.570 -23.168  -0.624   0.697   1.064   1.048
   49  4500  2.00 -1.00  2.00  1.25  0.00 -14.161 -15.143 -15.566 -23.168  -0.628   0.608   1.027   1.011
   50  4500  2.50 -1.00  2.00  1.25  0.00 -14.243 -15.164 -15.560 -23.168  -0.634   0.545   0.999   0.983
   51  4500  3.00 -1.00  2.00  1.25  0.00 -14.292 -15.177 -15.552 -23.168  -0.642   0.507   0.979   0.963
   52  4500  3.50 -1.00  2.00  1.25  0.00 -14.308 -15.181 -15.544 -23.168  -0.650   0.495   0.966   0.950
   53  4500  4.00 -1.00  2.00  1.25  0.00 -14.293 -15.178 -15.536 -23.168  -0.658   0.507   0.962   0.946
   54  4500  4.50 -1.00  2.00  1.25  0.00 -14.248 -15.164 -15.528 -23.168  -0.666   0.538   0.968   0.952
   55  4500  5.00 -1.00  2.00  1.25  0.00 -14.188 -15.138 -15.524 -23.168  -0.670   0.574   0.990   0.974
   56  4750  0.00 -1.00  2.00  1.25  0.00 -14.154 -15.413 -15.925 -23.403  -0.504   0.891   1.115   1.099
   57  4750  0.50 -1.00  2.00  1.25  0.00 -14.366 -15.491 -15.937 -23.403  -0.492   0.753   1.050   1.034
   58  4750  1.00 -1.00  2.00  1.25  0.00 -14.543 -15.548 -15.942 -23.403  -0.487   0.630   0.997   0.981
   59  4750  1.50 -1.00  2.00  1.25  0.00 -14.679 -15.587 -15.941 -23.403  -0.488   0.531   0.958   0.942
   60  4750  2.00 -1.00  2.00  1.25  0.00 -14.779 -15.612 -15.937 -23.403  -0.492   0.454   0.929   0.913
   61  4750  2.50 -1.00  2.00  1.25  0.00 -14.849 -15.628 -15.931 -23.403  -0.498   0.399   0.907   0.891
   62  4750  3.00 -1.00  2.00  1.25  0.00 -14.893 -15.638 -15.925 -23.403  -0.503   0.364   0.891   0.875
   63  4750  3.50 -1.00  2.00  1.25  0.00 -14.912 -15.643 -15.920 -23.403  -0.509   0.350   0.880   0.864
   64  4750  4.00 -1.00  2.00  1.25  0.00 -14.906 -15.644 -15.914 -23.403  -0.515   0.356   0.874   0.858
   65  4750  4.50 -1.00  2.00  1.25  0.00 -14.878 -15.639 -15.907 -23.403  -0.522   0.380   0.872   0.856
   66  4750  5.00 -1.00  2.00  1.25  0.00 -14.826 -15.625 -15.900 -23.403  -0.529   0.419   0.878   0.862
   67  5000  0.00 -1.00  2.00  1.25  0.00 -14.840 -15.913 -16.271 -23.626  -0.381   0.698   0.962   0.946
   68  5000  0.50 -1.00  2.00  1.25  0.00 -15.004 -15.961 -16.272 -23.626  -0.379   0.579   0.914   0.898
   69  5000  1.00 -1.00  2.00  1.25  0.00 -15.146 -15.998 -16.270 -23.626  -0.381   0.472   0.876   0.860
   70  5000  1.50 -1.00  2.00  1.25  0.00 -15.258 -16.023 -16.266 -23.626  -0.386   0.382   0.846   0.830
   71  5000  2.00 -1.00  2.00  1.25  0.00 -15.342 -16.038 -16.260 -23.626  -0.392   0.312   0.825   0.809
   72  5000  2.50 -1.00  2.00  1.25  0.00 -15.400 -16.046 -16.254 -23.626  -0.398   0.261   0.811   0.795
   73  5000  3.00 -1.00  2.00  1.25  0.00 -15.437 -16.050 -16.248 -23.626  -0.403   0.228   0.802   0.786
   74  5000  3.50 -1.00  2.00  1.25  0.00 -15.454 -16.051 -16.244 -23.626  -0.407   0.212   0.797   0.781
   75  5000  4.00 -1.00  2.00  1.25  0.00 -15.451 -16.051 -16.241 -23.626  -0.410   0.214   0.794   0.778
   76  5000  4.50 -1.00  2.00  1.25  0.00 -15.431 -16.049 -16.238 -23.626  -0.414   0.232   0.793   0.777
   77  5000  5.00 -1.00  2.00  1.25  0.00 -15.394 -16.043 -16.234 -23.626  -0.417   0.264   0.795   0.779
   78  5250  0.00 -1.00  2.00  1.25  0.00 -15.438 -16.375 -16.582 -23.837  -0.282   0.555   0.810   0.794
   79  5250  0.50 -1.00  2.00  1.25  0.00 -15.560 -16.398 -16.574 -23.837  -0.289   0.453   0.780   0.764
   80  5250  1.00 -1.00  2.00  1.25  0.00 -15.670 -16.415 -16.566 -23.837  -0.298   0.358   0.755   0.739
   81  5250  1.50 -1.00  2.00  1.25  0.00 -15.761 -16.424 -16.557 -23.837  -0.307   0.275   0.736   0.720
   82  5250  2.00 -1.00  2.00  1.25  0.00 -15.831 -16.427 -16.547 -23.837  -0.316   0.208   0.724   0.708
   83  5250  2.50 -1.00  2.00  1.25  0.00 -15.882 -16.426 -16.539 -23.837  -0.324   0.155   0.717   0.701
   84  5250  3.00 -1.00  2.00  1.25  0.00 -15.915 -16.422 -16.532 -23.837  -0.331   0.118   0.713   0.697
   85  5250  3.50 -1.00  2.00  1.25  0.00 -15.931 -16.418 -16.528 -23.837  -0.336   0.097   0.714   0.698
   86  5250  4.00 -1.00  2.00  1.25  0.00 -15.932 -16.413 -16.526 -23.837  -0.338   0.092   0.716   0.700
   87  5250  4.50 -1.00  2.00  1.25  0.00 -15.917 -16.409 -16.525 -23.837  -0.338   0.103   0.720   0.704
   88  5250  5.00 -1.00  2.00  1.25  0.00 -15.889 -16.404 -16.525 -23.837  -0.339   0.127   0.724   0.708
   89  5500  0.00 -1.00  2.00  1.25  0.00 -15.945 -16.791 -16.862 -24.039  -0.204   0.457   0.675   0.659
   90  5500  0.50 -1.00  2.00  1.25  0.00 -16.033 -16.795 -16.848 -24.039  -0.218   0.372   0.656   0.640
   91  5500  1.00 -1.00  2.00  1.25  0.00 -16.117 -16.797 -16.834 -24.039  -0.231   0.288   0.641   0.625
   92  5500  1.50 -1.00  2.00  1.25  0.00 -16.189 -16.793 -16.821 -24.039  -0.245   0.211   0.631   0.615
   93  5500  2.00 -1.00  2.00  1.25  0.00 -16.248 -16.785 -16.808 -24.039  -0.258   0.143   0.627   0.611
   94  5500  2.50 -1.00  2.00  1.25  0.00 -16.294 -16.774 -16.797 -24.039  -0.269   0.086   0.626   0.610
   95  5500  3.00 -1.00  2.00  1.25  0.00 -16.326 -16.762 -16.787 -24.039  -0.278   0.042   0.628   0.612
   96  5500  3.50 -1.00  2.00  1.25  0.00 -16.346 -16.751 -16.781 -24.039  -0.285   0.012   0.633   0.617
   97  5500  4.00 -1.00  2.00  1.25  0.00 -16.352 -16.741 -16.778 -24.039  -0.288  -0.004   0.640   0.624
   98  5500  4.50 -1.00  2.00  1.25  0.00 -16.345 -16.733 -16.777 -24.039  -0.288  -0.003   0.648   0.632
   99  5500  5.00 -1.00  2.00  1.25  0.00 -16.325 -16.727 -16.779 -24.039  -0.287   0.011   0.655   0.639
  100  5750  0.00 -1.00  2.00  1.25  0.00 -16.379 -17.164 -17.115 -24.233  -0.144   0.391   0.554   0.538
  101  5750  0.50 -1.00  2.00  1.25  0.00 -16.436 -17.155 -17.098 -24.233  -0.161   0.324   0.546   0.530
  102  5750  1.00 -1.00  2.00  1.25  0.00 -16.496 -17.144 -17.081 -24.233  -0.177   0.252   0.540   0.524
  103  5750  1.50 -1.00  2.00  1.25  0.00 -16.553 -17.130 -17.065 -24.233  -0.194   0.180   0.538   0.522
  104  5750  2.00 -1.00  2.00  1.25  0.00 -16.603 -17.113 -17.048 -24.233  -0.210   0.113   0.539   0.523
  105  5750  2.50 -1.00  2.00  1.25  0.00 -16.644 -17.094 -17.033 -24.233  -0.226   0.052   0.543   0.527
  106  5750  3.00 -1.00  2.00  1.25  0.00 -16.677 -17.074 -17.020 -24.233  -0.239   0.000   0.549   0.533
  107  5750  3.50 -1.00  2.00  1.25  0.00 -16.701 -17.056 -17.010 -24.233  -0.248  -0.042   0.557   0.541
  108  5750  4.00 -1.00  2.00  1.25  0.00 -16.715 -17.041 -17.004 -24.233  -0.254  -0.070   0.567   0.551
  109  5750  4.50 -1.00  2.00  1.25  0.00 -16.716 -17.029 -17.003 -24.233  -0.256  -0.083   0.577   0.561
  110  5750  5.00 -1.00  2.00  1.25  0.00 -16.706 -17.020 -17.004 -24.233  -0.255  -0.082   0.588   0.572
  111  6000  0.00 -1.00  2.00  1.25  0.00 -16.766 -17.507 -17.345 -24.417  -0.099   0.341   0.442   0.426
  112  6000  0.50 -1.00  2.00  1.25  0.00 -16.790 -17.483 -17.328 -24.417  -0.115   0.294   0.449   0.433
  113  6000  1.00 -1.00  2.00  1.25  0.00 -16.827 -17.462 -17.310 -24.417  -0.133   0.235   0.452   0.436
  114  6000  1.50 -1.00  2.00  1.25  0.00 -16.868 -17.440 -17.292 -24.417  -0.152   0.172   0.455   0.439
  115  6000  2.00 -1.00  2.00  1.25  0.00 -16.907 -17.415 -17.273 -24.417  -0.171   0.107   0.461   0.445
  116  6000  2.50 -1.00  2.00  1.25  0.00 -16.943 -17.389 -17.254 -24.417  -0.189   0.045   0.469   0.453
  117  6000  3.00 -1.00  2.00  1.25  0.00 -16.975 -17.362 -17.237 -24.417  -0.207  -0.014   0.478   0.462
  118  6000  3.50 -1.00  2.00  1.25  0.00 -17.003 -17.337 -17.222 -24.417  -0.221  -0.066   0.489   0.473
  119  6000  4.00 -1.00  2.00  1.25  0.00 -17.024 -17.316 -17.212 -24.417  -0.231  -0.107   0.500   0.484
  120  6000  4.50 -1.00  2.00  1.25  0.00 -17.036 -17.299 -17.208 -24.417  -0.236  -0.136   0.512   0.496
  121  6000  5.00 -1.00  2.00  1.25  0.00 -17.037 -17.286 -17.207 -24.417  -0.236  -0.149   0.525   0.509
  122  6250  0.50 -1.00  2.00  1.25  0.00 -17.112 -17.788 -17.540 -24.595  -0.081   0.273   0.355   0.339
  123  6250  1.00 -1.00  2.00  1.25  0.00 -17.124 -17.757 -17.524 -24.595  -0.097   0.229   0.371   0.355
  124  6250  1.50 -1.00  2.00  1.25  0.00 -17.148 -17.727 -17.505 -24.595  -0.116   0.176   0.382   0.366
  125  6250  2.00 -1.00  2.00  1.25  0.00 -17.175 -17.695 -17.484 -24.595  -0.137   0.117   0.393   0.377
  126  6250  2.50 -1.00  2.00  1.25  0.00 -17.204 -17.662 -17.463 -24.595  -0.158   0.054   0.404   0.388
  127  6250  3.00 -1.00  2.00  1.25  0.00 -17.233 -17.629 -17.442 -24.595  -0.179  -0.008   0.416   0.400
  128  6250  3.50 -1.00  2.00  1.25  0.00 -17.261 -17.597 -17.423 -24.595  -0.198  -0.067   0.429   0.413
  129  6250  4.00 -1.00  2.00  1.25  0.00 -17.288 -17.570 -17.407 -24.595  -0.213  -0.120   0.441   0.425
  130  6250  4.50 -1.00  2.00  1.25  0.00 -17.309 -17.547 -17.398 -24.595  -0.223  -0.163   0.454   0.438
  131  6250  5.00 -1.00  2.00  1.25  0.00 -17.322 -17.531 -17.394 -24.595  -0.227  -0.192   0.467   0.451
  132  6500  0.50 -1.00  2.00  1.25  0.00 -17.415 -18.076 -17.732 -24.765  -0.059   0.253   0.260   0.244
  133  6500  1.00 -1.00  2.00  1.25  0.00 -17.399 -18.034 -17.721 -24.765  -0.070   0.228   0.290   0.274
  134  6500  1.50 -1.00  2.00  1.25  0.00 -17.403 -17.995 -17.704 -24.765  -0.087   0.186   0.313   0.297
  135  6500  2.00 -1.00  2.00  1.25  0.00 -17.418 -17.957 -17.684 -24.765  -0.108   0.133   0.330   0.314
  136  6500  2.50 -1.00  2.00  1.25  0.00 -17.438 -17.918 -17.660 -24.765  -0.131   0.074   0.346   0.330
  137  6500  3.00 -1.00  2.00  1.25  0.00 -17.462 -17.878 -17.637 -24.765  -0.154   0.012   0.362   0.346
  138  6500  3.50 -1.00  2.00  1.25  0.00 -17.488 -17.840 -17.614 -24.765  -0.178  -0.052   0.377   0.361
  139  6500  4.00 -1.00  2.00  1.25  0.00 -17.516 -17.806 -17.593 -24.765  -0.198  -0.114   0.391   0.375
  140  6500  4.50 -1.00  2.00  1.25  0.00 -17.544 -17.778 -17.578 -24.765  -0.213  -0.170   0.404   0.388
  141  6500  5.00 -1.00  2.00  1.25  0.00 -17.567 -17.756 -17.569 -24.765  -0.222  -0.214   0.417   0.401
  142  6750  0.50 -1.00  2.00  1.25  0.00 -17.689 -18.328 -17.913 -24.929  -0.042   0.229   0.188   0.172
  143  6750  1.00 -1.00  2.00  1.25  0.00 -17.663 -18.297 -17.901 -24.929  -0.054   0.225   0.207   0.191
  144  6750  1.50 -1.00  2.00  1.25  0.00 -17.645 -18.249 -17.889 -24.929  -0.066   0.196   0.244   0.228
  145  6750  2.00 -1.00  2.00  1.25  0.00 -17.643 -18.203 -17.871 -24.929  -0.084   0.152   0.271   0.255
  146  6750  2.50 -1.00  2.00  1.25  0.00 -17.653 -18.159 -17.848 -24.929  -0.107   0.099   0.293   0.277
  147  6750  3.00 -1.00  2.00  1.25  0.00 -17.669 -18.114 -17.823 -24.929  -0.132   0.038   0.312   0.296
  148  6750  3.50 -1.00  2.00  1.25  0.00 -17.692 -18.070 -17.797 -24.929  -0.158  -0.028   0.330   0.314
  149  6750  4.00 -1.00  2.00  1.25  0.00 -17.719 -18.030 -17.772 -24.929  -0.183  -0.095   0.346   0.330
  150  6750  4.50 -1.00  2.00  1.25  0.00 -17.749 -17.994 -17.751 -24.929  -0.204  -0.159   0.360   0.344
  151  6750  5.00 -1.00  2.00  1.25  0.00 -17.778 -17.966 -17.736 -24.929  -0.219  -0.217   0.374   0.358
  152  7000  0.50 -1.00  2.00  1.25  0.00 -17.941 -18.551 -18.082 -25.087  -0.031   0.197   0.135   0.119
  153  7000  1.00 -1.00  2.00  1.25  0.00 -17.907 -18.529 -18.071 -25.087  -0.042   0.210   0.145   0.129
  154  7000  1.50 -1.00  2.00  1.25  0.00 -17.877 -18.492 -18.058 -25.087  -0.054   0.203   0.170   0.154
  155  7000  2.00 -1.00  2.00  1.25  0.00 -17.857 -18.438 -18.046 -25.087  -0.067   0.171   0.211   0.195
  156  7000  2.50 -1.00  2.00  1.25  0.00 -17.854 -18.387 -18.025 -25.087  -0.088   0.124   0.242   0.226
  157  7000  3.00 -1.00  2.00  1.25  0.00 -17.862 -18.337 -18.000 -25.087  -0.113   0.067   0.266   0.250
  158  7000  3.50 -1.00  2.00  1.25  0.00 -17.879 -18.289 -17.972 -25.087  -0.141   0.003   0.287   0.271
  159  7000  4.00 -1.00  2.00  1.25  0.00 -17.902 -18.242 -17.944 -25.087  -0.169  -0.067   0.305   0.289
  160  7000  4.50 -1.00  2.00  1.25  0.00 -17.932 -18.200 -17.919 -25.087  -0.194  -0.138   0.322   0.306
  161  7000  5.00 -1.00  2.00  1.25  0.00 -17.964 -18.165 -17.898 -25.087  -0.215  -0.206   0.337   0.321
  162  7250  0.50 -1.00  2.00  1.25  0.00 -18.168 -18.739 -18.238 -25.239  -0.027   0.156   0.103   0.087
  163  7250  1.00 -1.00  2.00  1.25  0.00 -18.134 -18.733 -18.228 -25.239  -0.037   0.184   0.099   0.083
  164  7250  1.50 -1.00  2.00  1.25  0.00 -18.096 -18.705 -18.218 -25.239  -0.048   0.196   0.116   0.100
  165  7250  2.00 -1.00  2.00  1.25  0.00 -18.065 -18.663 -18.205 -25.239  -0.061   0.185   0.146   0.130
  166  7250  2.50 -1.00  2.00  1.25  0.00 -18.047 -18.604 -18.190 -25.239  -0.076   0.147   0.189   0.173
  167  7250  3.00 -1.00  2.00  1.25  0.00 -18.044 -18.549 -18.167 -25.239  -0.098   0.096   0.221   0.205
  168  7250  3.50 -1.00  2.00  1.25  0.00 -18.053 -18.496 -18.139 -25.239  -0.126   0.035   0.247   0.231
  169  7250  4.00 -1.00  2.00  1.25  0.00 -18.072 -18.445 -18.109 -25.239  -0.156  -0.035   0.268   0.252
  170  7250  4.50 -1.00  2.00  1.25  0.00 -18.099 -18.396 -18.080 -25.239  -0.185  -0.109   0.287   0.271
  171  7250  5.00 -1.00  2.00  1.25  0.00 -18.132 -18.354 -18.054 -25.239  -0.211  -0.184   0.304   0.288
  172  7500  0.50 -1.00  2.00  1.25  0.00 -18.363 -18.874 -18.378 -25.386  -0.035   0.096   0.108   0.092
  173  7500  1.00 -1.00  2.00  1.25  0.00 -18.348 -18.910 -18.371 -25.386  -0.041   0.146   0.065   0.049
  174  7500  1.50 -1.00  2.00  1.25  0.00 -18.305 -18.893 -18.364 -25.386  -0.048   0.173   0.075   0.059
  175  7500  2.00 -1.00  2.00  1.25  0.00 -18.265 -18.860 -18.354 -25.386  -0.059   0.181   0.098   0.082
  176  7500  2.50 -1.00  2.00  1.25  0.00 -18.235 -18.812 -18.340 -25.386  -0.073   0.165   0.131   0.115
  177  7500  3.00 -1.00  2.00  1.25  0.00 -18.219 -18.751 -18.323 -25.386  -0.090   0.122   0.175   0.159
  178  7500  3.50 -1.00  2.00  1.25  0.00 -18.219 -18.693 -18.297 -25.386  -0.115   0.065   0.208   0.192
  179  7500  4.00 -1.00  2.00  1.25  0.00 -18.231 -18.637 -18.267 -25.386  -0.145  -0.002   0.234   0.218
  180  7500  4.50 -1.00  2.00  1.25  0.00 -18.253 -18.584 -18.236 -25.386  -0.176  -0.077   0.256   0.240
  181  7500  5.00 -1.00  2.00  1.25  0.00 -18.285 -18.536 -18.207 -25.386  -0.206  -0.156   0.274   0.258
  182  7750  1.00 -1.00  2.00  1.25  0.00 -18.543 -19.055 -18.499 -25.529  -0.056   0.095   0.048   0.032
  183  7750  1.50 -1.00  2.00  1.25  0.00 -18.503 -19.058 -18.497 -25.529  -0.058   0.138   0.042   0.026
  184  7750  2.00 -1.00  2.00  1.25  0.00 -18.456 -19.033 -18.490 -25.529  -0.065   0.161   0.061   0.045
  185  7750  2.50 -1.00  2.00  1.25  0.00 -18.416 -18.995 -18.479 -25.529  -0.076   0.165   0.088   0.072
  186  7750  3.00 -1.00  2.00  1.25  0.00 -18.389 -18.943 -18.464 -25.529  -0.091   0.142   0.125   0.109
  187  7750  3.50 -1.00  2.00  1.25  0.00 -18.378 -18.880 -18.445 -25.529  -0.110   0.091   0.168   0.152
  188  7750  4.00 -1.00  2.00  1.25  0.00 -18.382 -18.820 -18.417 -25.529  -0.138   0.029   0.200   0.184
  189  7750  4.50 -1.00  2.00  1.25  0.00 -18.399 -18.763 -18.386 -25.529  -0.169  -0.045   0.226   0.210
  190  7750  5.00 -1.00  2.00  1.25  0.00 -18.427 -18.710 -18.353 -25.529  -0.202  -0.125   0.247   0.231
  191  8000  1.00 -1.00  2.00  1.25  0.00 -18.714 -19.161 -18.608 -25.667  -0.085   0.029   0.050   0.034
  192  8000  1.50 -1.00  2.00  1.25  0.00 -18.688 -19.197 -18.613 -25.667  -0.080   0.091   0.020   0.004
  193  8000  2.00 -1.00  2.00  1.25  0.00 -18.640 -19.186 -18.612 -25.667  -0.081   0.129   0.030   0.014
  194  8000  2.50 -1.00  2.00  1.25  0.00 -18.594 -19.156 -18.606 -25.667  -0.087   0.146   0.053   0.037
  195  8000  3.00 -1.00  2.00  1.25  0.00 -18.557 -19.114 -18.594 -25.667  -0.099   0.143   0.084   0.068
  196  8000  3.50 -1.00  2.00  1.25  0.00 -18.533 -19.058 -18.578 -25.667  -0.115   0.113   0.124   0.108
  197  8000  4.00 -1.00  2.00  1.25  0.00 -18.528 -18.994 -18.557 -25.667  -0.136   0.056   0.166   0.150
  198  8000  4.50 -1.00  2.00  1.25  0.00 -18.538 -18.933 -18.527 -25.667  -0.166  -0.015   0.197   0.181
  199  8000  5.00 -1.00  2.00  1.25  0.00 -18.561 -18.876 -18.494 -25.667  -0.199  -0.094   0.222   0.206
  200  8250  1.00 -1.00  2.00  1.25  0.00 -18.864 -19.229 -18.690 -25.800  -0.136  -0.052   0.065   0.049
  201  8250  1.50 -1.00  2.00  1.25  0.00 -18.855 -19.310 -18.715 -25.800  -0.112   0.037   0.008  -0.008
  202  8250  2.00 -1.00  2.00  1.25  0.00 -18.812 -19.315 -18.718 -25.800  -0.108   0.085   0.006  -0.010
  203  8250  2.50 -1.00  2.00  1.25  0.00 -18.763 -19.295 -18.717 -25.800  -0.110   0.116   0.025   0.009
  204  8250  3.00 -1.00  2.00  1.25  0.00 -18.718 -19.261 -18.710 -25.800  -0.116   0.128   0.053   0.037
  205  8250  3.50 -1.00  2.00  1.25  0.00 -18.685 -19.216 -18.698 -25.800  -0.128   0.118   0.086   0.070
  206  8250  4.00 -1.00  2.00  1.25  0.00 -18.670 -19.157 -18.683 -25.800  -0.144   0.077   0.129   0.113
  207  8250  4.50 -1.00  2.00  1.25  0.00 -18.673 -19.094 -18.659 -25.800  -0.167   0.012   0.168   0.152
  208  8250  5.00 -1.00  2.00  1.25  0.00 -18.689 -19.034 -18.628 -25.800  -0.199  -0.065   0.198   0.182
  209  8500  1.50 -1.00  2.00  1.25  0.00 -19.002 -19.401 -18.802 -25.930  -0.154  -0.021   0.005  -0.011
  210  8500  2.00 -1.00  2.00  1.25  0.00 -18.967 -19.424 -18.811 -25.930  -0.145   0.038  -0.009  -0.025
  211  8500  2.50 -1.00  2.00  1.25  0.00 -18.918 -19.415 -18.814 -25.930  -0.142   0.079   0.003  -0.013
  212  8500  3.00 -1.00  2.00  1.25  0.00 -18.871 -19.389 -18.812 -25.930  -0.144   0.102   0.027   0.011
  213  8500  3.50 -1.00  2.00  1.25  0.00 -18.833 -19.351 -18.805 -25.930  -0.151   0.105   0.057   0.041
  214  8500  4.00 -1.00  2.00  1.25  0.00 -18.807 -19.304 -18.793 -25.930  -0.163   0.084   0.093   0.077
  215  8500  4.50 -1.00  2.00  1.25  0.00 -18.802 -19.245 -18.778 -25.930  -0.178   0.032   0.137   0.121
  216  8500  5.00 -1.00  2.00  1.25  0.00 -18.813 -19.183 -18.753 -25.930  -0.203  -0.039   0.174   0.158
  217  8750  1.50 -1.00  2.00  1.25  0.00 -19.139 -19.477 -18.877 -26.056  -0.205  -0.082   0.004  -0.012
  218  8750  2.00 -1.00  2.00  1.25  0.00 -19.110 -19.518 -18.894 -26.056  -0.188  -0.012  -0.020  -0.036
  219  8750  2.50 -1.00  2.00  1.25  0.00 -19.064 -19.519 -18.900 -26.056  -0.182   0.036  -0.016  -0.032
  220  8750  3.00 -1.00  2.00  1.25  0.00 -19.015 -19.500 -18.901 -26.056  -0.181   0.068   0.004  -0.012
  221  8750  3.50 -1.00  2.00  1.25  0.00 -18.971 -19.469 -18.899 -26.056  -0.183   0.083   0.033   0.017
  222  8750  4.00 -1.00  2.00  1.25  0.00 -18.939 -19.429 -18.892 -26.056  -0.190   0.076   0.067   0.051
  223  8750  4.50 -1.00  2.00  1.25  0.00 -18.924 -19.378 -18.881 -26.056  -0.201   0.043   0.106   0.090
  224  8750  5.00 -1.00  2.00  1.25  0.00 -18.931 -19.321 -18.866 -26.056  -0.216  -0.019   0.149   0.133
  225  9000  1.50 -1.00  2.00  0.00  0.00 -19.266 -19.545 -18.944 -26.178  -0.260  -0.141   0.003  -0.013
  226  9000  2.00 -1.00  2.00  0.00  0.00 -19.241 -19.599 -18.968 -26.178  -0.236  -0.061  -0.027  -0.043
  227  9000  2.50 -1.00  2.00  0.00  0.00 -19.198 -19.609 -18.977 -26.178  -0.228  -0.009  -0.028  -0.044
  228  9000  3.00 -1.00  2.00  0.00  0.00 -19.149 -19.597 -18.980 -26.178  -0.224   0.031  -0.013  -0.029
  229  9000  3.50 -1.00  2.00  0.00  0.00 -19.101 -19.573 -18.981 -26.178  -0.223   0.055   0.012  -0.004
  230  9000  4.00 -1.00  2.00  0.00  0.00 -19.064 -19.538 -18.979 -26.178  -0.226   0.060   0.044   0.028
  231  9000  4.50 -1.00  2.00  0.00  0.00 -19.043 -19.494 -18.971 -26.178  -0.233   0.040   0.081   0.065
  232  9000  5.00 -1.00  2.00  0.00  0.00 -19.042 -19.444 -18.962 -26.178  -0.242  -0.009   0.122   0.106
  233  9250  2.00 -1.00  2.00  0.00  0.00 -19.361 -19.672 -19.037 -26.297  -0.287  -0.109  -0.032  -0.048
  234  9250  2.50 -1.00  2.00  0.00  0.00 -19.322 -19.690 -19.048 -26.297  -0.276  -0.052  -0.038  -0.054
  235  9250  3.00 -1.00  2.00  0.00  0.00 -19.274 -19.684 -19.053 -26.297  -0.271  -0.008  -0.027  -0.043
  236  9250  3.50 -1.00  2.00  0.00  0.00 -19.226 -19.664 -19.055 -26.297  -0.268   0.022  -0.005  -0.021
  237  9250  4.00 -1.00  2.00  0.00  0.00 -19.185 -19.634 -19.056 -26.297  -0.268   0.035   0.025   0.009
  238  9250  4.50 -1.00  2.00  0.00  0.00 -19.157 -19.597 -19.052 -26.297  -0.271   0.026   0.059   0.043
  239  9250  5.00 -1.00  2.00  0.00  0.00 -19.147 -19.551 -19.045 -26.297  -0.278  -0.007   0.098   0.082
  240  9500  2.00 -1.00  2.00  0.00  0.00 -19.475 -19.740 -19.100 -26.413  -0.339  -0.155  -0.037  -0.053
  241  9500  2.50 -1.00  2.00  0.00  0.00 -19.439 -19.763 -19.113 -26.413  -0.326  -0.096  -0.047  -0.063
  242  9500  3.00 -1.00  2.00  0.00  0.00 -19.393 -19.762 -19.119 -26.413  -0.320  -0.050  -0.040  -0.056
  243  9500  3.50 -1.00  2.00  0.00  0.00 -19.344 -19.747 -19.123 -26.413  -0.316  -0.015  -0.021  -0.037
  244  9500  4.00 -1.00  2.00  0.00  0.00 -19.300 -19.722 -19.125 -26.413  -0.314   0.006   0.007  -0.009
  245  9500  4.50 -1.00  2.00  0.00  0.00 -19.267 -19.688 -19.125 -26.413  -0.314   0.007   0.040   0.024
  246  9500  5.00 -1.00  2.00  0.00  0.00 -19.250 -19.647 -19.122 -26.413  -0.318  -0.015   0.079   0.063
  247  9750  2.00 -1.00  2.00  0.00  0.00 -19.582 -19.805 -19.160 -26.526  -0.392  -0.198  -0.041  -0.057
  248  9750  2.50 -1.00  2.00  0.00  0.00 -19.547 -19.831 -19.174 -26.526  -0.378  -0.137  -0.053  -0.069
  249  9750  3.00 -1.00  2.00  0.00  0.00 -19.503 -19.833 -19.181 -26.526  -0.371  -0.090  -0.049  -0.065
  250  9750  3.50 -1.00  2.00  0.00  0.00 -19.456 -19.822 -19.185 -26.526  -0.367  -0.052  -0.034  -0.050
  251  9750  4.00 -1.00  2.00  0.00  0.00 -19.410 -19.801 -19.189 -26.526  -0.363  -0.026  -0.009  -0.025
  252  9750  4.50 -1.00  2.00  0.00  0.00 -19.373 -19.771 -19.191 -26.526  -0.361  -0.016   0.023   0.007
  253  9750  5.00 -1.00  2.00  0.00  0.00 -19.351 -19.733 -19.191 -26.526  -0.361  -0.029   0.061   0.045
  254 10000  2.00 -1.00  2.00  0.00  0.00 -19.683 -19.866 -19.217 -26.636  -0.445  -0.238  -0.045  -0.061
  255 10000  2.50 -1.00  2.00  0.00  0.00 -19.648 -19.894 -19.232 -26.636  -0.430  -0.175  -0.059  -0.075
  256 10000  3.00 -1.00  2.00  0.00  0.00 -19.607 -19.899 -19.239 -26.636  -0.423  -0.127  -0.057  -0.073
  257 10000  3.50 -1.00  2.00  0.00  0.00 -19.560 -19.891 -19.243 -26.636  -0.418  -0.088  -0.044  -0.060
  258 10000  4.00 -1.00  2.00  0.00  0.00 -19.515 -19.873 -19.248 -26.636  -0.414  -0.058  -0.022  -0.038
  259 10000  4.50 -1.00  2.00  0.00  0.00 -19.475 -19.847 -19.251 -26.636  -0.411  -0.043   0.008  -0.008
  260 10000  5.00 -1.00  2.00  0.00  0.00 -19.449 -19.813 -19.253 -26.636  -0.409  -0.049   0.044   0.028
  261 10250  2.00 -1.00  2.00  0.00  0.00 -19.779 -19.925 -19.272 -26.743  -0.497  -0.275  -0.049  -0.065
  262 10250  2.50 -1.00  2.00  0.00  0.00 -19.744 -19.954 -19.287 -26.743  -0.483  -0.211  -0.064  -0.080
  263 10250  3.00 -1.00  2.00  0.00  0.00 -19.704 -19.961 -19.294 -26.743  -0.476  -0.163  -0.064  -0.080
  264 10250  3.50 -1.00  2.00  0.00  0.00 -19.660 -19.955 -19.298 -26.743  -0.471  -0.123  -0.054  -0.070
  265 10250  4.00 -1.00  2.00  0.00  0.00 -19.615 -19.940 -19.303 -26.743  -0.467  -0.093  -0.034  -0.050
  266 10250  4.50 -1.00  2.00  0.00  0.00 -19.575 -19.917 -19.307 -26.743  -0.462  -0.074  -0.007  -0.023
  267 10250  5.00 -1.00  2.00  0.00  0.00 -19.545 -19.887 -19.311 -26.743  -0.458  -0.072   0.028   0.012
  268 10500  2.00 -1.00  2.00  0.00  0.00 -19.871 -19.982 -19.325 -26.848  -0.549  -0.310  -0.054  -0.070
  269 10500  2.50 -1.00  2.00  0.00  0.00 -19.835 -20.012 -19.339 -26.848  -0.534  -0.245  -0.069  -0.085
  270 10500  3.00 -1.00  2.00  0.00  0.00 -19.795 -20.020 -19.346 -26.848  -0.528  -0.196  -0.070  -0.086
  271 10500  3.50 -1.00  2.00  0.00  0.00 -19.753 -20.015 -19.350 -26.848  -0.524  -0.157  -0.061  -0.077
  272 10500  4.00 -1.00  2.00  0.00  0.00 -19.709 -20.002 -19.354 -26.848  -0.519  -0.125  -0.044  -0.060
  273 10500  4.50 -1.00  2.00  0.00  0.00 -19.669 -19.982 -19.359 -26.848  -0.515  -0.104  -0.019  -0.035
  274 10500  5.00 -1.00  2.00  0.00  0.00 -19.637 -19.954 -19.365 -26.848  -0.509  -0.097   0.014  -0.002
  275 10750  2.00 -1.00  2.00  0.00  0.00 -19.959 -20.037 -19.376 -26.950  -0.600  -0.344  -0.058  -0.074
  276 10750  2.50 -1.00  2.00  0.00  0.00 -19.922 -20.067 -19.390 -26.950  -0.586  -0.277  -0.073  -0.089
  277 10750  3.00 -1.00  2.00  0.00  0.00 -19.882 -20.075 -19.396 -26.950  -0.580  -0.228  -0.076  -0.092
  278 10750  3.50 -1.00  2.00  0.00  0.00 -19.840 -20.072 -19.400 -26.950  -0.576  -0.189  -0.068  -0.084
  279 10750  4.00 -1.00  2.00  0.00  0.00 -19.798 -20.060 -19.404 -26.950  -0.572  -0.157  -0.053  -0.069
  280 10750  4.50 -1.00  2.00  0.00  0.00 -19.759 -20.042 -19.409 -26.950  -0.567  -0.134  -0.030  -0.046
  281 10750  5.00 -1.00  2.00  0.00  0.00 -19.726 -20.017 -19.414 -26.950  -0.562  -0.123   0.001  -0.015
  282 11000  2.00 -1.00  2.00  0.00  0.00 -20.042 -20.089 -19.424 -27.050  -0.652  -0.375  -0.062  -0.078
  283 11000  2.50 -1.00  2.00  0.00  0.00 -20.005 -20.120 -19.439 -27.050  -0.637  -0.307  -0.078  -0.094
  284 11000  3.00 -1.00  2.00  0.00  0.00 -19.965 -20.129 -19.444 -27.050  -0.631  -0.258  -0.081  -0.097
  285 11000  3.50 -1.00  2.00  0.00  0.00 -19.924 -20.126 -19.448 -27.050  -0.628  -0.218  -0.074  -0.090
  286 11000  4.00 -1.00  2.00  0.00  0.00 -19.882 -20.115 -19.451 -27.050  -0.625  -0.186  -0.061  -0.077
  287 11000  4.50 -1.00  2.00  0.00  0.00 -19.844 -20.099 -19.455 -27.050  -0.620  -0.162  -0.040  -0.056
  288 11000  5.00 -1.00  2.00  0.00  0.00 -19.810 -20.076 -19.462 -27.050  -0.614  -0.150  -0.011  -0.027
  289 11250  2.00 -1.00  2.00  0.00  0.00 -20.122 -20.140 -19.471 -27.147  -0.703  -0.404  -0.066  -0.082
  290 11250  2.50 -1.00  2.00  0.00  0.00 -20.085 -20.171 -19.486 -27.147  -0.688  -0.335  -0.082  -0.098
  291 11250  3.00 -1.00  2.00  0.00  0.00 -20.045 -20.180 -19.491 -27.147  -0.683  -0.286  -0.085  -0.101
  292 11250  3.50 -1.00  2.00  0.00  0.00 -20.003 -20.177 -19.494 -27.147  -0.680  -0.247  -0.080  -0.096
  293 11250  4.00 -1.00  2.00  0.00  0.00 -19.963 -20.167 -19.496 -27.147  -0.677  -0.215  -0.068  -0.084
  294 11250  4.50 -1.00  2.00  0.00  0.00 -19.924 -20.152 -19.500 -27.147  -0.673  -0.190  -0.048  -0.064
  295 11250  5.00 -1.00  2.00  0.00  0.00 -19.891 -20.131 -19.506 -27.147  -0.667  -0.176  -0.022  -0.038
  296 11500  2.00 -1.00  2.00  0.00  0.00 -20.198 -20.189 -19.515 -27.243  -0.754  -0.431  -0.070  -0.086
  297 11500  2.50 -1.00  2.00  0.00  0.00 -20.161 -20.221 -19.531 -27.243  -0.738  -0.362  -0.086  -0.102
  298 11500  3.00 -1.00  2.00  0.00  0.00 -20.121 -20.229 -19.536 -27.243  -0.733  -0.313  -0.090  -0.106
  299 11500  3.50 -1.00  2.00  0.00  0.00 -20.080 -20.227 -19.538 -27.243  -0.731  -0.274  -0.085  -0.101
  300 11500  4.00 -1.00  2.00  0.00  0.00 -20.040 -20.217 -19.540 -27.243  -0.729  -0.242  -0.074  -0.090
  301 11500  4.50 -1.00  2.00  0.00  0.00 -20.002 -20.203 -19.544 -27.243  -0.725  -0.217  -0.056  -0.072
  302 11500  5.00 -1.00  2.00  0.00  0.00 -19.969 -20.184 -19.549 -27.243  -0.720  -0.202  -0.031  -0.047
  303 11750  2.00 -1.00  2.00  0.00  0.00 -20.271 -20.236 -19.559 -27.336  -0.804  -0.457  -0.074  -0.090
  304 11750  2.50 -1.00  2.00  0.00  0.00 -20.234 -20.268 -19.574 -27.336  -0.788  -0.388  -0.091  -0.107
  305 11750  3.00 -1.00  2.00  0.00  0.00 -20.194 -20.277 -19.579 -27.336  -0.783  -0.339  -0.095  -0.111
  306 11750  3.50 -1.00  2.00  0.00  0.00 -20.153 -20.274 -19.581 -27.336  -0.782  -0.300  -0.090  -0.106
  307 11750  4.00 -1.00  2.00  0.00  0.00 -20.113 -20.265 -19.583 -27.336  -0.780  -0.268  -0.079  -0.095
  308 11750  4.50 -1.00  2.00  0.00  0.00 -20.076 -20.252 -19.586 -27.336  -0.777  -0.243  -0.063  -0.079
  309 11750  5.00 -1.00  2.00  0.00  0.00 -20.044 -20.234 -19.591 -27.336  -0.772  -0.227  -0.040  -0.056
  310 12000  2.50 -1.00  2.00  0.00  0.00 -20.304 -20.314 -19.616 -27.428  -0.838  -0.412  -0.095  -0.111
  311 12000  3.00 -1.00  2.00  0.00  0.00 -20.264 -20.323 -19.621 -27.428  -0.833  -0.363  -0.099  -0.115
  312 12000  3.50 -1.00  2.00  0.00  0.00 -20.224 -20.321 -19.622 -27.428  -0.832  -0.324  -0.095  -0.111
  313 12000  4.00 -1.00  2.00  0.00  0.00 -20.184 -20.312 -19.624 -27.428  -0.830  -0.293  -0.085  -0.101
  314 12000  4.50 -1.00  2.00  0.00  0.00 -20.148 -20.299 -19.626 -27.428  -0.828  -0.268  -0.069  -0.085
  315 12000  5.00 -1.00  2.00  0.00  0.00 -20.115 -20.281 -19.631 -27.428  -0.823  -0.251  -0.047  -0.063
  316 12250  2.50 -1.00  2.00  0.00  0.00 -20.371 -20.359 -19.657 -27.517  -0.887  -0.435  -0.099  -0.115
  317 12250  3.00 -1.00  2.00  0.00  0.00 -20.331 -20.368 -19.661 -27.517  -0.882  -0.386  -0.103  -0.119
  318 12250  3.50 -1.00  2.00  0.00  0.00 -20.291 -20.365 -19.662 -27.517  -0.881  -0.348  -0.099  -0.115
  319 12250  4.00 -1.00  2.00  0.00  0.00 -20.253 -20.357 -19.663 -27.517  -0.880  -0.317  -0.090  -0.106
  320 12250  4.50 -1.00  2.00  0.00  0.00 -20.217 -20.344 -19.665 -27.517  -0.878  -0.292  -0.075  -0.091
  321 12250  5.00 -1.00  2.00  0.00  0.00 -20.185 -20.327 -19.669 -27.517  -0.874  -0.275  -0.054  -0.070
  322 12500  2.50 -1.00  2.00  0.00  0.00 -20.436 -20.403 -19.696 -27.605  -0.935  -0.456  -0.103  -0.119
  323 12500  3.00 -1.00  2.00  0.00  0.00 -20.396 -20.411 -19.700 -27.605  -0.931  -0.408  -0.107  -0.123
  324 12500  3.50 -1.00  2.00  0.00  0.00 -20.357 -20.408 -19.701 -27.605  -0.930  -0.370  -0.104  -0.120
  325 12500  4.00 -1.00  2.00  0.00  0.00 -20.319 -20.400 -19.702 -27.605  -0.929  -0.339  -0.094  -0.110
  326 12500  4.50 -1.00  2.00  0.00  0.00 -20.283 -20.387 -19.704 -27.605  -0.927  -0.315  -0.080  -0.096
  327 12500  5.00 -1.00  2.00  0.00  0.00 -20.251 -20.371 -19.707 -27.605  -0.924  -0.298  -0.061  -0.077
  328 12750  2.50 -1.00  2.00  0.00  0.00 -20.499 -20.445 -19.734 -27.691  -0.983  -0.477  -0.107  -0.123
  329 12750  3.00 -1.00  2.00  0.00  0.00 -20.459 -20.453 -19.738 -27.691  -0.979  -0.429  -0.111  -0.127
  330 12750  3.50 -1.00  2.00  0.00  0.00 -20.420 -20.450 -19.739 -27.691  -0.978  -0.391  -0.108  -0.124
  331 12750  4.00 -1.00  2.00  0.00  0.00 -20.382 -20.442 -19.739 -27.691  -0.978  -0.361  -0.099  -0.115
  332 12750  4.50 -1.00  2.00  0.00  0.00 -20.347 -20.429 -19.741 -27.691  -0.976  -0.337  -0.085  -0.101
  333 12750  5.00 -1.00  2.00  0.00  0.00 -20.316 -20.414 -19.744 -27.691  -0.973  -0.320  -0.066  -0.082
  334 13000  2.50 -1.00  2.00  0.00  0.00 -20.559 -20.486 -19.772 -27.775  -1.030  -0.496  -0.111  -0.127
  335 13000  3.00 -1.00  2.00  0.00  0.00 -20.519 -20.494 -19.775 -27.775  -1.027  -0.448  -0.115  -0.131
  336 13000  3.50 -1.00  2.00  0.00  0.00 -20.480 -20.491 -19.775 -27.775  -1.026  -0.412  -0.112  -0.128
  337 13000  4.00 -1.00  2.00  0.00  0.00 -20.443 -20.483 -19.776 -27.775  -1.026  -0.382  -0.103  -0.119
  338 13000  4.50 -1.00  2.00  0.00  0.00 -20.409 -20.470 -19.777 -27.775  -1.024  -0.359  -0.090  -0.106
  339 13000  5.00 -1.00  2.00  0.00  0.00 -20.378 -20.455 -19.780 -27.775  -1.022  -0.342  -0.072  -0.088
  340 14000  2.00 -1.00  2.00  0.00  0.00 -20.831 -20.605 -19.898 -28.097  -1.225  -0.650  -0.103  -0.119
  341 14000  2.50 -1.00  2.00  0.00  0.00 -20.785 -20.641 -19.912 -28.097  -1.211  -0.568  -0.125  -0.141
  342 14000  3.00 -1.00  2.00  0.00  0.00 -20.743 -20.647 -19.913 -28.097  -1.210  -0.519  -0.131  -0.147
  343 14000  3.50 -1.00  2.00  0.00  0.00 -20.704 -20.643 -19.912 -28.097  -1.211  -0.484  -0.128  -0.144
  344 14000  4.00 -1.00  2.00  0.00  0.00 -20.669 -20.635 -19.911 -28.097  -1.212  -0.457  -0.120  -0.136
  345 14000  4.50 -1.00  2.00  0.00  0.00 -20.638 -20.623 -19.912 -28.097  -1.211  -0.435  -0.107  -0.123
  346 14000  5.00 -1.00  2.00  0.00  0.00 -20.609 -20.609 -19.914 -28.097  -1.209  -0.420  -0.091  -0.107
  347 15000  2.50 -1.00  2.00  0.00  0.00 -20.991 -20.784 -20.042 -28.397  -1.380  -0.631  -0.138  -0.154
  348 15000  3.00 -1.00  2.00  0.00  0.00 -20.944 -20.788 -20.040 -28.397  -1.383  -0.580  -0.145  -0.161
  349 15000  3.50 -1.00  2.00  0.00  0.00 -20.904 -20.782 -20.037 -28.397  -1.386  -0.545  -0.142  -0.158
  350 15000  4.00 -1.00  2.00  0.00  0.00 -20.870 -20.773 -20.035 -28.397  -1.388  -0.520  -0.135  -0.151
  351 15000  4.50 -1.00  2.00  0.00  0.00 -20.840 -20.761 -20.035 -28.397  -1.388  -0.500  -0.123  -0.139
  352 15000  5.00 -1.00  2.00  0.00  0.00 -20.814 -20.748 -20.037 -28.397  -1.386  -0.487  -0.108  -0.124
  353 16000  2.50 -1.00  2.00  0.00  0.00 -21.182 -20.918 -20.165 -28.677  -1.539  -0.689  -0.150  -0.166
  354 16000  3.00 -1.00  2.00  0.00  0.00 -21.129 -20.920 -20.159 -28.677  -1.544  -0.634  -0.157  -0.173
  355 16000  3.50 -1.00  2.00  0.00  0.00 -21.086 -20.911 -20.152 -28.677  -1.551  -0.599  -0.155  -0.171
  356 16000  4.00 -1.00  2.00  0.00  0.00 -21.051 -20.900 -20.149 -28.677  -1.554  -0.574  -0.148  -0.164
  357 16000  4.50 -1.00  2.00  0.00  0.00 -21.023 -20.888 -20.148 -28.677  -1.555  -0.556  -0.137  -0.153
  358 16000  5.00 -1.00  2.00  0.00  0.00 -20.999 -20.875 -20.149 -28.677  -1.554  -0.545  -0.123  -0.139
  359 17000  2.50 -1.00  2.00  0.00  0.00 -21.362 -21.044 -20.280 -28.940  -1.686  -0.744  -0.160  -0.176
  360 17000  3.00 -1.00  2.00  0.00  0.00 -21.303 -21.043 -20.271 -28.940  -1.695  -0.684  -0.169  -0.185
  361 17000  3.50 -1.00  2.00  0.00  0.00 -21.255 -21.032 -20.261 -28.940  -1.705  -0.648  -0.168  -0.184
  362 17000  4.00 -1.00  2.00  0.00  0.00 -21.219 -21.020 -20.255 -28.940  -1.711  -0.623  -0.161  -0.177
  363 17000  4.50 -1.00  2.00  0.00  0.00 -21.190 -21.007 -20.253 -28.940  -1.714  -0.606  -0.150  -0.166
  364 17000  5.00 -1.00  2.00  0.00  0.00 -21.167 -20.993 -20.253 -28.940  -1.713  -0.595  -0.136  -0.152
  365 18000  2.50 -1.00  2.00  0.00  0.00 -21.533 -21.163 -20.391 -29.189  -1.824  -0.796  -0.168  -0.184
  366 18000  3.00 -1.00  2.00  0.00  0.00 -21.467 -21.161 -20.378 -29.189  -1.837  -0.731  -0.179  -0.195
  367 18000  3.50 -1.00  2.00  0.00  0.00 -21.415 -21.147 -20.365 -29.189  -1.850  -0.693  -0.179  -0.195
  368 18000  4.00 -1.00  2.00  0.00  0.00 -21.375 -21.132 -20.356 -29.189  -1.858  -0.667  -0.172  -0.188
  369 18000  4.50 -1.00  2.00  0.00  0.00 -21.345 -21.118 -20.352 -29.189  -1.862  -0.650  -0.162  -0.178
  370 18000  5.00 -1.00  2.00  0.00  0.00 -21.322 -21.104 -20.352 -29.189  -1.863  -0.640  -0.149  -0.165
  371 19000  2.50 -1.00  2.00  0.00  0.00 -21.695 -21.276 -20.498 -29.423  -1.952  -0.845  -0.175  -0.191
  372 19000  3.00 -1.00  2.00  0.00  0.00 -21.622 -21.273 -20.481 -29.423  -1.969  -0.775  -0.189  -0.205
  373 19000  3.50 -1.00  2.00  0.00  0.00 -21.566 -21.257 -20.464 -29.423  -1.985  -0.734  -0.189  -0.205
  374 19000  4.00 -1.00  2.00  0.00  0.00 -21.523 -21.240 -20.453 -29.423  -1.997  -0.708  -0.183  -0.199
  375 19000  4.50 -1.00  2.00  0.00  0.00 -21.491 -21.224 -20.447 -29.423  -2.003  -0.691  -0.174  -0.190
  376 19000  5.00 -1.00  2.00  0.00  0.00 -21.467 -21.209 -20.445 -29.423  -2.004  -0.681  -0.161  -0.177
  377 20000  3.00 -1.00  2.00  0.00  0.00 -21.769 -21.381 -20.580 -29.646  -2.092  -0.815  -0.197  -0.213
  378 20000  3.50 -1.00  2.00  0.00  0.00 -21.709 -21.362 -20.560 -29.646  -2.112  -0.773  -0.198  -0.214
  379 20000  4.00 -1.00  2.00  0.00  0.00 -21.663 -21.342 -20.546 -29.646  -2.127  -0.746  -0.193  -0.209
  380 20000  4.50 -1.00  2.00  0.00  0.00 -21.630 -21.325 -20.538 -29.646  -2.135  -0.729  -0.184  -0.200
  381 20000  5.00 -1.00  2.00  0.00  0.00 -21.605 -21.310 -20.534 -29.646  -2.138  -0.719  -0.172  -0.188
  382 21000  3.00 -1.00  2.00  0.00  0.00 -21.910 -21.485 -20.677 -29.858  -2.207  -0.852  -0.205  -0.221
  383 21000  3.50 -1.00  2.00  0.00  0.00 -21.845 -21.463 -20.652 -29.858  -2.232  -0.808  -0.207  -0.223
  384 21000  4.00 -1.00  2.00  0.00  0.00 -21.797 -21.441 -20.635 -29.858  -2.249  -0.781  -0.203  -0.219
  385 21000  4.50 -1.00  2.00  0.00  0.00 -21.761 -21.422 -20.625 -29.858  -2.259  -0.764  -0.194  -0.210
  386 21000  5.00 -1.00  2.00  0.00  0.00 -21.736 -21.406 -20.620 -29.858  -2.264  -0.754  -0.182  -0.198
  387 22000  3.00 -1.00  2.00  0.00  0.00 -22.046 -21.586 -20.771 -30.060  -2.316  -0.887  -0.212  -0.228
  388 22000  3.50 -1.00  2.00  0.00  0.00 -21.975 -21.560 -20.742 -30.060  -2.344  -0.841  -0.215  -0.231
  389 22000  4.00 -1.00  2.00  0.00  0.00 -21.923 -21.536 -20.721 -30.060  -2.365  -0.813  -0.211  -0.227
  390 22000  4.50 -1.00  2.00  0.00  0.00 -21.886 -21.516 -20.709 -30.060  -2.377  -0.796  -0.203  -0.219
  391 22000  5.00 -1.00  2.00  0.00  0.00 -21.860 -21.498 -20.703 -30.060  -2.383  -0.786  -0.192  -0.208
  392 23000  3.00 -1.00  2.00  0.00  0.00 -22.176 -21.684 -20.862 -30.253  -2.417  -0.919  -0.218  -0.234
  393 23000  3.50 -1.00  2.00  0.00  0.00 -22.100 -21.655 -20.829 -30.253  -2.450  -0.872  -0.223  -0.239
  394 23000  4.00 -1.00  2.00  0.00  0.00 -22.045 -21.628 -20.806 -30.253  -2.474  -0.843  -0.219  -0.235
  395 23000  4.50 -1.00  2.00  0.00  0.00 -22.006 -21.606 -20.791 -30.253  -2.488  -0.826  -0.212  -0.228
  396 23000  5.00 -1.00  2.00  0.00  0.00 -21.979 -21.588 -20.783 -30.253  -2.496  -0.816  -0.201  -0.217
  397 24000  3.00 -1.00  2.00  0.00  0.00 -22.302 -21.781 -20.952 -30.438  -2.512  -0.949  -0.225  -0.241
  398 24000  3.50 -1.00  2.00  0.00  0.00 -22.220 -21.747 -20.914 -30.438  -2.550  -0.900  -0.230  -0.246
  399 24000  4.00 -1.00  2.00  0.00  0.00 -22.162 -21.718 -20.888 -30.438  -2.576  -0.871  -0.227  -0.243
  400 24000  4.50 -1.00  2.00  0.00  0.00 -22.121 -21.694 -20.871 -30.438  -2.593  -0.853  -0.220  -0.236
  401 24000  5.00 -1.00  2.00  0.00  0.00 -22.092 -21.675 -20.861 -30.438  -2.603  -0.843  -0.210  -0.226
  402 25000  3.00 -1.00  2.00  0.00  0.00 -22.429 -21.880 -21.045 -30.615  -2.597  -0.978  -0.231  -0.247
  403 25000  3.50 -1.00  2.00  0.00  0.00 -22.335 -21.837 -20.997 -30.615  -2.644  -0.926  -0.237  -0.253
  404 25000  4.00 -1.00  2.00  0.00  0.00 -22.274 -21.805 -20.968 -30.615  -2.674  -0.896  -0.234  -0.250
  405 25000  4.50 -1.00  2.00  0.00  0.00 -22.231 -21.780 -20.949 -30.615  -2.693  -0.878  -0.228  -0.244
  406 25000  5.00 -1.00  2.00  0.00  0.00 -22.202 -21.759 -20.938 -30.615  -2.704  -0.868  -0.218  -0.234
  407 26000  3.00 -1.00  2.00  0.00  0.00 -22.561 -21.980 -21.142 -30.786  -2.670  -1.009  -0.235  -0.251
  408 26000  3.50 -1.00  2.00  0.00  0.00 -22.449 -21.927 -21.080 -30.786  -2.732  -0.950  -0.244  -0.260
  409 26000  4.00 -1.00  2.00  0.00  0.00 -22.384 -21.891 -21.046 -30.786  -2.765  -0.920  -0.241  -0.257
  410 26000  4.50 -1.00  2.00  0.00  0.00 -22.339 -21.864 -21.025 -30.786  -2.786  -0.902  -0.235  -0.251
  411 26000  5.00 -1.00  2.00  0.00  0.00 -22.308 -21.842 -21.013 -30.786  -2.799  -0.892  -0.226  -0.242
  412 27000  3.50 -1.00  2.00  0.00  0.00 -22.563 -22.019 -21.164 -30.949  -2.811  -0.973  -0.251  -0.267
  413 27000  4.00 -1.00  2.00  0.00  0.00 -22.490 -21.976 -21.124 -30.949  -2.851  -0.942  -0.248  -0.264
  414 27000  4.50 -1.00  2.00  0.00  0.00 -22.444 -21.946 -21.101 -30.949  -2.875  -0.925  -0.242  -0.258
  415 27000  5.00 -1.00  2.00  0.00  0.00 -22.412 -21.924 -21.087 -30.949  -2.889  -0.915  -0.233  -0.249
  416 28000  3.50 -1.00  2.00  0.00  0.00 -22.678 -22.112 -21.251 -31.107  -2.882  -0.996  -0.257  -0.273
  417 28000  4.00 -1.00  2.00  0.00  0.00 -22.596 -22.061 -21.203 -31.107  -2.931  -0.963  -0.255  -0.271
  418 28000  4.50 -1.00  2.00  0.00  0.00 -22.546 -22.028 -21.176 -31.107  -2.958  -0.945  -0.249  -0.265
  419 28000  5.00 -1.00  2.00  0.00  0.00 -22.514 -22.005 -21.161 -31.107  -2.973  -0.936  -0.241  -0.257
  420 29000  3.50 -1.00  2.00  0.00  0.00 -22.793 -22.204 -21.339 -31.260  -2.947  -1.018  -0.262  -0.278
  421 29000  4.00 -1.00  2.00  0.00  0.00 -22.703 -22.148 -21.282 -31.260  -3.003  -0.983  -0.262  -0.278
  422 29000  4.50 -1.00  2.00  0.00  0.00 -22.648 -22.111 -21.251 -31.260  -3.035  -0.965  -0.256  -0.272
  423 29000  5.00 -1.00  2.00  0.00  0.00 -22.614 -22.085 -21.234 -31.260  -3.052  -0.956  -0.248  -0.264
  424 30000  3.50 -1.00  2.00  0.00  0.00 -22.899 -22.290 -21.421 -31.407  -3.012  -1.039  -0.265  -0.281
  425 30000  4.00 -1.00  2.00  0.00  0.00 -22.809 -22.235 -21.363 -31.407  -3.070  -1.003  -0.268  -0.284
  426 30000  4.50 -1.00  2.00  0.00  0.00 -22.750 -22.194 -21.327 -31.407  -3.106  -0.984  -0.263  -0.279
  427 30000  5.00 -1.00  2.00  0.00  0.00 -22.713 -22.166 -21.308 -31.407  -3.126  -0.975  -0.255  -0.271
  428 31000  3.50 -1.00  2.00  0.00  0.00 -22.993 -22.367 -21.496 -31.549  -3.079  -1.055  -0.267  -0.283
  429 31000  4.00 -1.00  2.00  0.00  0.00 -22.913 -22.320 -21.443 -31.549  -3.132  -1.022  -0.274  -0.290
  430 31000  4.50 -1.00  2.00  0.00  0.00 -22.851 -22.277 -21.404 -31.549  -3.172  -1.003  -0.269  -0.285
  431 31000  5.00 -1.00  2.00  0.00  0.00 -22.812 -22.247 -21.382 -31.549  -3.194  -0.993  -0.262  -0.278
  432 32000  4.00 -1.00  2.00  0.00  0.00 -23.010 -22.401 -21.520 -31.687  -3.194  -1.038  -0.278  -0.294
  433 32000  4.50 -1.00  2.00  0.00  0.00 -22.949 -22.358 -21.479 -31.687  -3.234  -1.020  -0.275  -0.291
  434 32000  5.00 -1.00  2.00  0.00  0.00 -22.909 -22.327 -21.455 -31.687  -3.258  -1.010  -0.268  -0.284
  435 33000  4.00 -1.00  2.00  0.00  0.00 -23.096 -22.473 -21.588 -31.821  -3.259  -1.052  -0.282  -0.298
  436 33000  4.50 -1.00  2.00  0.00  0.00 -23.043 -22.437 -21.553 -31.821  -3.294  -1.035  -0.281  -0.297
  437 33000  5.00 -1.00  2.00  0.00  0.00 -23.002 -22.405 -21.527 -31.821  -3.320  -1.026  -0.274  -0.290
  438 34000  4.00 -1.00  2.00  0.00  0.00 -23.171 -22.538 -21.650 -31.951  -3.327  -1.063  -0.284  -0.300
  439 34000  4.50 -1.00  2.00  0.00  0.00 -23.129 -22.510 -21.621 -31.951  -3.356  -1.048  -0.285  -0.301
  440 34000  5.00 -1.00  2.00  0.00  0.00 -23.092 -22.481 -21.597 -31.951  -3.379  -1.040  -0.280  -0.296
  441 35000  4.00 -1.00  2.00  0.00  0.00 -23.237 -22.594 -21.704 -32.077  -3.398  -1.073  -0.286  -0.302
  442 35000  4.50 -1.00  2.00  0.00  0.00 -23.205 -22.575 -21.683 -32.077  -3.420  -1.059  -0.289  -0.305
  443 35000  5.00 -1.00  2.00  0.00  0.00 -23.173 -22.550 -21.662 -32.077  -3.441  -1.052  -0.285  -0.301
  444 36000  4.00 -1.00  2.00  0.00  0.00 -23.293 -22.642 -21.751 -32.199  -3.474  -1.081  -0.288  -0.304
  445 36000  4.50 -1.00  2.00  0.00  0.00 -23.272 -22.633 -21.738 -32.199  -3.487  -1.069  -0.292  -0.308
  446 36000  5.00 -1.00  2.00  0.00  0.00 -23.246 -22.613 -21.721 -32.199  -3.504  -1.062  -0.289  -0.305
  447 37000  4.00 -1.00  2.00  0.00  0.00 -23.340 -22.683 -21.790 -32.318  -3.554  -1.087  -0.289  -0.305
  448 37000  4.50 -1.00  2.00  0.00  0.00 -23.330 -22.684 -21.786 -32.318  -3.558  -1.076  -0.294  -0.310
  449 37000  5.00 -1.00  2.00  0.00  0.00 -23.311 -22.670 -21.774 -32.318  -3.570  -1.071  -0.292  -0.308
  450 38000  4.00 -1.00  2.00  0.00  0.00 -23.381 -22.720 -21.825 -32.434  -3.634  -1.092  -0.291  -0.307
  451 38000  4.50 -1.00  2.00  0.00  0.00 -23.380 -22.728 -21.828 -32.434  -3.632  -1.082  -0.296  -0.312
  452 38000  5.00 -1.00  2.00  0.00  0.00 -23.368 -22.720 -21.822 -32.434  -3.638  -1.078  -0.295  -0.311
  453 39000  4.00 -1.00  2.00  0.00  0.00 -23.419 -22.754 -21.857 -32.546  -3.715  -1.096  -0.293  -0.309
  454 39000  4.50 -1.00  2.00  0.00  0.00 -23.423 -22.766 -21.865 -32.546  -3.708  -1.087  -0.298  -0.314
  455 39000  5.00 -1.00  2.00  0.00  0.00 -23.418 -22.764 -21.863 -32.546  -3.709  -1.083  -0.298  -0.314
  456 40000  4.50 -1.00  2.00  0.00  0.00 -23.462 -22.801 -21.897 -32.656  -3.786  -1.091  -0.300  -0.316
  457 40000  5.00 -1.00  2.00  0.00  0.00 -23.461 -22.803 -21.899 -32.656  -3.783  -1.088  -0.300  -0.316
  458 41000  4.50 -1.00  2.00  0.00  0.00 -23.497 -22.832 -21.927 -32.764  -3.863  -1.095  -0.302  -0.318
  459 41000  5.00 -1.00  2.00  0.00  0.00 -23.499 -22.837 -21.932 -32.764  -3.858  -1.092  -0.302  -0.318
  460 42000  4.50 -1.00  2.00  0.00  0.00 -23.530 -22.862 -21.955 -32.868  -3.940  -1.098  -0.304  -0.320
  461 42000  5.00 -1.00  2.00  0.00  0.00 -23.533 -22.868 -21.961 -32.868  -3.934  -1.095  -0.304  -0.320
  462 43000  4.50 -1.00  2.00  0.00  0.00 -23.562 -22.891 -21.982 -32.971  -4.015  -1.101  -0.306  -0.322
  463 43000  5.00 -1.00  2.00  0.00  0.00 -23.565 -22.897 -21.988 -32.971  -4.009  -1.098  -0.306  -0.322
  464 44000  4.50 -1.00  2.00  0.00  0.00 -23.593 -22.919 -22.008 -33.070  -4.089  -1.104  -0.307  -0.323
  465 44000  5.00 -1.00  2.00  0.00  0.00 -23.595 -22.925 -22.013 -33.070  -4.083  -1.101  -0.308  -0.324
  466 45000  4.50 -1.00  2.00  0.00  0.00 -23.622 -22.946 -22.034 -33.168  -4.161  -1.107  -0.309  -0.325
  467 45000  5.00 -1.00  2.00  0.00  0.00 -23.624 -22.951 -22.038 -33.168  -4.156  -1.103  -0.310  -0.326
  468 46000  4.50 -1.00  2.00  0.00  0.00 -23.652 -22.972 -22.059 -33.263  -4.231  -1.110  -0.310  -0.326
  469 46000  5.00 -1.00  2.00  0.00  0.00 -23.652 -22.976 -22.062 -33.263  -4.228  -1.106  -0.311  -0.327
  470 47000  4.50 -1.00  2.00  0.00  0.00 -23.680 -22.998 -22.083 -33.357  -4.300  -1.113  -0.311  -0.327
  471 47000  5.00 -1.00  2.00  0.00  0.00 -23.679 -23.001 -22.085 -33.357  -4.298  -1.109  -0.313  -0.329
  472 48000  4.50 -1.00  2.00  0.00  0.00 -23.708 -23.023 -22.107 -33.448  -4.367  -1.116  -0.312  -0.328
  473 48000  5.00 -1.00  2.00  0.00  0.00 -23.706 -23.026 -22.108 -33.448  -4.367  -1.111  -0.314  -0.330
  474 49000  4.50 -1.00  2.00  0.00  0.00 -23.735 -23.048 -22.131 -33.538  -4.433  -1.118  -0.313  -0.329
  475 49000  5.00 -1.00  2.00  0.00  0.00 -23.732 -23.049 -22.130 -33.538  -4.434  -1.113  -0.315  -0.331
  476 50000  5.00 -1.00  2.00  0.00  0.00 -23.758 -23.073 -22.153 -33.626  -4.499  -1.116  -0.317  -0.333