TEFF   4500.  GRAVITY 2.50000 LTE
TITLE  [-1.0] VTURB=2  L/H=1.25 NOVER NEW ODF
OPACITY IFOP 1 1 1 1 1 1 1 1 1 1 1 1 1 0 1 0 0 0 0 0
CONVECTION ON   1.25 TURBULENCE OFF  0.00  0.00  0.00  0.00
ABUNDANCE SCALE   0.10000 ABUNDANCE CHANGE 1 0.92140 2 0.07843
ABUNDANCE CHANGE  3 -10.94  4 -10.64  5  -9.49  6  -3.52  7  -4.12  8  -3.21
ABUNDANCE CHANGE  9  -7.48 10  -3.96 11  -5.71 12  -4.46 13  -5.57 14  -4.49
ABUNDANCE CHANGE 15  -6.59 16  -4.71 17  -6.54 18  -5.64 19  -6.92 20  -5.68
ABUNDANCE CHANGE 21  -8.87 22  -7.02 23  -8.04 24  -6.37 25  -6.65 26  -4.54
ABUNDANCE CHANGE 27  -7.12 28  -5.79 29  -7.83 30  -7.44 31  -9.16 32  -8.63
ABUNDANCE CHANGE 33  -9.67 34  -8.63 35  -9.41 36  -8.73 37  -9.44 38  -9.07
ABUNDANCE CHANGE 39  -9.80 40  -9.44 41 -10.62 42 -10.12 43 -20.00 44 -10.20
ABUNDANCE CHANGE 45 -10.92 46 -10.35 47 -11.10 48 -10.27 49 -10.38 50 -10.04
ABUNDANCE CHANGE 51 -11.04 52  -9.80 53 -10.53 54  -9.87 55 -10.91 56  -9.91
ABUNDANCE CHANGE 57 -10.87 58 -10.46 59 -11.33 60 -10.54 61 -20.00 62 -11.03
ABUNDANCE CHANGE 63 -11.53 64 -10.92 65 -11.69 66 -10.90 67 -11.78 68 -11.11
ABUNDANCE CHANGE 69 -12.04 70 -10.96 71 -11.98 72 -11.16 73 -12.17 74 -10.93
ABUNDANCE CHANGE 75 -11.76 76 -10.59 77 -10.69 78 -10.24 79 -11.03 80 -10.91
ABUNDANCE CHANGE 81 -11.14 82 -10.09 83 -11.33 84 -20.00 85 -20.00 86 -20.00
ABUNDANCE CHANGE 87 -20.00 88 -20.00 89 -20.00 90 -11.95 91 -20.00 92 -12.54
ABUNDANCE CHANGE 93 -20.00 94 -20.00 95 -20.00 96 -20.00 97 -20.00 98 -20.00
ABUNDANCE CHANGE 99 -20.00
READ DECK6 72 RHOX,T,P,XNE,ABROSS,ACCRAD,VTURB, FLXCNV,VCONV,VELSND
1.33966537E-02   2583.0 4.236E+00 1.334E+07 9.954E-06 1.344E-03 2.000E+05 0.000E+00 0.000E+00 5.265E+05
1.76776707E-02   2617.7 5.590E+00 1.842E+07 1.082E-05 1.341E-03 2.000E+05 0.000E+00 0.000E+00 5.231E+05
2.29106790E-02   2652.1 7.245E+00 2.510E+07 1.184E-05 1.325E-03 2.000E+05 0.000E+00 0.000E+00 5.219E+05
2.93031480E-02   2687.5 9.266E+00 3.396E+07 1.290E-05 1.306E-03 2.000E+05 0.000E+00 0.000E+00 5.226E+05
3.71264773E-02   2724.2 1.174E+01 4.584E+07 1.405E-05 1.284E-03 2.000E+05 0.000E+00 0.000E+00 5.246E+05
4.66714202E-02   2762.5 1.476E+01 6.182E+07 1.542E-05 1.264E-03 2.000E+05 0.000E+00 0.000E+00 5.278E+05
5.81644735E-02   2802.2 1.839E+01 8.316E+07 1.722E-05 1.244E-03 2.000E+05 0.000E+00 0.000E+00 5.318E+05
7.19316839E-02   2842.0 2.275E+01 1.110E+08 1.907E-05 1.225E-03 2.000E+05 0.000E+00 0.000E+00 5.362E+05
8.85698452E-02   2882.4 2.801E+01 1.476E+08 2.102E-05 1.207E-03 2.000E+05 0.000E+00 0.000E+00 5.408E+05
1.08311669E-01   2923.7 3.425E+01 1.953E+08 2.405E-05 1.190E-03 2.000E+05 0.000E+00 0.000E+00 5.458E+05
1.31272849E-01   2963.8 4.151E+01 2.547E+08 2.761E-05 1.175E-03 2.000E+05 0.000E+00 0.000E+00 5.506E+05
1.58017106E-01   3003.0 4.997E+01 3.283E+08 3.153E-05 1.162E-03 2.000E+05 0.000E+00 0.000E+00 5.553E+05
1.89079098E-01   3041.3 5.979E+01 4.186E+08 3.642E-05 1.147E-03 2.000E+05 0.000E+00 0.000E+00 5.598E+05
2.24814555E-01   3078.6 7.109E+01 5.275E+08 4.229E-05 1.134E-03 2.000E+05 0.000E+00 0.000E+00 5.641E+05
2.65959401E-01   3114.8 8.410E+01 6.581E+08 4.884E-05 1.127E-03 2.000E+05 0.000E+00 0.000E+00 5.682E+05
3.13556090E-01   3150.6 9.916E+01 8.151E+08 5.625E-05 1.126E-03 2.000E+05 0.000E+00 0.000E+00 5.722E+05
3.68238504E-01   3185.4 1.164E+02 1.001E+09 6.577E-05 1.113E-03 2.000E+05 0.000E+00 0.000E+00 5.760E+05
4.30641712E-01   3218.9 1.362E+02 1.218E+09 7.677E-05 1.103E-03 2.000E+05 0.000E+00 0.000E+00 5.796E+05
5.02135292E-01   3251.3 1.588E+02 1.470E+09 8.910E-05 1.099E-03 2.000E+05 0.000E+00 0.000E+00 5.829E+05
5.84463792E-01   3283.0 1.848E+02 1.766E+09 1.030E-04 1.102E-03 2.000E+05 0.000E+00 0.000E+00 5.861E+05
6.79566590E-01   3314.2 2.149E+02 2.112E+09 1.188E-04 1.110E-03 2.000E+05 0.000E+00 0.000E+00 5.892E+05
7.89276062E-01   3345.1 2.496E+02 2.518E+09 1.376E-04 1.109E-03 2.000E+05 0.000E+00 0.000E+00 5.921E+05
9.15743229E-01   3375.2 2.896E+02 2.988E+09 1.590E-04 1.119E-03 2.000E+05 0.000E+00 0.000E+00 5.949E+05
1.06166784E+00   3404.7 3.357E+02 3.534E+09 1.838E-04 1.137E-03 2.000E+05 0.000E+00 0.000E+00 5.976E+05
1.22999596E+00   3434.3 3.890E+02 4.173E+09 2.125E-04 1.158E-03 2.000E+05 0.000E+00 0.000E+00 6.003E+05
1.42446429E+00   3462.5 4.505E+02 4.906E+09 2.446E-04 1.201E-03 2.000E+05 0.000E+00 0.000E+00 6.027E+05
1.65255764E+00   3497.2 5.226E+02 5.834E+09 2.751E-04 1.054E-03 2.000E+05 0.000E+00 0.000E+00 6.061E+05
1.92311447E+00   3526.0 6.081E+02 6.874E+09 3.095E-04 9.613E-04 2.000E+05 0.000E+00 0.000E+00 6.085E+05
2.24310344E+00   3551.0 7.093E+02 8.051E+09 3.496E-04 9.221E-04 2.000E+05 0.000E+00 0.000E+00 6.101E+05
2.62049426E+00   3571.8 8.287E+02 9.374E+09 3.956E-04 9.213E-04 2.000E+05 0.000E+00 0.000E+00 6.111E+05
3.06457583E+00   3592.6 9.691E+02 1.091E+10 4.491E-04 9.377E-04 2.000E+05 0.000E+00 0.000E+00 6.119E+05
3.58743054E+00   3605.6 1.134E+03 1.256E+10 5.075E-04 9.867E-04 2.000E+05 0.000E+00 0.000E+00 6.114E+05
4.20030670E+00   3629.7 1.328E+03 1.470E+10 5.811E-04 1.030E-03 2.000E+05 0.000E+00 0.000E+00 6.126E+05
4.91931084E+00   3635.8 1.556E+03 1.673E+10 6.556E-04 1.117E-03 2.000E+05 0.000E+00 0.000E+00 6.107E+05
5.76587315E+00   3645.7 1.823E+03 1.914E+10 7.460E-04 1.236E-03 2.000E+05 0.000E+00 0.000E+00 6.093E+05
6.75661005E+00   3656.2 2.137E+03 2.192E+10 8.501E-04 1.371E-03 2.000E+05 0.000E+00 0.000E+00 6.078E+05
7.91519505E+00   3667.8 2.503E+03 2.513E+10 9.706E-04 1.526E-03 2.000E+05 0.000E+00 0.000E+00 6.064E+05
9.26646401E+00   3680.7 2.930E+03 2.885E+10 1.111E-03 1.705E-03 2.000E+05 0.000E+00 0.000E+00 6.052E+05
1.08382823E+01   3695.3 3.427E+03 3.318E+10 1.276E-03 1.913E-03 2.000E+05 0.000E+00 0.000E+00 6.042E+05
1.26589451E+01   3712.3 4.003E+03 3.826E+10 1.472E-03 2.156E-03 2.000E+05 0.000E+00 0.000E+00 6.037E+05
1.47581979E+01   3732.2 4.667E+03 4.426E+10 1.707E-03 2.445E-03 2.000E+05 0.000E+00 0.000E+00 6.037E+05
1.71655150E+01   3755.7 5.428E+03 5.141E+10 1.991E-03 2.793E-03 2.000E+05 0.000E+00 0.000E+00 6.044E+05
1.99069528E+01   3783.9 6.295E+03 6.002E+10 2.340E-03 3.232E-03 2.000E+05 0.000E+00 0.000E+00 6.061E+05
2.30114408E+01   3820.8 7.277E+03 7.080E+10 2.756E-03 3.691E-03 2.000E+05 0.000E+00 0.000E+00 6.096E+05
2.65441529E+01   3861.8 8.394E+03 8.377E+10 3.215E-03 4.094E-03 2.000E+05 0.000E+00 0.000E+00 6.138E+05
3.05800687E+01   3906.3 9.670E+03 9.930E+10 3.758E-03 4.573E-03 2.000E+05 0.000E+00 0.000E+00 6.186E+05
3.51749956E+01   3957.3 1.112E+04 1.183E+11 4.410E-03 5.137E-03 2.000E+05 0.000E+00 0.000E+00 6.239E+05
4.03933711E+01   4015.6 1.277E+04 1.416E+11 5.180E-03 5.767E-03 2.000E+05 0.000E+00 0.000E+00 6.316E+05
4.63153615E+01   4082.5 1.465E+04 1.701E+11 6.090E-03 6.477E-03 2.000E+05 0.000E+00 0.000E+00 6.400E+05
5.30244313E+01   4160.1 1.677E+04 2.054E+11 7.172E-03 7.297E-03 2.000E+05 0.000E+00 0.000E+00 6.497E+05
6.06341315E+01   4249.4 1.917E+04 2.491E+11 8.421E-03 8.178E-03 2.000E+05 0.000E+00 0.000E+00 6.609E+05
6.92735201E+01   4352.0 2.191E+04 3.041E+11 9.906E-03 9.196E-03 2.000E+05 0.000E+00 0.000E+00 6.733E+05
7.90017942E+01   4471.5 2.498E+04 3.776E+11 1.183E-02 1.056E-02 2.000E+05 0.000E+00 0.000E+00 6.871E+05
8.97427678E+01   4608.9 2.838E+04 4.866E+11 1.448E-02 1.244E-02 2.000E+05 0.000E+00 0.000E+00 7.019E+05
1.01219061E+02   4762.6 3.201E+04 6.714E+11 1.852E-02 1.521E-02 2.000E+05 0.000E+00 0.000E+00 7.172E+05
1.12631972E+02   4939.7 3.562E+04 1.028E+12 2.616E-02 2.086E-02 2.000E+05 2.482E-08 8.620E+02 7.335E+05
1.22908193E+02   5143.0 3.887E+04 1.753E+12 4.048E-02 3.158E-02 2.000E+05 7.196E-05 1.214E+04 7.506E+05
1.31431059E+02   5378.6 4.156E+04 3.282E+12 6.735E-02 5.158E-02 2.000E+05 3.349E-03 4.340E+04 7.685E+05
1.38051985E+02   5651.6 4.365E+04 6.591E+12 1.186E-01 8.865E-02 2.000E+05 2.061E-02 7.935E+04 7.870E+05
1.42972247E+02   5958.5 4.521E+04 1.362E+13 2.143E-01 1.479E-01 2.000E+05 7.217E-02 1.196E+05 8.049E+05
1.46707621E+02   6253.4 4.639E+04 2.581E+13 3.635E-01 2.066E-01 2.000E+05 2.563E-01 1.840E+05 8.188E+05
1.49792325E+02   6508.5 4.736E+04 4.299E+13 5.597E-01 2.356E-01 2.000E+05 4.613E-01 2.243E+05 8.279E+05
1.52576833E+02   6726.3 4.824E+04 6.462E+13 7.973E-01 2.396E-01 2.000E+05 6.156E-01 2.449E+05 8.337E+05
1.55249421E+02   6921.0 4.909E+04 9.117E+13 1.084E+00 2.362E-01 2.000E+05 7.207E-01 2.550E+05 8.374E+05
1.57921115E+02   7098.1 4.993E+04 1.228E+14 1.422E+00 2.310E-01 2.000E+05 7.914E-01 2.594E+05 8.397E+05
1.60662855E+02   7265.5 5.080E+04 1.608E+14 1.832E+00 2.270E-01 2.000E+05 8.410E-01 2.609E+05 8.414E+05
1.63526895E+02   7424.6 5.170E+04 2.057E+14 2.320E+00 2.209E-01 2.000E+05 8.771E-01 2.599E+05 8.426E+05
1.66558884E+02   7579.2 5.266E+04 2.588E+14 2.909E+00 2.158E-01 2.000E+05 9.052E-01 2.591E+05 8.437E+05
1.69793610E+02   7731.4 5.368E+04 3.220E+14 3.624E+00 2.083E-01 2.000E+05 9.252E-01 2.546E+05 8.449E+05
1.73277902E+02   7877.5 5.479E+04 3.943E+14 4.465E+00 2.026E-01 2.000E+05 9.423E-01 2.532E+05 8.462E+05
1.77035844E+02   8029.0 5.597E+04 4.830E+14 5.525E+00 1.954E-01 2.000E+05 9.540E-01 2.472E+05 8.479E+05
1.81124006E+02   8168.5 5.727E+04 5.793E+14 6.710E+00 2.009E-01 2.000E+05 9.616E-01 2.438E+05 8.500E+05
PRADK 5.4636E-01
BEGIN                    ITERATION  15 COMPLETED
