TEFF   5000.  GRAVITY 0.50000 LTE
TITLE  [-1.0] VTURB=2  L/H=1.25 NOVER NEW ODF
OPACITY IFOP 1 1 1 1 1 1 1 1 1 1 1 1 1 0 1 0 0 0 0 0
CONVECTION ON   1.25 TURBULENCE OFF  0.00  0.00  0.00  0.00
ABUNDANCE SCALE   0.10000 ABUNDANCE CHANGE 1 0.92140 2 0.07843
ABUNDANCE CHANGE  3 -10.94  4 -10.64  5  -9.49  6  -3.52  7  -4.12  8  -3.21
ABUNDANCE CHANGE  9  -7.48 10  -3.96 11  -5.71 12  -4.46 13  -5.57 14  -4.49
ABUNDANCE CHANGE 15  -6.59 16  -4.71 17  -6.54 18  -5.64 19  -6.92 20  -5.68
ABUNDANCE CHANGE 21  -8.87 22  -7.02 23  -8.04 24  -6.37 25  -6.65 26  -4.54
ABUNDANCE CHANGE 27  -7.12 28  -5.79 29  -7.83 30  -7.44 31  -9.16 32  -8.63
ABUNDANCE CHANGE 33  -9.67 34  -8.63 35  -9.41 36  -8.73 37  -9.44 38  -9.07
ABUNDANCE CHANGE 39  -9.80 40  -9.44 41 -10.62 42 -10.12 43 -20.00 44 -10.20
ABUNDANCE CHANGE 45 -10.92 46 -10.35 47 -11.10 48 -10.27 49 -10.38 50 -10.04
ABUNDANCE CHANGE 51 -11.04 52  -9.80 53 -10.53 54  -9.87 55 -10.91 56  -9.91
ABUNDANCE CHANGE 57 -10.87 58 -10.46 59 -11.33 60 -10.54 61 -20.00 62 -11.03
ABUNDANCE CHANGE 63 -11.53 64 -10.92 65 -11.69 66 -10.90 67 -11.78 68 -11.11
ABUNDANCE CHANGE 69 -12.04 70 -10.96 71 -11.98 72 -11.16 73 -12.17 74 -10.93
ABUNDANCE CHANGE 75 -11.76 76 -10.59 77 -10.69 78 -10.24 79 -11.03 80 -10.91
ABUNDANCE CHANGE 81 -11.14 82 -10.09 83 -11.33 84 -20.00 85 -20.00 86 -20.00
ABUNDANCE CHANGE 87 -20.00 88 -20.00 89 -20.00 90 -11.95 91 -20.00 92 -12.54
ABUNDANCE CHANGE 93 -20.00 94 -20.00 95 -20.00 96 -20.00 97 -20.00 98 -20.00
ABUNDANCE CHANGE 99 -20.00
READ DECK6 72 RHOX,T,P,XNE,ABROSS,ACCRAD,VTURB, FLXCNV,VCONV,VELSND
1.22778881E-02   2727.4 3.881E-02 7.486E+05 1.086E-05 1.522E-03 2.000E+05 0.000E+00 0.000E+00 3.265E+06
1.62769552E-02   2763.2 5.145E-02 1.010E+06 1.138E-05 1.504E-03 2.000E+05 0.000E+00 0.000E+00 2.867E+06
2.13676058E-02   2799.9 6.754E-02 1.350E+06 1.192E-05 1.447E-03 2.000E+05 0.000E+00 0.000E+00 2.533E+06
2.78366898E-02   2838.6 8.799E-02 1.792E+06 1.253E-05 1.405E-03 2.000E+05 0.000E+00 0.000E+00 2.251E+06
3.60212196E-02   2879.8 1.139E-01 2.365E+06 1.323E-05 1.371E-03 2.000E+05 0.000E+00 0.000E+00 2.011E+06
4.63344064E-02   2930.5 1.465E-01 3.121E+06 1.403E-05 1.245E-03 2.000E+05 0.000E+00 0.000E+00 1.808E+06
5.93314937E-02   2978.2 1.875E-01 4.063E+06 1.480E-05 1.160E-03 2.000E+05 0.000E+00 0.000E+00 1.632E+06
7.57810922E-02   3024.0 2.396E-01 5.243E+06 1.559E-05 1.110E-03 2.000E+05 0.000E+00 0.000E+00 1.480E+06
9.65722277E-02   3087.2 3.053E-01 6.775E+06 1.647E-05 9.535E-04 2.000E+05 0.000E+00 0.000E+00 1.352E+06
1.23030012E-01   3131.2 3.889E-01 8.630E+06 1.715E-05 8.906E-04 2.000E+05 0.000E+00 0.000E+00 1.237E+06
1.56788621E-01   3196.9 4.957E-01 1.102E+07 1.798E-05 7.633E-04 2.000E+05 0.000E+00 0.000E+00 1.141E+06
2.00015874E-01   3238.9 6.323E-01 1.398E+07 1.860E-05 7.030E-04 2.000E+05 0.000E+00 0.000E+00 1.055E+06
2.55620855E-01   3280.4 8.081E-01 1.776E+07 1.932E-05 6.638E-04 2.000E+05 0.000E+00 0.000E+00 9.805E+05
3.26887591E-01   3321.8 1.033E+00 2.256E+07 2.012E-05 6.317E-04 2.000E+05 0.000E+00 0.000E+00 9.176E+05
4.18372226E-01   3362.9 1.323E+00 2.869E+07 2.087E-05 5.957E-04 2.000E+05 0.000E+00 0.000E+00 8.649E+05
5.35661810E-01   3402.7 1.694E+00 3.650E+07 2.176E-05 5.701E-04 2.000E+05 0.000E+00 0.000E+00 8.211E+05
6.85227997E-01   3440.4 2.166E+00 4.641E+07 2.282E-05 5.525E-04 2.000E+05 0.000E+00 0.000E+00 7.852E+05
8.75550564E-01   3477.3 2.768E+00 5.899E+07 2.385E-05 5.226E-04 2.000E+05 0.000E+00 0.000E+00 7.562E+05
1.12076737E+00   3513.2 3.544E+00 7.514E+07 2.452E-05 4.630E-04 2.000E+05 0.000E+00 0.000E+00 7.327E+05
1.43699928E+00   3547.9 4.543E+00 9.592E+07 2.552E-05 4.215E-04 2.000E+05 0.000E+00 0.000E+00 7.139E+05
1.83977211E+00   3581.1 5.817E+00 1.223E+08 2.686E-05 3.900E-04 2.000E+05 0.000E+00 0.000E+00 6.993E+05
2.34729978E+00   3608.6 7.422E+00 1.553E+08 2.857E-05 3.715E-04 2.000E+05 0.000E+00 0.000E+00 6.877E+05
2.97915260E+00   3639.1 9.419E+00 1.964E+08 3.082E-05 3.609E-04 2.000E+05 0.000E+00 0.000E+00 6.794E+05
3.75365211E+00   3660.6 1.187E+01 2.460E+08 3.377E-05 3.734E-04 2.000E+05 0.000E+00 0.000E+00 6.726E+05
4.69123347E+00   3687.2 1.483E+01 3.063E+08 3.738E-05 3.917E-04 2.000E+05 0.000E+00 0.000E+00 6.682E+05
5.81585248E+00   3716.2 1.839E+01 3.790E+08 4.172E-05 4.138E-04 2.000E+05 0.000E+00 0.000E+00 6.655E+05
7.15319672E+00   3748.5 2.262E+01 4.665E+08 4.700E-05 4.415E-04 2.000E+05 0.000E+00 0.000E+00 6.642E+05
8.72771474E+00   3783.9 2.760E+01 5.717E+08 5.346E-05 4.773E-04 2.000E+05 0.000E+00 0.000E+00 6.639E+05
1.05760294E+01   3825.6 3.344E+01 7.006E+08 6.057E-05 4.951E-04 2.000E+05 0.000E+00 0.000E+00 6.649E+05
1.27611557E+01   3867.5 4.035E+01 8.589E+08 6.813E-05 4.915E-04 2.000E+05 0.000E+00 0.000E+00 6.664E+05
1.53465264E+01   3904.8 4.852E+01 1.049E+09 7.694E-05 4.907E-04 2.000E+05 0.000E+00 0.000E+00 6.678E+05
1.83940629E+01   3939.2 5.816E+01 1.277E+09 8.718E-05 4.934E-04 2.000E+05 0.000E+00 0.000E+00 6.692E+05
2.19758357E+01   3971.1 6.948E+01 1.548E+09 9.903E-05 4.990E-04 2.000E+05 0.000E+00 0.000E+00 6.720E+05
2.61746158E+01   4000.8 8.276E+01 1.868E+09 1.128E-04 5.104E-04 2.000E+05 0.000E+00 0.000E+00 6.721E+05
3.10851873E+01   4029.4 9.828E+01 2.248E+09 1.287E-04 5.257E-04 2.000E+05 0.000E+00 0.000E+00 6.736E+05
3.68190643E+01   4057.0 1.164E+02 2.696E+09 1.471E-04 5.461E-04 2.000E+05 0.000E+00 0.000E+00 6.752E+05
4.35023643E+01   4084.6 1.375E+02 3.229E+09 1.685E-04 5.700E-04 2.000E+05 0.000E+00 0.000E+00 6.768E+05
5.12775997E+01   4112.0 1.621E+02 3.862E+09 1.933E-04 5.975E-04 2.000E+05 0.000E+00 0.000E+00 6.786E+05
6.03086873E+01   4139.4 1.907E+02 4.611E+09 2.221E-04 6.294E-04 2.000E+05 0.000E+00 0.000E+00 6.804E+05
7.07818347E+01   4167.2 2.238E+02 5.503E+09 2.556E-04 6.664E-04 2.000E+05 0.000E+00 0.000E+00 6.822E+05
8.29002269E+01   4195.1 2.621E+02 6.562E+09 2.950E-04 7.136E-04 2.000E+05 0.000E+00 0.000E+00 6.842E+05
9.68789159E+01   4224.6 3.063E+02 7.841E+09 3.416E-04 7.694E-04 2.000E+05 0.000E+00 0.000E+00 6.863E+05
1.12942331E+02   4256.3 3.571E+02 9.400E+09 3.973E-04 8.376E-04 2.000E+05 0.000E+00 0.000E+00 6.886E+05
1.31310001E+02   4290.8 4.152E+02 1.133E+10 4.647E-04 9.198E-04 2.000E+05 0.000E+00 0.000E+00 6.911E+05
1.52179723E+02   4328.9 4.811E+02 1.376E+10 5.473E-04 1.020E-03 2.000E+05 0.000E+00 0.000E+00 6.940E+05
1.75696035E+02   4371.5 5.555E+02 1.688E+10 6.512E-04 1.145E-03 2.000E+05 0.000E+00 0.000E+00 6.972E+05
2.01813225E+02   4420.6 6.380E+02 2.103E+10 7.895E-04 1.321E-03 2.000E+05 0.000E+00 0.000E+00 7.009E+05
2.30275177E+02   4478.0 7.280E+02 2.679E+10 9.751E-04 1.553E-03 2.000E+05 0.000E+00 0.000E+00 7.053E+05
2.60662360E+02   4544.9 8.240E+02 3.505E+10 1.231E-03 1.870E-03 2.000E+05 0.000E+00 0.000E+00 7.103E+05
2.92446094E+02   4621.6 9.245E+02 4.716E+10 1.585E-03 2.286E-03 2.000E+05 0.000E+00 0.000E+00 7.160E+05
3.25018511E+02   4709.2 1.027E+03 6.545E+10 2.087E-03 2.864E-03 2.000E+05 0.000E+00 0.000E+00 7.223E+05
3.57500326E+02   4810.7 1.130E+03 9.438E+10 2.839E-03 3.731E-03 2.000E+05 0.000E+00 0.000E+00 7.295E+05
3.88628913E+02   4931.8 1.228E+03 1.432E+11 4.042E-03 5.133E-03 2.000E+05 0.000E+00 0.000E+00 7.376E+05
4.17223888E+02   5073.8 1.319E+03 2.279E+11 5.980E-03 7.374E-03 2.000E+05 1.585E-12 1.207E+02 7.465E+05
4.42470233E+02   5240.7 1.398E+03 3.810E+11 9.222E-03 1.112E-02 2.000E+05 1.634E-10 5.586E+02 7.559E+05
4.63848210E+02   5435.8 1.465E+03 6.675E+11 1.482E-02 1.758E-02 2.000E+05 5.238E-09 1.755E+03 7.650E+05
4.81216874E+02   5661.9 1.520E+03 1.217E+12 2.484E-02 2.917E-02 2.000E+05 1.389E-07 5.171E+03 7.726E+05
4.94663410E+02   5927.5 1.562E+03 2.317E+12 4.389E-02 5.140E-02 2.000E+05 3.926E-06 1.549E+04 7.774E+05
5.04583699E+02   6231.2 1.593E+03 4.515E+12 8.110E-02 9.541E-02 2.000E+05 1.150E-04 4.640E+04 7.780E+05
5.11455067E+02   6590.8 1.613E+03 9.157E+12 1.620E-01 1.925E-01 2.000E+05 2.188E-03 1.180E+05 7.756E+05
5.15801596E+02   7009.8 1.626E+03 1.896E+13 3.523E-01 3.921E-01 2.000E+05 2.021E-02 2.260E+05 7.756E+05
5.18553796E+02   7393.2 1.633E+03 3.414E+13 7.044E-01 5.767E-01 2.000E+05 3.055E-01 5.334E+05 7.825E+05
5.20609502E+02   7659.5 1.639E+03 4.943E+13 1.128E+00 5.437E-01 2.000E+05 6.032E-01 6.578E+05 7.919E+05
5.22487404E+02   7839.2 1.644E+03 6.241E+13 1.541E+00 4.451E-01 2.000E+05 7.496E-01 6.800E+05 8.004E+05
5.24376247E+02   7991.2 1.649E+03 7.526E+13 1.995E+00 3.873E-01 2.000E+05 8.360E-01 6.965E+05 8.089E+05
5.26359667E+02   8124.7 1.654E+03 8.806E+13 2.492E+00 3.406E-01 2.000E+05 8.839E-01 6.975E+05 8.174E+05
5.28503666E+02   8247.8 1.660E+03 1.012E+14 3.043E+00 3.074E-01 2.000E+05 9.145E-01 6.996E+05 8.261E+05
5.30858203E+02   8367.2 1.667E+03 1.151E+14 3.678E+00 2.828E-01 2.000E+05 9.354E-01 7.014E+05 8.353E+05
5.33469493E+02   8483.5 1.675E+03 1.300E+14 4.403E+00 2.588E-01 2.000E+05 9.497E-01 6.974E+05 8.451E+05
5.36390984E+02   8597.9 1.683E+03 1.457E+14 5.229E+00 2.434E-01 2.000E+05 9.612E-01 7.038E+05 8.555E+05
5.39664719E+02   8718.3 1.693E+03 1.634E+14 6.230E+00 2.273E-01 2.000E+05 9.688E-01 6.985E+05 8.673E+05
5.43362600E+02   8832.2 1.704E+03 1.813E+14 7.296E+00 2.259E-01 2.000E+05 9.738E-01 7.027E+05 8.792E+05
PRADK 8.3097E-01
BEGIN                    ITERATION  15 COMPLETED
