TEFF   5750.  GRAVITY 3.50000 LTE
TITLE  [-1.0] VTURB=2  L/H=1.25 NOVER NEW ODF
OPACITY IFOP 1 1 1 1 1 1 1 1 1 1 1 1 1 0 1 0 0 0 0 0
CONVECTION ON   1.25 TURBULENCE OFF  0.00  0.00  0.00  0.00
ABUNDANCE SCALE   0.10000 ABUNDANCE CHANGE 1 0.92140 2 0.07843
ABUNDANCE CHANGE  3 -10.94  4 -10.64  5  -9.49  6  -3.52  7  -4.12  8  -3.21
ABUNDANCE CHANGE  9  -7.48 10  -3.96 11  -5.71 12  -4.46 13  -5.57 14  -4.49
ABUNDANCE CHANGE 15  -6.59 16  -4.71 17  -6.54 18  -5.64 19  -6.92 20  -5.68
ABUNDANCE CHANGE 21  -8.87 22  -7.02 23  -8.04 24  -6.37 25  -6.65 26  -4.54
ABUNDANCE CHANGE 27  -7.12 28  -5.79 29  -7.83 30  -7.44 31  -9.16 32  -8.63
ABUNDANCE CHANGE 33  -9.67 34  -8.63 35  -9.41 36  -8.73 37  -9.44 38  -9.07
ABUNDANCE CHANGE 39  -9.80 40  -9.44 41 -10.62 42 -10.12 43 -20.00 44 -10.20
ABUNDANCE CHANGE 45 -10.92 46 -10.35 47 -11.10 48 -10.27 49 -10.38 50 -10.04
ABUNDANCE CHANGE 51 -11.04 52  -9.80 53 -10.53 54  -9.87 55 -10.91 56  -9.91
ABUNDANCE CHANGE 57 -10.87 58 -10.46 59 -11.33 60 -10.54 61 -20.00 62 -11.03
ABUNDANCE CHANGE 63 -11.53 64 -10.92 65 -11.69 66 -10.90 67 -11.78 68 -11.11
ABUNDANCE CHANGE 69 -12.04 70 -10.96 71 -11.98 72 -11.16 73 -12.17 74 -10.93
ABUNDANCE CHANGE 75 -11.76 76 -10.59 77 -10.69 78 -10.24 79 -11.03 80 -10.91
ABUNDANCE CHANGE 81 -11.14 82 -10.09 83 -11.33 84 -20.00 85 -20.00 86 -20.00
ABUNDANCE CHANGE 87 -20.00 88 -20.00 89 -20.00 90 -11.95 91 -20.00 92 -12.54
ABUNDANCE CHANGE 93 -20.00 94 -20.00 95 -20.00 96 -20.00 97 -20.00 98 -20.00
ABUNDANCE CHANGE 99 -20.00
READ DECK6 72 RHOX,T,P,XNE,ABROSS,ACCRAD,VTURB, FLXCNV,VCONV,VELSND
3.09336983E-03   3901.0 9.782E+00 2.858E+08 4.311E-05 5.590E-03 2.000E+05 0.000E+00 0.000E+00 7.326E+05
4.08420195E-03   3913.3 1.292E+01 3.623E+08 4.667E-05 5.820E-03 2.000E+05 0.000E+00 0.000E+00 7.165E+05
5.29976163E-03   3925.3 1.676E+01 4.539E+08 5.092E-05 6.022E-03 2.000E+05 0.000E+00 0.000E+00 7.049E+05
6.77812191E-03   3938.7 2.143E+01 5.650E+08 5.608E-05 6.198E-03 2.000E+05 0.000E+00 0.000E+00 6.966E+05
8.56080248E-03   3953.5 2.707E+01 6.987E+08 6.223E-05 6.337E-03 2.000E+05 0.000E+00 0.000E+00 6.908E+05
1.06957159E-02   3969.6 3.382E+01 8.592E+08 6.951E-05 6.465E-03 2.000E+05 0.000E+00 0.000E+00 6.882E+05
1.32369140E-02   3986.9 4.186E+01 1.051E+09 7.809E-05 6.652E-03 2.000E+05 0.000E+00 0.000E+00 6.839E+05
1.62442209E-02   4005.6 5.137E+01 1.280E+09 8.823E-05 6.860E-03 2.000E+05 0.000E+00 0.000E+00 6.821E+05
1.97854201E-02   4026.0 6.257E+01 1.555E+09 1.001E-04 7.019E-03 2.000E+05 0.000E+00 0.000E+00 6.812E+05
2.39385967E-02   4047.7 7.570E+01 1.883E+09 1.140E-04 7.123E-03 2.000E+05 0.000E+00 0.000E+00 6.808E+05
2.87940686E-02   4070.6 9.105E+01 2.274E+09 1.303E-04 7.171E-03 2.000E+05 0.000E+00 0.000E+00 6.810E+05
3.44559710E-02   4094.4 1.090E+02 2.739E+09 1.491E-04 7.211E-03 2.000E+05 0.000E+00 0.000E+00 6.815E+05
4.10436138E-02   4118.8 1.298E+02 3.291E+09 1.711E-04 7.247E-03 2.000E+05 0.000E+00 0.000E+00 6.824E+05
4.86944295E-02   4143.7 1.540E+02 3.946E+09 1.966E-04 7.236E-03 2.000E+05 0.000E+00 0.000E+00 6.834E+05
5.75684080E-02   4168.9 1.820E+02 4.721E+09 2.261E-04 7.184E-03 2.000E+05 0.000E+00 0.000E+00 6.847E+05
6.78499650E-02   4193.6 2.146E+02 5.629E+09 2.604E-04 7.232E-03 2.000E+05 0.000E+00 0.000E+00 6.860E+05
7.97505150E-02   4218.7 2.522E+02 6.702E+09 3.001E-04 7.259E-03 2.000E+05 0.000E+00 0.000E+00 6.875E+05
9.35201906E-02   4243.7 2.957E+02 7.964E+09 3.458E-04 7.269E-03 2.000E+05 0.000E+00 0.000E+00 6.890E+05
1.09455562E-01   4268.5 3.461E+02 9.444E+09 3.985E-04 7.315E-03 2.000E+05 0.000E+00 0.000E+00 6.905E+05
1.27901710E-01   4292.9 4.045E+02 1.117E+10 4.590E-04 7.389E-03 2.000E+05 0.000E+00 0.000E+00 6.921E+05
1.49262424E-01   4317.1 4.720E+02 1.320E+10 5.284E-04 7.467E-03 2.000E+05 0.000E+00 0.000E+00 6.937E+05
1.74013343E-01   4340.9 5.503E+02 1.556E+10 6.079E-04 7.557E-03 2.000E+05 0.000E+00 0.000E+00 6.953E+05
2.02715657E-01   4364.3 6.410E+02 1.831E+10 6.990E-04 7.658E-03 2.000E+05 0.000E+00 0.000E+00 6.969E+05
2.35988206E-01   4386.9 7.463E+02 2.149E+10 8.044E-04 7.936E-03 2.000E+05 0.000E+00 0.000E+00 6.985E+05
2.74539232E-01   4409.5 8.682E+02 2.520E+10 9.258E-04 8.257E-03 2.000E+05 0.000E+00 0.000E+00 7.001E+05
3.19202678E-01   4432.4 1.009E+03 2.955E+10 1.066E-03 8.616E-03 2.000E+05 0.000E+00 0.000E+00 7.017E+05
3.70938334E-01   4455.4 1.173E+03 3.462E+10 1.227E-03 9.078E-03 2.000E+05 0.000E+00 0.000E+00 7.033E+05
4.30836290E-01   4478.8 1.362E+03 4.059E+10 1.414E-03 9.580E-03 2.000E+05 0.000E+00 0.000E+00 7.049E+05
5.00153156E-01   4502.5 1.582E+03 4.758E+10 1.629E-03 1.012E-02 2.000E+05 0.000E+00 0.000E+00 7.066E+05
5.80358284E-01   4526.5 1.835E+03 5.577E+10 1.878E-03 1.071E-02 2.000E+05 0.000E+00 0.000E+00 7.083E+05
6.73185824E-01   4550.4 2.129E+03 6.531E+10 2.163E-03 1.134E-02 2.000E+05 0.000E+00 0.000E+00 7.100E+05
7.80700405E-01   4574.3 2.469E+03 7.643E+10 2.489E-03 1.203E-02 2.000E+05 0.000E+00 0.000E+00 7.117E+05
9.05385175E-01   4598.2 2.863E+03 8.943E+10 2.860E-03 1.267E-02 2.000E+05 0.000E+00 0.000E+00 7.134E+05
1.05021532E+00   4621.4 3.321E+03 1.044E+11 3.281E-03 1.342E-02 2.000E+05 0.000E+00 0.000E+00 7.150E+05
1.21870035E+00   4643.7 3.854E+03 1.216E+11 3.758E-03 1.435E-02 2.000E+05 0.000E+00 0.000E+00 7.166E+05
1.41487557E+00   4665.7 4.474E+03 1.415E+11 4.303E-03 1.541E-02 2.000E+05 0.000E+00 0.000E+00 7.181E+05
1.64356531E+00   4686.7 5.197E+03 1.642E+11 4.918E-03 1.661E-02 2.000E+05 0.000E+00 0.000E+00 7.195E+05
1.91039520E+00   4707.8 6.041E+03 1.906E+11 5.621E-03 1.801E-02 2.000E+05 0.000E+00 0.000E+00 7.209E+05
2.22191363E+00   4728.3 7.026E+03 2.209E+11 6.418E-03 1.962E-02 2.000E+05 0.000E+00 0.000E+00 7.222E+05
2.58557283E+00   4749.3 8.176E+03 2.563E+11 7.335E-03 2.149E-02 2.000E+05 0.000E+00 0.000E+00 7.235E+05
3.00971400E+00   4771.0 9.518E+03 2.978E+11 8.392E-03 2.366E-02 2.000E+05 0.000E+00 0.000E+00 7.249E+05
3.50308163E+00   4794.6 1.108E+04 3.474E+11 9.643E-03 2.636E-02 2.000E+05 0.000E+00 0.000E+00 7.264E+05
4.07366266E+00   4821.6 1.288E+04 4.081E+11 1.116E-02 2.974E-02 2.000E+05 0.000E+00 0.000E+00 7.282E+05
4.72936717E+00   4852.4 1.496E+04 4.829E+11 1.298E-02 3.376E-02 2.000E+05 0.000E+00 0.000E+00 7.302E+05
5.47809541E+00   4888.1 1.732E+04 5.770E+11 1.522E-02 3.862E-02 2.000E+05 0.000E+00 0.000E+00 7.327E+05
6.32614061E+00   4929.7 2.000E+04 6.976E+11 1.800E-02 4.457E-02 2.000E+05 0.000E+00 0.000E+00 7.356E+05
7.27715745E+00   4978.6 2.301E+04 8.562E+11 2.153E-02 5.204E-02 2.000E+05 0.000E+00 0.000E+00 7.392E+05
8.32953946E+00   5036.8 2.634E+04 1.072E+12 2.615E-02 6.178E-02 2.000E+05 0.000E+00 0.000E+00 7.434E+05
9.47332407E+00   5106.8 2.996E+04 1.377E+12 3.242E-02 7.495E-02 2.000E+05 0.000E+00 0.000E+00 7.487E+05
1.06893653E+01   5190.8 3.380E+04 1.823E+12 4.116E-02 9.318E-02 2.000E+05 0.000E+00 0.000E+00 7.549E+05
1.19502618E+01   5291.2 3.779E+04 2.501E+12 5.365E-02 1.190E-01 2.000E+05 0.000E+00 0.000E+00 7.623E+05
1.32207194E+01   5411.2 4.181E+04 3.573E+12 7.214E-02 1.572E-01 2.000E+05 0.000E+00 0.000E+00 7.709E+05
1.44575795E+01   5555.2 4.572E+04 5.349E+12 1.007E-01 2.161E-01 2.000E+05 0.000E+00 0.000E+00 7.808E+05
1.56192444E+01   5726.3 4.939E+04 8.390E+12 1.455E-01 3.085E-01 2.000E+05 3.401E-07 2.706E+03 7.918E+05
1.66677913E+01   5931.4 5.271E+04 1.387E+13 2.197E-01 4.620E-01 2.000E+05 3.359E-05 1.235E+04 8.039E+05
1.75757857E+01   6173.6 5.558E+04 2.400E+13 3.450E-01 7.203E-01 2.000E+05 8.449E-04 3.581E+04 8.163E+05
1.83300779E+01   6460.3 5.796E+04 4.343E+13 5.669E-01 1.175E+00 2.000E+05 7.398E-03 7.312E+04 8.282E+05
1.89212382E+01   6808.0 5.983E+04 8.305E+13 9.916E-01 1.987E+00 2.000E+05 2.369E-02 1.057E+05 8.381E+05
1.93706556E+01   7171.2 6.125E+04 1.527E+14 1.719E+00 3.038E+00 2.000E+05 1.392E-01 1.870E+05 8.440E+05
1.97334972E+01   7482.4 6.240E+04 2.457E+14 2.701E+00 3.707E+00 2.000E+05 3.474E-01 2.502E+05 8.466E+05
2.00560268E+01   7739.6 6.342E+04 3.540E+14 3.884E+00 3.799E+00 2.000E+05 5.323E-01 2.821E+05 8.483E+05
2.03651429E+01   7958.0 6.439E+04 4.742E+14 5.253E+00 3.591E+00 2.000E+05 6.699E-01 2.972E+05 8.501E+05
2.06759101E+01   8153.2 6.537E+04 6.081E+14 6.849E+00 3.327E+00 2.000E+05 7.649E-01 3.034E+05 8.523E+05
2.09985779E+01   8330.8 6.639E+04 7.555E+14 8.684E+00 3.083E+00 2.000E+05 8.281E-01 3.044E+05 8.550E+05
2.13408832E+01   8498.6 6.747E+04 9.203E+14 1.083E+01 2.880E+00 2.000E+05 8.715E-01 3.030E+05 8.583E+05
2.17096163E+01   8658.2 6.864E+04 1.103E+15 1.332E+01 2.709E+00 2.000E+05 9.019E-01 3.004E+05 8.620E+05
2.21110898E+01   8814.7 6.991E+04 1.310E+15 1.625E+01 2.547E+00 2.000E+05 9.242E-01 2.965E+05 8.664E+05
2.25522199E+01   8966.5 7.130E+04 1.540E+15 1.964E+01 2.409E+00 2.000E+05 9.410E-01 2.935E+05 8.713E+05
2.30389870E+01   9120.6 7.284E+04 1.805E+15 2.371E+01 2.269E+00 2.000E+05 9.534E-01 2.880E+05 8.770E+05
2.35799051E+01   9268.6 7.455E+04 2.095E+15 2.831E+01 2.151E+00 2.000E+05 9.636E-01 2.857E+05 8.829E+05
2.41818738E+01   9426.7 7.645E+04 2.443E+15 3.400E+01 2.038E+00 2.000E+05 9.708E-01 2.798E+05 8.900E+05
2.48571838E+01   9572.9 7.859E+04 2.808E+15 4.007E+01 2.030E+00 2.000E+05 9.756E-01 2.762E+05 8.967E+05
PRADK 1.4604E+00
BEGIN                    ITERATION  15 COMPLETED
