TEFF   4750.  GRAVITY 4.00000 LTE
TITLE  [-1.0] VTURB=2  L/H=1.25 NOVER NEW ODF
OPACITY IFOP 1 1 1 1 1 1 1 1 1 1 1 1 1 0 1 0 0 0 0 0
CONVECTION ON   1.25 TURBULENCE OFF  0.00  0.00  0.00  0.00
ABUNDANCE SCALE   0.10000 ABUNDANCE CHANGE 1 0.92140 2 0.07843
ABUNDANCE CHANGE  3 -10.94  4 -10.64  5  -9.49  6  -3.52  7  -4.12  8  -3.21
ABUNDANCE CHANGE  9  -7.48 10  -3.96 11  -5.71 12  -4.46 13  -5.57 14  -4.49
ABUNDANCE CHANGE 15  -6.59 16  -4.71 17  -6.54 18  -5.64 19  -6.92 20  -5.68
ABUNDANCE CHANGE 21  -8.87 22  -7.02 23  -8.04 24  -6.37 25  -6.65 26  -4.54
ABUNDANCE CHANGE 27  -7.12 28  -5.79 29  -7.83 30  -7.44 31  -9.16 32  -8.63
ABUNDANCE CHANGE 33  -9.67 34  -8.63 35  -9.41 36  -8.73 37  -9.44 38  -9.07
ABUNDANCE CHANGE 39  -9.80 40  -9.44 41 -10.62 42 -10.12 43 -20.00 44 -10.20
ABUNDANCE CHANGE 45 -10.92 46 -10.35 47 -11.10 48 -10.27 49 -10.38 50 -10.04
ABUNDANCE CHANGE 51 -11.04 52  -9.80 53 -10.53 54  -9.87 55 -10.91 56  -9.91
ABUNDANCE CHANGE 57 -10.87 58 -10.46 59 -11.33 60 -10.54 61 -20.00 62 -11.03
ABUNDANCE CHANGE 63 -11.53 64 -10.92 65 -11.69 66 -10.90 67 -11.78 68 -11.11
ABUNDANCE CHANGE 69 -12.04 70 -10.96 71 -11.98 72 -11.16 73 -12.17 74 -10.93
ABUNDANCE CHANGE 75 -11.76 76 -10.59 77 -10.69 78 -10.24 79 -11.03 80 -10.91
ABUNDANCE CHANGE 81 -11.14 82 -10.09 83 -11.33 84 -20.00 85 -20.00 86 -20.00
ABUNDANCE CHANGE 87 -20.00 88 -20.00 89 -20.00 90 -11.95 91 -20.00 92 -12.54
ABUNDANCE CHANGE 93 -20.00 94 -20.00 95 -20.00 96 -20.00 97 -20.00 98 -20.00
ABUNDANCE CHANGE 99 -20.00
READ DECK6 72 RHOX,T,P,XNE,ABROSS,ACCRAD,VTURB, FLXCNV,VCONV,VELSND
3.80529919E-03   3115.0 3.805E+01 3.791E+08 3.504E-05 3.548E-03 2.000E+05 0.000E+00 0.000E+00 5.845E+05
4.98649353E-03   3131.5 4.986E+01 4.787E+08 4.026E-05 3.715E-03 2.000E+05 0.000E+00 0.000E+00 5.823E+05
6.35906548E-03   3149.7 6.359E+01 5.963E+08 4.616E-05 3.813E-03 2.000E+05 0.000E+00 0.000E+00 5.811E+05
7.95585153E-03   3169.1 7.956E+01 7.346E+08 5.290E-05 3.874E-03 2.000E+05 0.000E+00 0.000E+00 5.806E+05
9.81093852E-03   3189.3 9.811E+01 8.967E+08 6.083E-05 3.904E-03 2.000E+05 0.000E+00 0.000E+00 5.805E+05
1.19553649E-02   3209.6 1.196E+02 1.085E+09 7.034E-05 3.909E-03 2.000E+05 0.000E+00 0.000E+00 5.806E+05
1.44311411E-02   3230.0 1.443E+02 1.304E+09 8.113E-05 3.924E-03 2.000E+05 0.000E+00 0.000E+00 5.810E+05
1.72976418E-02   3250.9 1.730E+02 1.560E+09 9.333E-05 3.952E-03 2.000E+05 0.000E+00 0.000E+00 5.816E+05
2.06237148E-02   3272.3 2.062E+02 1.861E+09 1.072E-04 3.992E-03 2.000E+05 0.000E+00 0.000E+00 5.823E+05
2.44885060E-02   3294.3 2.449E+02 2.215E+09 1.230E-04 4.047E-03 2.000E+05 0.000E+00 0.000E+00 5.833E+05
2.89762932E-02   3317.2 2.898E+02 2.633E+09 1.413E-04 4.103E-03 2.000E+05 0.000E+00 0.000E+00 5.845E+05
3.41658434E-02   3340.5 3.417E+02 3.122E+09 1.636E-04 4.113E-03 2.000E+05 0.000E+00 0.000E+00 5.857E+05
4.01397005E-02   3364.3 4.014E+02 3.694E+09 1.895E-04 4.125E-03 2.000E+05 0.000E+00 0.000E+00 5.871E+05
4.70204961E-02   3388.5 4.702E+02 4.362E+09 2.192E-04 4.154E-03 2.000E+05 0.000E+00 0.000E+00 5.886E+05
5.49607340E-02   3413.2 5.496E+02 5.144E+09 2.532E-04 4.203E-03 2.000E+05 0.000E+00 0.000E+00 5.903E+05
6.41282630E-02   3439.1 6.413E+02 6.068E+09 2.924E-04 4.262E-03 2.000E+05 0.000E+00 0.000E+00 5.921E+05
7.47239845E-02   3464.3 7.472E+02 7.135E+09 3.368E-04 4.357E-03 2.000E+05 0.000E+00 0.000E+00 5.938E+05
8.71371331E-02   3491.7 8.714E+02 8.423E+09 3.797E-04 3.853E-03 2.000E+05 0.000E+00 0.000E+00 5.959E+05
1.01786125E-01   3518.9 1.018E+03 9.940E+09 4.300E-04 3.425E-03 2.000E+05 0.000E+00 0.000E+00 5.978E+05
1.18977895E-01   3545.6 1.190E+03 1.172E+10 4.903E-04 3.117E-03 2.000E+05 0.000E+00 0.000E+00 5.996E+05
1.39024313E-01   3574.2 1.390E+03 1.384E+10 5.619E-04 2.864E-03 2.000E+05 0.000E+00 0.000E+00 6.017E+05
1.62389962E-01   3597.6 1.624E+03 1.618E+10 6.419E-04 2.773E-03 2.000E+05 0.000E+00 0.000E+00 6.028E+05
1.89435324E-01   3632.1 1.894E+03 1.925E+10 7.452E-04 2.579E-03 2.000E+05 0.000E+00 0.000E+00 6.059E+05
2.20885123E-01   3642.2 2.209E+03 2.194E+10 8.452E-04 2.701E-03 2.000E+05 0.000E+00 0.000E+00 6.044E+05
2.57678988E-01   3656.7 2.577E+03 2.519E+10 9.679E-04 2.952E-03 2.000E+05 0.000E+00 0.000E+00 6.036E+05
3.00541553E-01   3670.8 3.005E+03 2.889E+10 1.107E-03 3.225E-03 2.000E+05 0.000E+00 0.000E+00 6.026E+05
3.50427890E-01   3685.9 3.504E+03 3.318E+10 1.270E-03 3.543E-03 2.000E+05 0.000E+00 0.000E+00 6.018E+05
4.08377087E-01   3701.5 4.084E+03 3.810E+10 1.459E-03 3.900E-03 2.000E+05 0.000E+00 0.000E+00 6.010E+05
4.75672918E-01   3717.2 4.757E+03 4.373E+10 1.675E-03 4.305E-03 2.000E+05 0.000E+00 0.000E+00 6.001E+05
5.53816639E-01   3733.1 5.538E+03 5.019E+10 1.924E-03 4.767E-03 2.000E+05 0.000E+00 0.000E+00 5.993E+05
6.44568402E-01   3749.1 6.446E+03 5.759E+10 2.209E-03 5.296E-03 2.000E+05 0.000E+00 0.000E+00 5.984E+05
7.49950684E-01   3765.6 7.500E+03 6.609E+10 2.537E-03 5.914E-03 2.000E+05 0.000E+00 0.000E+00 5.976E+05
8.72257920E-01   3782.7 8.723E+03 7.587E+10 2.916E-03 6.637E-03 2.000E+05 0.000E+00 0.000E+00 5.968E+05
1.01409762E+00   3800.5 1.014E+04 8.716E+10 3.355E-03 7.522E-03 2.000E+05 0.000E+00 0.000E+00 5.962E+05
1.17845247E+00   3824.6 1.178E+04 1.012E+11 3.862E-03 8.122E-03 2.000E+05 0.000E+00 0.000E+00 5.968E+05
1.36928654E+00   3846.4 1.369E+04 1.169E+11 4.423E-03 8.745E-03 2.000E+05 0.000E+00 0.000E+00 5.969E+05
1.59173135E+00   3867.2 1.592E+04 1.348E+11 5.056E-03 9.483E-03 2.000E+05 0.000E+00 0.000E+00 5.968E+05
1.85135965E+00   3887.5 1.851E+04 1.553E+11 5.775E-03 1.034E-02 2.000E+05 0.000E+00 0.000E+00 5.965E+05
2.15456941E+00   3907.8 2.155E+04 1.790E+11 6.594E-03 1.134E-02 2.000E+05 0.000E+00 0.000E+00 5.961E+05
2.50853001E+00   3928.9 2.509E+04 2.066E+11 7.536E-03 1.250E-02 2.000E+05 0.000E+00 0.000E+00 5.959E+05
2.92132506E+00   3951.1 2.921E+04 2.388E+11 8.623E-03 1.384E-02 2.000E+05 0.000E+00 0.000E+00 5.958E+05
3.40167945E+00   3975.6 3.402E+04 2.769E+11 9.897E-03 1.539E-02 2.000E+05 0.000E+00 0.000E+00 5.962E+05
3.95881221E+00   4003.1 3.959E+04 3.223E+11 1.140E-02 1.717E-02 2.000E+05 0.000E+00 0.000E+00 5.971E+05
4.60277040E+00   4034.2 4.603E+04 3.768E+11 1.317E-02 1.923E-02 2.000E+05 0.000E+00 0.000E+00 5.987E+05
5.34432654E+00   4070.0 5.344E+04 4.429E+11 1.529E-02 2.163E-02 2.000E+05 0.000E+00 0.000E+00 6.011E+05
6.19456054E+00   4111.6 6.195E+04 5.238E+11 1.782E-02 2.445E-02 2.000E+05 0.000E+00 0.000E+00 6.047E+05
7.16455786E+00   4160.6 7.165E+04 6.238E+11 2.088E-02 2.776E-02 2.000E+05 0.000E+00 0.000E+00 6.095E+05
8.26607272E+00   4217.9 8.266E+04 7.480E+11 2.457E-02 3.155E-02 2.000E+05 0.000E+00 0.000E+00 6.159E+05
9.51147557E+00   4285.1 9.511E+04 9.033E+11 2.904E-02 3.598E-02 2.000E+05 0.000E+00 0.000E+00 6.239E+05
1.09141475E+01   4363.8 1.091E+05 1.098E+12 3.445E-02 4.118E-02 2.000E+05 0.000E+00 0.000E+00 6.340E+05
1.24857405E+01   4456.9 1.249E+05 1.347E+12 4.114E-02 4.757E-02 2.000E+05 0.000E+00 0.000E+00 6.463E+05
1.42330819E+01   4567.0 1.423E+05 1.669E+12 4.940E-02 5.540E-02 2.000E+05 0.000E+00 0.000E+00 6.611E+05
1.61853404E+01   4690.7 1.619E+05 2.096E+12 5.867E-02 6.310E-02 2.000E+05 0.000E+00 0.000E+00 6.775E+05
1.83545495E+01   4834.1 1.835E+05 2.730E+12 7.168E-02 7.450E-02 2.000E+05 0.000E+00 0.000E+00 6.959E+05
2.06572693E+01   5003.9 2.066E+05 3.815E+12 9.308E-02 9.410E-02 2.000E+05 3.075E-08 5.324E+02 7.166E+05
2.29134277E+01   5209.7 2.291E+05 5.987E+12 1.330E-01 1.298E-01 2.000E+05 3.463E-03 2.555E+04 7.397E+05
2.49354581E+01   5439.6 2.494E+05 1.033E+13 2.044E-01 1.871E-01 2.000E+05 4.188E-02 5.853E+04 7.626E+05
2.66686850E+01   5674.5 2.667E+05 1.818E+13 3.195E-01 2.646E-01 2.000E+05 1.262E-01 8.457E+04 7.831E+05
2.81560609E+01   5907.9 2.816E+05 3.136E+13 4.911E-01 3.492E-01 2.000E+05 2.449E-01 1.053E+05 8.012E+05
2.94740723E+01   6128.0 2.947E+05 5.121E+13 7.226E-01 4.147E-01 2.000E+05 3.992E-01 1.244E+05 8.164E+05
3.06952770E+01   6332.0 3.069E+05 7.886E+13 1.018E+00 4.512E-01 2.000E+05 5.373E-01 1.369E+05 8.291E+05
3.18728400E+01   6523.2 3.187E+05 1.159E+14 1.385E+00 4.665E-01 2.000E+05 6.508E-01 1.454E+05 8.398E+05
3.30425018E+01   6705.8 3.304E+05 1.645E+14 1.837E+00 4.738E-01 2.000E+05 7.327E-01 1.501E+05 8.489E+05
3.42299337E+01   6881.5 3.423E+05 2.269E+14 2.392E+00 4.802E-01 2.000E+05 7.921E-01 1.528E+05 8.568E+05
3.54548513E+01   7054.1 3.545E+05 3.071E+14 3.073E+00 4.865E-01 2.000E+05 8.357E-01 1.540E+05 8.637E+05
3.67330858E+01   7223.8 3.673E+05 4.084E+14 3.909E+00 4.949E-01 2.000E+05 8.691E-01 1.546E+05 8.696E+05
3.80770774E+01   7393.7 3.808E+05 5.371E+14 4.942E+00 4.996E-01 2.000E+05 8.945E-01 1.537E+05 8.748E+05
3.95012785E+01   7561.1 3.950E+05 6.963E+14 6.195E+00 5.031E-01 2.000E+05 9.165E-01 1.536E+05 8.793E+05
4.10155811E+01   7732.4 4.101E+05 8.985E+14 7.767E+00 5.038E-01 2.000E+05 9.320E-01 1.511E+05 8.832E+05
4.26363906E+01   7897.9 4.264E+05 1.140E+15 9.628E+00 5.023E-01 2.000E+05 9.465E-01 1.505E+05 8.867E+05
4.43727627E+01   8072.2 4.437E+05 1.450E+15 1.201E+01 5.003E-01 2.000E+05 9.565E-01 1.473E+05 8.899E+05
4.62434112E+01   8235.5 4.624E+05 1.806E+15 1.473E+01 5.269E-01 2.000E+05 9.630E-01 1.452E+05 8.928E+05
PRADK 6.7795E-01
BEGIN                    ITERATION  15 COMPLETED
