TEFF   8500.  GRAVITY 5.00000 LTE
TITLE  [-1.0] VTURB=2  L/H=1.25 NOVER NEW ODF
OPACITY IFOP 1 1 1 1 1 1 1 1 1 1 1 1 1 0 1 0 0 0 0 0
CONVECTION ON   1.25 TURBULENCE OFF  0.00  0.00  0.00  0.00
ABUNDANCE SCALE   0.10000 ABUNDANCE CHANGE 1 0.92140 2 0.07843
ABUNDANCE CHANGE  3 -10.94  4 -10.64  5  -9.49  6  -3.52  7  -4.12  8  -3.21
ABUNDANCE CHANGE  9  -7.48 10  -3.96 11  -5.71 12  -4.46 13  -5.57 14  -4.49
ABUNDANCE CHANGE 15  -6.59 16  -4.71 17  -6.54 18  -5.64 19  -6.92 20  -5.68
ABUNDANCE CHANGE 21  -8.87 22  -7.02 23  -8.04 24  -6.37 25  -6.65 26  -4.54
ABUNDANCE CHANGE 27  -7.12 28  -5.79 29  -7.83 30  -7.44 31  -9.16 32  -8.63
ABUNDANCE CHANGE 33  -9.67 34  -8.63 35  -9.41 36  -8.73 37  -9.44 38  -9.07
ABUNDANCE CHANGE 39  -9.80 40  -9.44 41 -10.62 42 -10.12 43 -20.00 44 -10.20
ABUNDANCE CHANGE 45 -10.92 46 -10.35 47 -11.10 48 -10.27 49 -10.38 50 -10.04
ABUNDANCE CHANGE 51 -11.04 52  -9.80 53 -10.53 54  -9.87 55 -10.91 56  -9.91
ABUNDANCE CHANGE 57 -10.87 58 -10.46 59 -11.33 60 -10.54 61 -20.00 62 -11.03
ABUNDANCE CHANGE 63 -11.53 64 -10.92 65 -11.69 66 -10.90 67 -11.78 68 -11.11
ABUNDANCE CHANGE 69 -12.04 70 -10.96 71 -11.98 72 -11.16 73 -12.17 74 -10.93
ABUNDANCE CHANGE 75 -11.76 76 -10.59 77 -10.69 78 -10.24 79 -11.03 80 -10.91
ABUNDANCE CHANGE 81 -11.14 82 -10.09 83 -11.33 84 -20.00 85 -20.00 86 -20.00
ABUNDANCE CHANGE 87 -20.00 88 -20.00 89 -20.00 90 -11.95 91 -20.00 92 -12.54
ABUNDANCE CHANGE 93 -20.00 94 -20.00 95 -20.00 96 -20.00 97 -20.00 98 -20.00
ABUNDANCE CHANGE 99 -20.00
READ DECK6 72 RHOX,T,P,XNE,ABROSS,ACCRAD,VTURB, FLXCNV,VCONV,VELSND
2.19344897E-05   5540.6 2.193E+00 3.317E+10 6.080E-03 1.626E+00 2.000E+05 0.000E+00 0.000E+00 1.135E+06
2.92525549E-05   5568.8 2.925E+00 4.124E+10 6.076E-03 1.623E+00 2.000E+05 0.000E+00 0.000E+00 1.057E+06
3.90541732E-05   5590.7 3.905E+00 5.048E+10 6.026E-03 1.614E+00 2.000E+05 0.000E+00 0.000E+00 9.931E+05
5.20068813E-05   5621.0 5.201E+00 6.298E+10 6.186E-03 1.604E+00 2.000E+05 0.000E+00 0.000E+00 9.381E+05
6.87326911E-05   5651.7 6.873E+00 7.830E+10 6.436E-03 1.590E+00 2.000E+05 0.000E+00 0.000E+00 8.939E+05
8.99067855E-05   5686.6 8.990E+00 9.776E+10 6.855E-03 1.575E+00 2.000E+05 0.000E+00 0.000E+00 8.583E+05
1.16220956E-04   5722.6 1.162E+01 1.215E+11 7.405E-03 1.558E+00 2.000E+05 0.000E+00 0.000E+00 8.304E+05
1.48466061E-04   5760.2 1.485E+01 1.505E+11 8.109E-03 1.541E+00 2.000E+05 0.000E+00 0.000E+00 8.086E+05
1.87537964E-04   5798.1 1.875E+01 1.854E+11 8.963E-03 1.524E+00 2.000E+05 0.000E+00 0.000E+00 7.919E+05
2.34490670E-04   5836.2 2.345E+01 2.270E+11 9.980E-03 1.508E+00 2.000E+05 0.000E+00 0.000E+00 7.791E+05
2.90573408E-04   5874.1 2.906E+01 2.762E+11 1.117E-02 1.494E+00 2.000E+05 0.000E+00 0.000E+00 7.693E+05
3.57266500E-04   5911.8 3.573E+01 3.342E+11 1.255E-02 1.484E+00 2.000E+05 0.000E+00 0.000E+00 7.619E+05
4.36303678E-04   5949.3 4.363E+01 4.023E+11 1.413E-02 1.477E+00 2.000E+05 0.000E+00 0.000E+00 7.564E+05
5.29831701E-04   5985.6 5.298E+01 4.814E+11 1.593E-02 1.472E+00 2.000E+05 0.000E+00 0.000E+00 7.524E+05
6.40435024E-04   6021.4 6.404E+01 5.733E+11 1.797E-02 1.472E+00 2.000E+05 0.000E+00 0.000E+00 7.497E+05
7.71125368E-04   6056.6 7.711E+01 6.798E+11 2.029E-02 1.475E+00 2.000E+05 0.000E+00 0.000E+00 7.478E+05
9.25497169E-04   6091.1 9.255E+01 8.031E+11 2.290E-02 1.482E+00 2.000E+05 0.000E+00 0.000E+00 7.468E+05
1.10783297E-03   6125.0 1.108E+02 9.453E+11 2.586E-02 1.496E+00 2.000E+05 0.000E+00 0.000E+00 7.464E+05
1.32324981E-03   6158.2 1.323E+02 1.109E+12 2.918E-02 1.516E+00 2.000E+05 0.000E+00 0.000E+00 7.465E+05
1.57781872E-03   6190.8 1.578E+02 1.297E+12 3.293E-02 1.545E+00 2.000E+05 0.000E+00 0.000E+00 7.470E+05
1.87875348E-03   6222.7 1.879E+02 1.514E+12 3.714E-02 1.581E+00 2.000E+05 0.000E+00 0.000E+00 7.480E+05
2.23456306E-03   6254.4 2.235E+02 1.763E+12 4.189E-02 1.626E+00 2.000E+05 0.000E+00 0.000E+00 7.492E+05
2.65518336E-03   6286.0 2.655E+02 2.050E+12 4.726E-02 1.679E+00 2.000E+05 0.000E+00 0.000E+00 7.507E+05
3.15200834E-03   6318.0 3.152E+02 2.384E+12 5.338E-02 1.742E+00 2.000E+05 0.000E+00 0.000E+00 7.524E+05
3.73841089E-03   6350.0 3.738E+02 2.769E+12 6.033E-02 1.814E+00 2.000E+05 0.000E+00 0.000E+00 7.543E+05
4.42984410E-03   6382.8 4.430E+02 3.217E+12 6.828E-02 1.897E+00 2.000E+05 0.000E+00 0.000E+00 7.563E+05
5.24418543E-03   6416.0 5.244E+02 3.737E+12 7.733E-02 1.988E+00 2.000E+05 0.000E+00 0.000E+00 7.585E+05
6.20302317E-03   6449.3 6.203E+02 4.337E+12 8.757E-02 2.088E+00 2.000E+05 0.000E+00 0.000E+00 7.608E+05
7.33246188E-03   6482.4 7.332E+02 5.027E+12 9.910E-02 2.199E+00 2.000E+05 0.000E+00 0.000E+00 7.632E+05
8.66431864E-03   6514.9 8.664E+02 5.815E+12 1.120E-01 2.321E+00 2.000E+05 0.000E+00 0.000E+00 7.657E+05
1.02372205E-02   6546.8 1.024E+03 6.714E+12 1.264E-01 2.458E+00 2.000E+05 0.000E+00 0.000E+00 7.683E+05
1.20967368E-02   6578.4 1.210E+03 7.744E+12 1.425E-01 2.614E+00 2.000E+05 0.000E+00 0.000E+00 7.710E+05
1.42959856E-02   6610.0 1.430E+03 8.928E+12 1.607E-01 2.789E+00 2.000E+05 0.000E+00 0.000E+00 7.738E+05
1.68972441E-02   6641.7 1.690E+03 1.029E+13 1.811E-01 2.985E+00 2.000E+05 0.000E+00 0.000E+00 7.766E+05
1.99732173E-02   6673.7 1.997E+03 1.186E+13 2.043E-01 3.202E+00 2.000E+05 0.000E+00 0.000E+00 7.795E+05
2.36101954E-02   6705.9 2.361E+03 1.367E+13 2.304E-01 3.444E+00 2.000E+05 0.000E+00 0.000E+00 7.825E+05
2.79115167E-02   6738.1 2.791E+03 1.574E+13 2.597E-01 3.713E+00 2.000E+05 0.000E+00 0.000E+00 7.855E+05
3.30011608E-02   6770.3 3.300E+03 1.812E+13 2.927E-01 4.018E+00 2.000E+05 0.000E+00 0.000E+00 7.885E+05
3.90226108E-02   6803.1 3.902E+03 2.087E+13 3.300E-01 4.369E+00 2.000E+05 0.000E+00 0.000E+00 7.916E+05
4.61421307E-02   6836.6 4.614E+03 2.406E+13 3.724E-01 4.773E+00 2.000E+05 0.000E+00 0.000E+00 7.947E+05
5.45478035E-02   6871.8 5.455E+03 2.779E+13 4.211E-01 5.246E+00 2.000E+05 0.000E+00 0.000E+00 7.978E+05
6.44384528E-02   6910.0 6.444E+03 3.224E+13 4.782E-01 5.808E+00 2.000E+05 0.000E+00 0.000E+00 8.010E+05
7.60210409E-02   6952.5 7.602E+03 3.761E+13 5.462E-01 6.488E+00 2.000E+05 0.000E+00 0.000E+00 8.041E+05
8.94915007E-02   7000.9 8.949E+03 4.422E+13 6.289E-01 7.327E+00 2.000E+05 0.000E+00 0.000E+00 8.072E+05
1.05015219E-01   7057.2 1.050E+04 5.250E+13 7.315E-01 8.383E+00 2.000E+05 0.000E+00 0.000E+00 8.103E+05
1.22684766E-01   7124.3 1.227E+04 6.319E+13 8.634E-01 9.755E+00 2.000E+05 0.000E+00 0.000E+00 8.133E+05
1.42492516E-01   7204.0 1.425E+04 7.718E+13 1.035E+00 1.156E+01 2.000E+05 0.000E+00 0.000E+00 8.163E+05
1.64316817E-01   7299.3 1.643E+04 9.589E+13 1.265E+00 1.399E+01 2.000E+05 0.000E+00 0.000E+00 8.193E+05
1.87863109E-01   7413.9 1.878E+04 1.216E+14 1.582E+00 1.739E+01 2.000E+05 0.000E+00 0.000E+00 8.222E+05
2.12638618E-01   7551.7 2.126E+04 1.576E+14 2.033E+00 2.227E+01 2.000E+05 0.000E+00 0.000E+00 8.252E+05
2.37920344E-01   7718.9 2.379E+04 2.098E+14 2.704E+00 2.956E+01 2.000E+05 3.535E-13 5.416E+01 8.285E+05
2.62809869E-01   7919.4 2.628E+04 2.868E+14 3.733E+00 4.082E+01 2.000E+05 6.262E-09 1.343E+03 8.324E+05
2.86345742E-01   8159.7 2.863E+04 4.028E+14 5.383E+00 5.898E+01 2.000E+05 1.810E-07 3.920E+03 8.377E+05
3.07551360E-01   8449.7 3.075E+04 5.830E+14 8.176E+00 8.963E+01 2.000E+05 4.689E-06 1.103E+04 8.455E+05
3.25754263E-01   8789.8 3.257E+04 8.605E+14 1.300E+01 1.428E+02 2.000E+05 1.756E-04 3.514E+04 8.575E+05
3.40481722E-01   9212.2 3.404E+04 1.318E+15 2.220E+01 2.432E+02 2.000E+05 4.744E-03 1.008E+05 8.770E+05
3.51541845E-01   9734.4 3.514E+04 2.074E+15 4.007E+01 4.178E+02 2.000E+05 2.613E-02 1.707E+05 9.090E+05
3.60096027E-01  10221.3 3.599E+04 2.978E+15 6.461E+01 5.616E+02 2.000E+05 1.871E-01 3.288E+05 9.473E+05
3.67815478E-01  10598.0 3.676E+04 3.802E+15 8.906E+01 5.754E+02 2.000E+05 3.722E-01 4.170E+05 9.826E+05
3.75661048E-01  10906.9 3.754E+04 4.548E+15 1.124E+02 5.359E+02 2.000E+05 5.200E-01 4.697E+05 1.015E+06
3.84123144E-01  11202.5 3.838E+04 5.300E+15 1.366E+02 4.930E+02 2.000E+05 6.302E-01 5.055E+05 1.049E+06
3.93629282E-01  11483.1 3.933E+04 6.040E+15 1.588E+02 4.594E+02 2.000E+05 7.060E-01 5.329E+05 1.083E+06
4.04616219E-01  11791.8 4.042E+04 6.849E+15 1.821E+02 4.365E+02 2.000E+05 7.531E-01 5.508E+05 1.123E+06
4.17570931E-01  12101.9 4.171E+04 7.652E+15 2.033E+02 4.434E+02 2.000E+05 7.800E-01 5.711E+05 1.165E+06
4.33132413E-01  12493.2 4.326E+04 8.575E+15 2.243E+02 4.764E+02 2.000E+05 7.861E-01 5.875E+05 1.218E+06
4.52394812E-01  12932.5 4.518E+04 9.498E+15 2.351E+02 5.323E+02 2.000E+05 7.665E-01 5.974E+05 1.276E+06
4.77667191E-01  13595.2 4.768E+04 1.051E+16 2.301E+02 8.936E+02 2.000E+05 6.677E-01 6.498E+05 1.361E+06
5.17931809E-01  15182.3 5.167E+04 1.130E+16 1.628E+02 1.217E+03 2.000E+05 4.664E-02 2.821E+05 1.548E+06
6.06004654E-01  17551.9 6.038E+04 1.188E+16 8.656E+01 8.383E+02 2.000E+05 1.885E-04 5.242E+04 1.733E+06
7.95347986E-01  19681.6 7.918E+04 1.418E+16 6.600E+01 6.398E+02 2.000E+05 1.405E-05 2.071E+04 1.839E+06
1.09671236E+00  21764.6 1.091E+05 1.791E+16 5.977E+01 5.792E+02 2.000E+05 1.246E-07 4.298E+03 2.006E+06
1.51976733E+00  23823.9 1.512E+05 2.280E+16 5.846E+01 5.432E+02 2.000E+05 0.000E+00 0.000E+00 2.187E+06
PRADK 6.9874E+00
BEGIN                    ITERATION  15 COMPLETED
