TEFF   3500.  GRAVITY 4.50000 LTE
TITLE  [-1.0] VTURB=2  L/H=1.25 NOVER NEW ODF
OPACITY IFOP 1 1 1 1 1 1 1 1 1 1 1 1 1 0 1 0 0 0 0 0
CONVECTION ON   1.25 TURBULENCE OFF  0.00  0.00  0.00  0.00
ABUNDANCE SCALE   0.10000 ABUNDANCE CHANGE 1 0.92140 2 0.07843
ABUNDANCE CHANGE  3 -10.94  4 -10.64  5  -9.49  6  -3.52  7  -4.12  8  -3.21
ABUNDANCE CHANGE  9  -7.48 10  -3.96 11  -5.71 12  -4.46 13  -5.57 14  -4.49
ABUNDANCE CHANGE 15  -6.59 16  -4.71 17  -6.54 18  -5.64 19  -6.92 20  -5.68
ABUNDANCE CHANGE 21  -8.87 22  -7.02 23  -8.04 24  -6.37 25  -6.65 26  -4.54
ABUNDANCE CHANGE 27  -7.12 28  -5.79 29  -7.83 30  -7.44 31  -9.16 32  -8.63
ABUNDANCE CHANGE 33  -9.67 34  -8.63 35  -9.41 36  -8.73 37  -9.44 38  -9.07
ABUNDANCE CHANGE 39  -9.80 40  -9.44 41 -10.62 42 -10.12 43 -20.00 44 -10.20
ABUNDANCE CHANGE 45 -10.92 46 -10.35 47 -11.10 48 -10.27 49 -10.38 50 -10.04
ABUNDANCE CHANGE 51 -11.04 52  -9.80 53 -10.53 54  -9.87 55 -10.91 56  -9.91
ABUNDANCE CHANGE 57 -10.87 58 -10.46 59 -11.33 60 -10.54 61 -20.00 62 -11.03
ABUNDANCE CHANGE 63 -11.53 64 -10.92 65 -11.69 66 -10.90 67 -11.78 68 -11.11
ABUNDANCE CHANGE 69 -12.04 70 -10.96 71 -11.98 72 -11.16 73 -12.17 74 -10.93
ABUNDANCE CHANGE 75 -11.76 76 -10.59 77 -10.69 78 -10.24 79 -11.03 80 -10.91
ABUNDANCE CHANGE 81 -11.14 82 -10.09 83 -11.33 84 -20.00 85 -20.00 86 -20.00
ABUNDANCE CHANGE 87 -20.00 88 -20.00 89 -20.00 90 -11.95 91 -20.00 92 -12.54
ABUNDANCE CHANGE 93 -20.00 94 -20.00 95 -20.00 96 -20.00 97 -20.00 98 -20.00
ABUNDANCE CHANGE 99 -20.00
READ DECK6 72 RHOX,T,P,XNE,ABROSS,ACCRAD,VTURB, FLXCNV,VCONV,VELSND
3.16562694E-04   2312.2 1.001E+01 1.562E+07 4.213E-04 2.111E-03 2.000E+05 0.000E+00 0.000E+00 4.028E+05
4.10915734E-04   2317.2 1.299E+01 1.969E+07 5.215E-04 2.346E-03 2.000E+05 0.000E+00 0.000E+00 3.999E+05
5.13364126E-04   2320.7 1.623E+01 2.399E+07 6.363E-04 2.621E-03 2.000E+05 0.000E+00 0.000E+00 3.972E+05
6.25746872E-04   2322.8 1.979E+01 2.855E+07 7.712E-04 2.951E-03 2.000E+05 0.000E+00 0.000E+00 3.943E+05
7.49758672E-04   2323.7 2.371E+01 3.341E+07 9.322E-04 3.351E-03 2.000E+05 0.000E+00 0.000E+00 3.914E+05
8.86421184E-04   2323.0 2.803E+01 3.856E+07 1.129E-03 3.852E-03 2.000E+05 0.000E+00 0.000E+00 3.881E+05
1.03731064E-03   2319.9 3.280E+01 4.394E+07 1.361E-03 4.459E-03 2.000E+05 0.000E+00 0.000E+00 3.842E+05
1.20327241E-03   2309.0 3.805E+01 4.903E+07 1.656E-03 5.277E-03 2.000E+05 0.000E+00 0.000E+00 3.781E+05
1.38668684E-03   2297.4 4.384E+01 5.436E+07 1.989E-03 6.226E-03 2.000E+05 0.000E+00 0.000E+00 3.717E+05
1.59412040E-03   2285.0 5.038E+01 6.010E+07 2.297E-03 7.136E-03 2.000E+05 0.000E+00 0.000E+00 3.651E+05
1.83830273E-03   2272.3 5.812E+01 6.671E+07 2.540E-03 7.888E-03 2.000E+05 0.000E+00 0.000E+00 3.584E+05
2.13473948E-03   2260.6 6.750E+01 7.469E+07 2.779E-03 8.646E-03 2.000E+05 0.000E+00 0.000E+00 3.520E+05
2.49830013E-03   2250.4 7.901E+01 8.446E+07 3.006E-03 9.380E-03 2.000E+05 0.000E+00 0.000E+00 3.461E+05
2.94862963E-03   2242.8 9.328E+01 9.661E+07 3.215E-03 1.006E-02 2.000E+05 0.000E+00 0.000E+00 3.411E+05
3.51832442E-03   2238.6 1.113E+02 1.121E+08 3.342E-03 1.045E-02 2.000E+05 0.000E+00 0.000E+00 3.370E+05
4.25830387E-03   2237.1 1.347E+02 1.320E+08 3.414E-03 1.066E-02 2.000E+05 0.000E+00 0.000E+00 3.337E+05
5.22416526E-03   2236.6 1.653E+02 1.571E+08 3.488E-03 1.085E-02 2.000E+05 0.000E+00 0.000E+00 3.306E+05
6.48482552E-03   2237.5 2.051E+02 1.890E+08 3.565E-03 1.103E-02 2.000E+05 0.000E+00 0.000E+00 3.280E+05
8.12869040E-03   2240.1 2.571E+02 2.293E+08 3.648E-03 1.119E-02 2.000E+05 0.000E+00 0.000E+00 3.257E+05
1.02705894E-02   2241.2 3.249E+02 2.783E+08 3.732E-03 1.137E-02 2.000E+05 0.000E+00 0.000E+00 3.233E+05
1.30794669E-02   2251.2 4.137E+02 3.459E+08 3.776E-03 1.131E-02 2.000E+05 0.000E+00 0.000E+00 3.228E+05
1.67797900E-02   2258.6 5.307E+02 4.291E+08 3.825E-03 1.128E-02 2.000E+05 0.000E+00 0.000E+00 3.217E+05
2.16438676E-02   2269.3 6.845E+02 5.378E+08 3.885E-03 1.123E-02 2.000E+05 0.000E+00 0.000E+00 3.213E+05
2.80213652E-02   2280.7 8.862E+02 6.762E+08 3.956E-03 1.117E-02 2.000E+05 0.000E+00 0.000E+00 3.211E+05
3.63800060E-02   2295.4 1.150E+03 8.584E+08 4.020E-03 1.104E-02 2.000E+05 0.000E+00 0.000E+00 3.214E+05
4.73814715E-02   2312.9 1.498E+03 1.100E+09 4.066E-03 1.080E-02 2.000E+05 0.000E+00 0.000E+00 3.221E+05
6.18566293E-02   2331.4 1.956E+03 1.414E+09 4.129E-03 1.058E-02 2.000E+05 0.000E+00 0.000E+00 3.230E+05
8.08181193E-02   2351.7 2.556E+03 1.827E+09 4.213E-03 1.038E-02 2.000E+05 0.000E+00 0.000E+00 3.241E+05
1.05541343E-01   2373.9 3.338E+03 2.369E+09 4.317E-03 1.020E-02 2.000E+05 0.000E+00 0.000E+00 3.255E+05
1.37677239E-01   2399.0 4.354E+03 3.090E+09 4.431E-03 1.000E-02 2.000E+05 0.000E+00 0.000E+00 3.272E+05
1.79495881E-01   2424.7 5.676E+03 4.031E+09 4.538E-03 9.763E-03 2.000E+05 0.000E+00 0.000E+00 3.290E+05
2.33587550E-01   2465.0 7.387E+03 5.447E+09 4.714E-03 9.531E-03 2.000E+05 0.000E+00 0.000E+00 3.328E+05
3.02486696E-01   2512.5 9.566E+03 7.429E+09 4.968E-03 9.356E-03 2.000E+05 1.909E-04 7.373E+03 3.375E+05
3.90104514E-01   2562.1 1.234E+04 1.009E+10 5.185E-03 8.991E-03 2.000E+05 2.754E-04 7.729E+03 3.426E+05
5.01333557E-01   2609.8 1.585E+04 1.353E+10 5.480E-03 8.727E-03 2.000E+05 8.404E-04 1.042E+04 3.473E+05
6.41205160E-01   2661.8 2.028E+04 1.816E+10 5.829E-03 8.400E-03 2.000E+05 2.318E-03 1.361E+04 3.528E+05
8.15512584E-01   2710.7 2.579E+04 2.404E+10 6.275E-03 8.167E-03 2.000E+05 2.034E-03 1.215E+04 3.578E+05
1.02971542E+00   2761.9 3.256E+04 3.166E+10 6.857E-03 8.018E-03 2.000E+05 5.446E-03 1.580E+04 3.632E+05
1.29270895E+00   2812.4 4.088E+04 4.134E+10 7.406E-03 7.658E-03 2.000E+05 6.325E-03 1.557E+04 3.685E+05
1.61457568E+00   2863.5 5.106E+04 5.366E+10 8.135E-03 7.435E-03 2.000E+05 9.585E-03 1.682E+04 3.739E+05
2.00506863E+00   2914.7 6.341E+04 6.917E+10 8.947E-03 7.160E-03 2.000E+05 1.305E-02 1.755E+04 3.794E+05
2.47606927E+00   2966.2 7.830E+04 8.856E+10 9.943E-03 6.974E-03 2.000E+05 1.700E-02 1.809E+04 3.849E+05
3.03678424E+00   3017.2 9.603E+04 1.124E+11 1.121E-02 6.982E-03 2.000E+05 2.161E-02 1.853E+04 3.903E+05
3.70409121E+00   3068.6 1.171E+05 1.418E+11 1.249E-02 6.760E-03 2.000E+05 2.878E-02 1.933E+04 3.958E+05
4.49882576E+00   3120.2 1.423E+05 1.781E+11 1.405E-02 6.681E-03 2.000E+05 3.414E-02 1.941E+04 4.014E+05
5.43851423E+00   3171.9 1.720E+05 2.224E+11 1.588E-02 6.721E-03 2.000E+05 4.287E-02 1.991E+04 4.069E+05
6.54913535E+00   3224.4 2.071E+05 2.767E+11 1.789E-02 6.750E-03 2.000E+05 5.652E-02 2.081E+04 4.126E+05
7.85585262E+00   3277.2 2.484E+05 3.431E+11 2.039E-02 6.992E-03 2.000E+05 6.147E-02 2.034E+04 4.183E+05
9.38247511E+00   3329.9 2.967E+05 4.237E+11 2.330E-02 7.342E-03 2.000E+05 9.191E-02 2.231E+04 4.240E+05
1.11728279E+01   3385.0 3.533E+05 5.235E+11 2.635E-02 7.608E-03 2.000E+05 9.952E-02 2.178E+04 4.300E+05
1.32850346E+01   3438.7 4.201E+05 6.452E+11 2.975E-02 7.997E-03 2.000E+05 1.408E-01 2.349E+04 4.357E+05
1.58781264E+01   3500.2 5.021E+05 8.071E+11 3.090E-02 7.839E-03 2.000E+05 1.755E-01 2.414E+04 4.425E+05
1.93390566E+01   3565.5 6.116E+05 1.031E+12 3.005E-02 7.643E-03 2.000E+05 2.176E-01 2.452E+04 4.495E+05
2.38637338E+01   3644.0 7.546E+05 1.358E+12 3.306E-02 7.862E-03 2.000E+05 3.251E-01 2.698E+04 4.582E+05
2.87477890E+01   3710.7 9.091E+05 1.729E+12 4.440E-02 8.370E-03 2.000E+05 3.841E-01 2.674E+04 4.653E+05
3.36192602E+01   3773.7 1.063E+06 2.142E+12 5.828E-02 8.509E-03 2.000E+05 5.230E-01 2.937E+04 4.722E+05
3.88131458E+01   3830.1 1.227E+06 2.602E+12 6.966E-02 7.964E-03 2.000E+05 5.627E-01 2.803E+04 4.783E+05
4.47720270E+01   3890.7 1.416E+06 3.181E+12 7.962E-02 7.107E-03 2.000E+05 6.919E-01 3.035E+04 4.849E+05
5.16697883E+01   3951.8 1.634E+06 3.893E+12 9.257E-02 6.277E-03 2.000E+05 7.193E-01 2.834E+04 4.915E+05
5.95367345E+01   4014.4 1.883E+06 4.767E+12 1.088E-01 5.625E-03 2.000E+05 8.082E-01 2.989E+04 4.982E+05
6.84198687E+01   4078.6 2.164E+06 5.838E+12 1.290E-01 5.073E-03 2.000E+05 8.304E-01 2.802E+04 5.052E+05
7.83887469E+01   4141.3 2.479E+06 7.107E+12 1.536E-01 4.693E-03 2.000E+05 8.806E-01 2.863E+04 5.118E+05
8.95010191E+01   4207.2 2.830E+06 8.661E+12 1.843E-01 4.349E-03 2.000E+05 9.025E-01 2.742E+04 5.189E+05
1.01888005E+02   4270.2 3.222E+06 1.047E+13 2.199E-01 4.071E-03 2.000E+05 9.283E-01 2.719E+04 5.254E+05
1.15688816E+02   4337.9 3.658E+06 1.269E+13 2.639E-01 3.852E-03 2.000E+05 9.451E-01 2.655E+04 5.326E+05
1.31057826E+02   4402.3 4.144E+06 1.524E+13 3.155E-01 3.602E-03 2.000E+05 9.578E-01 2.586E+04 5.393E+05
1.48111703E+02   4471.9 4.684E+06 1.838E+13 3.804E-01 3.446E-03 2.000E+05 9.677E-01 2.541E+04 5.466E+05
1.67083852E+02   4538.3 5.284E+06 2.197E+13 4.537E-01 3.283E-03 2.000E+05 9.743E-01 2.474E+04 5.534E+05
1.88278250E+02   4611.2 5.954E+06 2.641E+13 5.416E-01 3.171E-03 2.000E+05 9.792E-01 2.416E+04 5.611E+05
2.12132218E+02   4681.5 6.708E+06 3.154E+13 6.377E-01 3.033E-03 2.000E+05 9.834E-01 2.370E+04 5.682E+05
2.39033307E+02   4760.1 7.559E+06 3.797E+13 7.571E-01 2.952E-03 2.000E+05 9.861E-01 2.305E+04 5.764E+05
2.69340277E+02   4835.6 8.517E+06 4.539E+13 8.933E-01 2.961E-03 2.000E+05 9.882E-01 2.258E+04 5.839E+05
PRADK 1.9644E-01
BEGIN                    ITERATION  15 COMPLETED
