TEFF   8500.  GRAVITY 4.00000 LTE
TITLE  [-1.0] VTURB=2  L/H=1.25 NOVER NEW ODF
OPACITY IFOP 1 1 1 1 1 1 1 1 1 1 1 1 1 0 1 0 0 0 0 0
CONVECTION ON   1.25 TURBULENCE OFF  0.00  0.00  0.00  0.00
ABUNDANCE SCALE   0.10000 ABUNDANCE CHANGE 1 0.92140 2 0.07843
ABUNDANCE CHANGE  3 -10.94  4 -10.64  5  -9.49  6  -3.52  7  -4.12  8  -3.21
ABUNDANCE CHANGE  9  -7.48 10  -3.96 11  -5.71 12  -4.46 13  -5.57 14  -4.49
ABUNDANCE CHANGE 15  -6.59 16  -4.71 17  -6.54 18  -5.64 19  -6.92 20  -5.68
ABUNDANCE CHANGE 21  -8.87 22  -7.02 23  -8.04 24  -6.37 25  -6.65 26  -4.54
ABUNDANCE CHANGE 27  -7.12 28  -5.79 29  -7.83 30  -7.44 31  -9.16 32  -8.63
ABUNDANCE CHANGE 33  -9.67 34  -8.63 35  -9.41 36  -8.73 37  -9.44 38  -9.07
ABUNDANCE CHANGE 39  -9.80 40  -9.44 41 -10.62 42 -10.12 43 -20.00 44 -10.20
ABUNDANCE CHANGE 45 -10.92 46 -10.35 47 -11.10 48 -10.27 49 -10.38 50 -10.04
ABUNDANCE CHANGE 51 -11.04 52  -9.80 53 -10.53 54  -9.87 55 -10.91 56  -9.91
ABUNDANCE CHANGE 57 -10.87 58 -10.46 59 -11.33 60 -10.54 61 -20.00 62 -11.03
ABUNDANCE CHANGE 63 -11.53 64 -10.92 65 -11.69 66 -10.90 67 -11.78 68 -11.11
ABUNDANCE CHANGE 69 -12.04 70 -10.96 71 -11.98 72 -11.16 73 -12.17 74 -10.93
ABUNDANCE CHANGE 75 -11.76 76 -10.59 77 -10.69 78 -10.24 79 -11.03 80 -10.91
ABUNDANCE CHANGE 81 -11.14 82 -10.09 83 -11.33 84 -20.00 85 -20.00 86 -20.00
ABUNDANCE CHANGE 87 -20.00 88 -20.00 89 -20.00 90 -11.95 91 -20.00 92 -12.54
ABUNDANCE CHANGE 93 -20.00 94 -20.00 95 -20.00 96 -20.00 97 -20.00 98 -20.00
ABUNDANCE CHANGE 99 -20.00
READ DECK6 72 RHOX,T,P,XNE,ABROSS,ACCRAD,VTURB, FLXCNV,VCONV,VELSND
1.06665975E-05   5379.7 1.067E-01 4.631E+09 1.250E-02 1.387E+00 2.000E+05 0.000E+00 0.000E+00 3.029E+06
1.43560028E-05   5399.4 1.435E-01 5.691E+09 1.161E-02 1.379E+00 2.000E+05 0.000E+00 0.000E+00 2.703E+06
1.97123970E-05   5413.8 1.971E-01 6.962E+09 1.054E-02 1.365E+00 2.000E+05 0.000E+00 0.000E+00 2.408E+06
2.74890261E-05   5438.2 2.749E-01 8.809E+09 9.803E-03 1.353E+00 2.000E+05 0.000E+00 0.000E+00 2.130E+06
3.86334056E-05   5465.1 3.863E-01 1.126E+10 9.186E-03 1.337E+00 2.000E+05 0.000E+00 0.000E+00 1.884E+06
5.42992869E-05   5499.0 5.429E-01 1.464E+10 8.817E-03 1.320E+00 2.000E+05 0.000E+00 0.000E+00 1.668E+06
7.58529465E-05   5537.1 7.584E-01 1.915E+10 8.623E-03 1.299E+00 2.000E+05 0.000E+00 0.000E+00 1.486E+06
1.04923816E-04   5579.4 1.049E+00 2.516E+10 8.610E-03 1.275E+00 2.000E+05 0.000E+00 0.000E+00 1.335E+06
1.43358507E-04   5624.6 1.433E+00 3.304E+10 8.760E-03 1.249E+00 2.000E+05 0.000E+00 0.000E+00 1.210E+06
1.93331179E-04   5671.4 1.933E+00 4.319E+10 9.048E-03 1.222E+00 2.000E+05 0.000E+00 0.000E+00 1.110E+06
2.57412740E-04   5718.8 2.574E+00 5.606E+10 9.465E-03 1.195E+00 2.000E+05 0.000E+00 0.000E+00 1.030E+06
3.38636274E-04   5766.2 3.386E+00 7.220E+10 1.001E-02 1.170E+00 2.000E+05 0.000E+00 0.000E+00 9.658E+05
4.40559191E-04   5813.3 4.405E+00 9.220E+10 1.068E-02 1.148E+00 2.000E+05 0.000E+00 0.000E+00 9.151E+05
5.67409971E-04   5859.3 5.673E+00 1.167E+11 1.148E-02 1.129E+00 2.000E+05 0.000E+00 0.000E+00 8.751E+05
7.24224457E-04   5904.4 7.241E+00 1.464E+11 1.243E-02 1.114E+00 2.000E+05 0.000E+00 0.000E+00 8.436E+05
9.16953535E-04   5948.2 9.168E+00 1.821E+11 1.352E-02 1.102E+00 2.000E+05 0.000E+00 0.000E+00 8.189E+05
1.15271198E-03   5990.7 1.153E+01 2.248E+11 1.476E-02 1.094E+00 2.000E+05 0.000E+00 0.000E+00 7.995E+05
1.44001713E-03   6031.6 1.440E+01 2.753E+11 1.618E-02 1.092E+00 2.000E+05 0.000E+00 0.000E+00 7.844E+05
1.78910340E-03   6071.2 1.789E+01 3.348E+11 1.778E-02 1.097E+00 2.000E+05 0.000E+00 0.000E+00 7.727E+05
2.21207661E-03   6109.5 2.212E+01 4.046E+11 1.960E-02 1.107E+00 2.000E+05 0.000E+00 0.000E+00 7.637E+05
2.72304687E-03   6147.0 2.723E+01 4.866E+11 2.167E-02 1.125E+00 2.000E+05 0.000E+00 0.000E+00 7.568E+05
3.33789894E-03   6184.4 3.338E+01 5.833E+11 2.407E-02 1.151E+00 2.000E+05 0.000E+00 0.000E+00 7.516E+05
4.07420286E-03   6222.1 4.074E+01 6.975E+11 2.687E-02 1.184E+00 2.000E+05 0.000E+00 0.000E+00 7.478E+05
4.95172225E-03   6260.4 4.951E+01 8.324E+11 3.013E-02 1.223E+00 2.000E+05 0.000E+00 0.000E+00 7.451E+05
5.99297687E-03   6299.3 5.992E+01 9.916E+11 3.392E-02 1.266E+00 2.000E+05 0.000E+00 0.000E+00 7.434E+05
7.22426286E-03   6338.5 7.223E+01 1.178E+12 3.830E-02 1.315E+00 2.000E+05 0.000E+00 0.000E+00 7.424E+05
8.67731395E-03   6377.6 8.676E+01 1.396E+12 4.330E-02 1.368E+00 2.000E+05 0.000E+00 0.000E+00 7.421E+05
1.03909184E-02   6416.1 1.039E+02 1.649E+12 4.896E-02 1.427E+00 2.000E+05 0.000E+00 0.000E+00 7.423E+05
1.24131884E-02   6453.6 1.241E+02 1.938E+12 5.529E-02 1.493E+00 2.000E+05 0.000E+00 0.000E+00 7.428E+05
1.48030396E-02   6490.0 1.480E+02 2.271E+12 6.235E-02 1.567E+00 2.000E+05 0.000E+00 0.000E+00 7.438E+05
1.76307094E-02   6525.5 1.763E+02 2.652E+12 7.024E-02 1.651E+00 2.000E+05 0.000E+00 0.000E+00 7.450E+05
2.09791223E-02   6560.4 2.098E+02 3.090E+12 7.908E-02 1.745E+00 2.000E+05 0.000E+00 0.000E+00 7.465E+05
2.49440827E-02   6595.3 2.494E+02 3.596E+12 8.908E-02 1.850E+00 2.000E+05 0.000E+00 0.000E+00 7.482E+05
2.96367126E-02   6630.2 2.963E+02 4.181E+12 1.004E-01 1.968E+00 2.000E+05 0.000E+00 0.000E+00 7.501E+05
3.51851801E-02   6665.4 3.518E+02 4.860E+12 1.133E-01 2.100E+00 2.000E+05 0.000E+00 0.000E+00 7.521E+05
4.17398136E-02   6700.9 4.173E+02 5.644E+12 1.279E-01 2.249E+00 2.000E+05 0.000E+00 0.000E+00 7.543E+05
4.94813567E-02   6736.4 4.947E+02 6.549E+12 1.444E-01 2.415E+00 2.000E+05 0.000E+00 0.000E+00 7.566E+05
5.86269576E-02   6771.8 5.862E+02 7.590E+12 1.630E-01 2.603E+00 2.000E+05 0.000E+00 0.000E+00 7.590E+05
6.94302705E-02   6807.5 6.942E+02 8.795E+12 1.841E-01 2.818E+00 2.000E+05 0.000E+00 0.000E+00 7.616E+05
8.21824630E-02   6844.0 8.216E+02 1.020E+13 2.081E-01 3.066E+00 2.000E+05 0.000E+00 0.000E+00 7.642E+05
9.72027462E-02   6882.4 9.718E+02 1.184E+13 2.360E-01 3.361E+00 2.000E+05 0.000E+00 0.000E+00 7.669E+05
1.14813073E-01   6924.5 1.148E+03 1.382E+13 2.692E-01 3.719E+00 2.000E+05 0.000E+00 0.000E+00 7.696E+05
1.35325124E-01   6971.1 1.353E+03 1.622E+13 3.094E-01 4.158E+00 2.000E+05 0.000E+00 0.000E+00 7.725E+05
1.59023388E-01   7023.9 1.590E+03 1.918E+13 3.588E-01 4.704E+00 2.000E+05 0.000E+00 0.000E+00 7.754E+05
1.86121133E-01   7084.5 1.861E+03 2.289E+13 4.209E-01 5.398E+00 2.000E+05 0.000E+00 0.000E+00 7.783E+05
2.16683001E-01   7155.7 2.166E+03 2.764E+13 5.017E-01 6.304E+00 2.000E+05 0.000E+00 0.000E+00 7.814E+05
2.50586305E-01   7239.1 2.505E+03 3.382E+13 6.082E-01 7.505E+00 2.000E+05 0.000E+00 0.000E+00 7.846E+05
2.87489944E-01   7337.7 2.874E+03 4.202E+13 7.532E-01 9.147E+00 2.000E+05 0.000E+00 0.000E+00 7.880E+05
3.26732091E-01   7455.1 3.266E+03 5.317E+13 9.571E-01 1.146E+01 2.000E+05 0.000E+00 0.000E+00 7.919E+05
3.67302541E-01   7595.5 3.671E+03 6.865E+13 1.254E+00 1.484E+01 2.000E+05 1.105E-12 1.313E+02 7.965E+05
4.07840586E-01   7763.9 4.075E+03 9.070E+13 1.706E+00 1.991E+01 2.000E+05 5.025E-11 4.454E+02 8.024E+05
4.46823641E-01   7963.5 4.464E+03 1.224E+14 2.413E+00 2.779E+01 2.000E+05 6.199E-10 9.794E+02 8.101E+05
4.82753714E-01   8200.7 4.822E+03 1.689E+14 3.571E+00 4.051E+01 2.000E+05 9.243E-09 2.301E+03 8.209E+05
5.14410871E-01   8479.8 5.137E+03 2.373E+14 5.524E+00 6.150E+01 2.000E+05 2.253E-07 6.401E+03 8.361E+05
5.41109434E-01   8807.0 5.402E+03 3.381E+14 8.907E+00 9.714E+01 2.000E+05 8.078E-06 2.044E+04 8.579E+05
5.62891418E-01   9184.0 5.617E+03 4.824E+14 1.470E+01 1.564E+02 2.000E+05 2.934E-04 6.647E+04 8.889E+05
5.80504950E-01   9612.0 5.790E+03 6.788E+14 2.409E+01 2.492E+02 2.000E+05 3.253E-03 1.482E+05 9.324E+05
5.95046879E-01  10092.6 5.931E+03 9.247E+14 3.779E+01 3.775E+02 2.000E+05 1.563E-02 2.557E+05 9.922E+05
6.08092242E-01  10607.4 6.056E+03 1.185E+15 5.313E+01 5.068E+02 2.000E+05 4.043E-02 3.672E+05 1.067E+06
6.21312150E-01  11167.4 6.180E+03 1.418E+15 6.577E+01 6.205E+02 2.000E+05 6.160E-02 4.525E+05 1.155E+06
6.36915079E-01  11819.4 6.326E+03 1.589E+15 6.785E+01 6.605E+02 2.000E+05 1.537E-02 3.087E+05 1.254E+06
6.59163038E-01  12603.7 6.535E+03 1.678E+15 5.854E+01 5.876E+02 2.000E+05 7.903E-04 1.298E+05 1.361E+06
6.95631245E-01  13440.7 6.881E+03 1.722E+15 4.478E+01 4.483E+02 2.000E+05 3.951E-06 2.526E+04 1.471E+06
7.61090037E-01  14387.5 7.510E+03 1.786E+15 3.301E+01 3.294E+02 2.000E+05 2.619E-08 5.175E+03 1.583E+06
8.76767334E-01  15368.4 8.634E+03 1.940E+15 2.562E+01 2.532E+02 2.000E+05 1.212E-09 1.833E+03 1.646E+06
1.06993598E+00  16474.0 1.052E+04 2.226E+15 2.110E+01 2.085E+02 2.000E+05 7.124E-10 1.410E+03 1.678E+06
1.36683619E+00  17626.1 1.343E+04 2.685E+15 1.912E+01 1.877E+02 2.000E+05 7.188E-10 1.311E+03 1.733E+06
1.79613178E+00  18919.0 1.765E+04 3.323E+15 1.790E+01 1.758E+02 2.000E+05 6.361E-11 5.699E+02 1.833E+06
2.39550038E+00  20269.7 2.354E+04 4.164E+15 1.735E+01 1.698E+02 2.000E+05 0.000E+00 0.000E+00 1.962E+06
3.21705088E+00  21772.8 3.162E+04 5.226E+15 1.696E+01 1.663E+02 2.000E+05 0.000E+00 0.000E+00 2.103E+06
4.31794825E+00  23357.8 4.244E+04 6.551E+15 1.713E+01 1.669E+02 2.000E+05 0.000E+00 0.000E+00 2.227E+06
5.76373956E+00  25083.9 5.666E+04 8.150E+15 1.747E+01 1.637E+02 2.000E+05 0.000E+00 0.000E+00 2.335E+06
PRADK 6.9977E+00
BEGIN                    ITERATION  15 COMPLETED
