TEFF   8250.  GRAVITY 3.00000 LTE
TITLE  [-1.0] VTURB=2  L/H=1.25 NOVER NEW ODF
OPACITY IFOP 1 1 1 1 1 1 1 1 1 1 1 1 1 0 1 0 0 0 0 0
CONVECTION ON   1.25 TURBULENCE OFF  0.00  0.00  0.00  0.00
ABUNDANCE SCALE   0.10000 ABUNDANCE CHANGE 1 0.92140 2 0.07843
ABUNDANCE CHANGE  3 -10.94  4 -10.64  5  -9.49  6  -3.52  7  -4.12  8  -3.21
ABUNDANCE CHANGE  9  -7.48 10  -3.96 11  -5.71 12  -4.46 13  -5.57 14  -4.49
ABUNDANCE CHANGE 15  -6.59 16  -4.71 17  -6.54 18  -5.64 19  -6.92 20  -5.68
ABUNDANCE CHANGE 21  -8.87 22  -7.02 23  -8.04 24  -6.37 25  -6.65 26  -4.54
ABUNDANCE CHANGE 27  -7.12 28  -5.79 29  -7.83 30  -7.44 31  -9.16 32  -8.63
ABUNDANCE CHANGE 33  -9.67 34  -8.63 35  -9.41 36  -8.73 37  -9.44 38  -9.07
ABUNDANCE CHANGE 39  -9.80 40  -9.44 41 -10.62 42 -10.12 43 -20.00 44 -10.20
ABUNDANCE CHANGE 45 -10.92 46 -10.35 47 -11.10 48 -10.27 49 -10.38 50 -10.04
ABUNDANCE CHANGE 51 -11.04 52  -9.80 53 -10.53 54  -9.87 55 -10.91 56  -9.91
ABUNDANCE CHANGE 57 -10.87 58 -10.46 59 -11.33 60 -10.54 61 -20.00 62 -11.03
ABUNDANCE CHANGE 63 -11.53 64 -10.92 65 -11.69 66 -10.90 67 -11.78 68 -11.11
ABUNDANCE CHANGE 69 -12.04 70 -10.96 71 -11.98 72 -11.16 73 -12.17 74 -10.93
ABUNDANCE CHANGE 75 -11.76 76 -10.59 77 -10.69 78 -10.24 79 -11.03 80 -10.91
ABUNDANCE CHANGE 81 -11.14 82 -10.09 83 -11.33 84 -20.00 85 -20.00 86 -20.00
ABUNDANCE CHANGE 87 -20.00 88 -20.00 89 -20.00 90 -11.95 91 -20.00 92 -12.54
ABUNDANCE CHANGE 93 -20.00 94 -20.00 95 -20.00 96 -20.00 97 -20.00 98 -20.00
ABUNDANCE CHANGE 99 -20.00
READ DECK6 72 RHOX,T,P,XNE,ABROSS,ACCRAD,VTURB, FLXCNV,VCONV,VELSND
8.63737097E-06   5070.2 8.631E-03 5.241E+08 1.544E-02 7.954E-01 2.000E+05 0.000E+00 0.000E+00 8.523E+06
1.16444771E-05   5086.7 1.164E-02 6.432E+08 1.414E-02 7.842E-01 2.000E+05 0.000E+00 0.000E+00 7.540E+06
1.60825708E-05   5097.6 1.607E-02 7.858E+08 1.259E-02 7.688E-01 2.000E+05 0.000E+00 0.000E+00 6.641E+06
2.26697366E-05   5117.6 2.265E-02 9.959E+08 1.143E-02 7.558E-01 2.000E+05 0.000E+00 0.000E+00 5.784E+06
3.23586251E-05   5141.0 3.233E-02 1.282E+09 1.043E-02 7.418E-01 2.000E+05 0.000E+00 0.000E+00 5.012E+06
4.63863426E-05   5170.4 4.635E-02 1.681E+09 9.694E-03 7.273E-01 2.000E+05 0.000E+00 0.000E+00 4.328E+06
6.63441272E-05   5204.7 6.629E-02 2.232E+09 9.160E-03 7.112E-01 2.000E+05 0.000E+00 0.000E+00 3.735E+06
9.42471846E-05   5243.8 9.417E-02 2.988E+09 8.811E-03 6.934E-01 2.000E+05 0.000E+00 0.000E+00 3.227E+06
1.32600720E-04   5286.4 1.325E-01 4.013E+09 8.610E-03 6.739E-01 2.000E+05 0.000E+00 0.000E+00 2.799E+06
1.84576507E-04   5331.6 1.844E-01 5.389E+09 8.523E-03 6.532E-01 2.000E+05 0.000E+00 0.000E+00 2.439E+06
2.54226155E-04   5378.3 2.540E-01 7.210E+09 8.519E-03 6.321E-01 2.000E+05 0.000E+00 0.000E+00 2.138E+06
3.46778667E-04   5425.7 3.465E-01 9.596E+09 8.578E-03 6.117E-01 2.000E+05 0.000E+00 0.000E+00 1.888E+06
4.68943093E-04   5473.3 4.686E-01 1.270E+10 8.691E-03 5.924E-01 2.000E+05 0.000E+00 0.000E+00 1.679E+06
6.29290488E-04   5520.8 6.289E-01 1.669E+10 8.852E-03 5.745E-01 2.000E+05 0.000E+00 0.000E+00 1.505E+06
8.38685646E-04   5568.3 8.381E-01 2.182E+10 9.062E-03 5.576E-01 2.000E+05 0.000E+00 0.000E+00 1.360E+06
1.11080428E-03   5615.0 1.110E+00 2.832E+10 9.317E-03 5.419E-01 2.000E+05 0.000E+00 0.000E+00 1.240E+06
1.46309149E-03   5660.8 1.462E+00 3.650E+10 9.612E-03 5.281E-01 2.000E+05 0.000E+00 0.000E+00 1.141E+06
1.91782943E-03   5705.0 1.917E+00 4.666E+10 9.941E-03 5.167E-01 2.000E+05 0.000E+00 0.000E+00 1.059E+06
2.50346835E-03   5747.4 2.502E+00 5.918E+10 1.031E-02 5.090E-01 2.000E+05 0.000E+00 0.000E+00 9.928E+05
3.25509488E-03   5788.7 3.253E+00 7.459E+10 1.074E-02 5.059E-01 2.000E+05 0.000E+00 0.000E+00 9.384E+05
4.21373995E-03   5829.7 4.211E+00 9.362E+10 1.127E-02 5.078E-01 2.000E+05 0.000E+00 0.000E+00 8.942E+05
5.42535566E-03   5871.3 5.422E+00 1.172E+11 1.195E-02 5.135E-01 2.000E+05 0.000E+00 0.000E+00 8.585E+05
6.93938480E-03   5914.3 6.936E+00 1.464E+11 1.283E-02 5.227E-01 2.000E+05 0.000E+00 0.000E+00 8.299E+05
8.80758059E-03   5958.8 8.803E+00 1.826E+11 1.395E-02 5.348E-01 2.000E+05 0.000E+00 0.000E+00 8.072E+05
1.10842812E-02   6004.9 1.108E+01 2.273E+11 1.535E-02 5.500E-01 2.000E+05 0.000E+00 0.000E+00 7.895E+05
1.38277342E-02   6052.3 1.382E+01 2.819E+11 1.707E-02 5.677E-01 2.000E+05 0.000E+00 0.000E+00 7.757E+05
1.71048828E-02   6100.3 1.710E+01 3.480E+11 1.913E-02 5.873E-01 2.000E+05 0.000E+00 0.000E+00 7.652E+05
2.09957629E-02   6148.0 2.098E+01 4.271E+11 2.152E-02 6.085E-01 2.000E+05 0.000E+00 0.000E+00 7.573E+05
2.56025440E-02   6194.4 2.559E+01 5.202E+11 2.425E-02 6.319E-01 2.000E+05 0.000E+00 0.000E+00 7.515E+05
3.10582681E-02   6238.7 3.104E+01 6.282E+11 2.728E-02 6.579E-01 2.000E+05 0.000E+00 0.000E+00 7.472E+05
3.75296827E-02   6281.0 3.751E+01 7.533E+11 3.065E-02 6.879E-01 2.000E+05 0.000E+00 0.000E+00 7.442E+05
4.52188412E-02   6321.3 4.519E+01 8.974E+11 3.437E-02 7.217E-01 2.000E+05 0.000E+00 0.000E+00 7.422E+05
5.43662581E-02   6360.2 5.433E+01 1.064E+12 3.851E-02 7.600E-01 2.000E+05 0.000E+00 0.000E+00 7.405E+05
6.52535808E-02   6397.9 6.521E+01 1.256E+12 4.315E-02 8.031E-01 2.000E+05 0.000E+00 0.000E+00 7.403E+05
7.82101366E-02   6434.9 7.816E+01 1.478E+12 4.836E-02 8.519E-01 2.000E+05 0.000E+00 0.000E+00 7.403E+05
9.36192472E-02   6471.4 9.355E+01 1.736E+12 5.425E-02 9.072E-01 2.000E+05 0.000E+00 0.000E+00 7.406E+05
1.11919622E-01   6508.1 1.118E+02 2.037E+12 6.097E-02 9.710E-01 2.000E+05 0.000E+00 0.000E+00 7.414E+05
1.33608942E-01   6545.2 1.335E+02 2.388E+12 6.868E-02 1.045E+00 2.000E+05 0.000E+00 0.000E+00 7.425E+05
1.59261198E-01   6582.8 1.591E+02 2.798E+12 7.752E-02 1.130E+00 2.000E+05 0.000E+00 0.000E+00 7.439E+05
1.89518918E-01   6621.7 1.893E+02 3.280E+12 8.780E-02 1.229E+00 2.000E+05 0.000E+00 0.000E+00 7.455E+05
2.25059152E-01   6662.6 2.248E+02 3.852E+12 9.990E-02 1.349E+00 2.000E+05 0.000E+00 0.000E+00 7.473E+05
2.66585725E-01   6706.7 2.663E+02 4.538E+12 1.144E-01 1.493E+00 2.000E+05 0.000E+00 0.000E+00 7.493E+05
3.14768510E-01   6754.9 3.144E+02 5.372E+12 1.320E-01 1.672E+00 2.000E+05 0.000E+00 0.000E+00 7.515E+05
3.70135504E-01   6809.6 3.697E+02 6.408E+12 1.541E-01 1.899E+00 2.000E+05 0.000E+00 0.000E+00 7.540E+05
4.32977702E-01   6871.9 4.324E+02 7.711E+12 1.822E-01 2.192E+00 2.000E+05 0.000E+00 0.000E+00 7.566E+05
5.03257727E-01   6944.2 5.025E+02 9.384E+12 2.191E-01 2.580E+00 2.000E+05 0.000E+00 0.000E+00 7.595E+05
5.80428412E-01   7029.0 5.795E+02 1.157E+13 2.689E-01 3.105E+00 2.000E+05 0.000E+00 0.000E+00 7.627E+05
6.63263572E-01   7129.6 6.620E+02 1.451E+13 3.384E-01 3.838E+00 2.000E+05 0.000E+00 0.000E+00 7.665E+05
7.49756732E-01   7249.1 7.481E+02 1.852E+13 4.388E-01 4.894E+00 2.000E+05 1.342E-14 4.602E+01 7.711E+05
8.37232291E-01   7391.0 8.351E+02 2.411E+13 5.887E-01 6.465E+00 2.000E+05 4.701E-13 1.432E+02 7.770E+05
9.22479019E-01   7560.0 9.197E+02 3.206E+13 8.223E-01 8.896E+00 2.000E+05 4.274E-12 2.846E+02 7.848E+05
1.00200013E+00   7761.7 9.984E+02 4.358E+13 1.203E+00 1.279E+01 2.000E+05 4.198E-11 5.824E+02 7.956E+05
1.07276187E+00   7999.3 1.068E+03 6.031E+13 1.846E+00 1.923E+01 2.000E+05 7.090E-10 1.437E+03 8.107E+05
1.13289212E+00   8278.0 1.127E+03 8.460E+13 2.958E+00 3.010E+01 2.000E+05 2.102E-08 4.320E+03 8.321E+05
1.18211222E+00   8598.7 1.174E+03 1.188E+14 4.878E+00 4.823E+01 2.000E+05 8.156E-07 1.441E+04 8.623E+05
1.22181735E+00   8961.9 1.211E+03 1.646E+14 8.044E+00 7.694E+01 2.000E+05 2.836E-05 4.719E+04 9.044E+05
1.25426034E+00   9371.8 1.241E+03 2.212E+14 1.285E+01 1.188E+02 2.000E+05 4.275E-04 1.196E+05 9.622E+05
1.28250194E+00   9825.6 1.265E+03 2.815E+14 1.865E+01 1.680E+02 2.000E+05 1.408E-03 1.867E+05 1.037E+06
1.31054701E+00  10343.0 1.288E+03 3.348E+14 2.338E+01 2.070E+02 2.000E+05 1.424E-03 2.016E+05 1.127E+06
1.34333106E+00  10916.6 1.313E+03 3.684E+14 2.430E+01 2.145E+02 2.000E+05 1.986E-04 1.153E+05 1.221E+06
1.38977744E+00  11576.0 1.351E+03 3.832E+14 2.112E+01 1.873E+02 2.000E+05 1.978E-06 2.821E+04 1.321E+06
1.46499650E+00  12301.0 1.413E+03 3.892E+14 1.642E+01 1.459E+02 2.000E+05 1.025E-08 5.587E+03 1.432E+06
1.59805518E+00  13118.2 1.530E+03 4.005E+14 1.223E+01 1.086E+02 2.000E+05 8.978E-11 1.257E+03 1.548E+06
1.83402226E+00  13998.3 1.743E+03 4.307E+14 9.343E+00 8.245E+01 2.000E+05 3.541E-12 4.241E+02 1.615E+06
2.23308548E+00  14968.4 2.113E+03 4.917E+14 7.618E+00 6.695E+01 2.000E+05 1.871E-12 3.134E+02 1.634E+06
2.85827797E+00  16006.5 2.699E+03 5.934E+14 6.735E+00 5.889E+01 2.000E+05 3.528E-12 3.515E+02 1.671E+06
3.77592790E+00  17146.9 3.565E+03 7.400E+14 6.253E+00 5.462E+01 2.000E+05 9.141E-13 2.144E+02 1.756E+06
5.07493981E+00  18368.2 4.795E+03 9.365E+14 5.955E+00 5.189E+01 2.000E+05 0.000E+00 0.000E+00 1.879E+06
6.88303653E+00  19704.2 6.511E+03 1.190E+15 5.739E+00 5.002E+01 2.000E+05 0.000E+00 0.000E+00 2.016E+06
9.35683884E+00  21134.9 8.863E+03 1.513E+15 5.651E+00 4.917E+01 2.000E+05 0.000E+00 0.000E+00 2.137E+06
1.26787398E+01  22688.9 1.202E+04 1.913E+15 5.653E+00 4.913E+01 2.000E+05 0.000E+00 0.000E+00 2.239E+06
1.70700059E+01  24354.7 1.620E+04 2.403E+15 5.738E+00 4.809E+01 2.000E+05 0.000E+00 0.000E+00 2.331E+06
PRADK 6.2025E+00
BEGIN                    ITERATION  15 COMPLETED
