TEFF   9500.  GRAVITY 2.50000 LTE
TITLE  [-1.0] VTURB=2  L/H=1.25 NOVER NEW ODF
OPACITY IFOP 1 1 1 1 1 1 1 1 1 1 1 1 1 0 1 0 0 0 0 0
CONVECTION ON   1.25 TURBULENCE OFF  0.00  0.00  0.00  0.00
ABUNDANCE SCALE   0.10000 ABUNDANCE CHANGE 1 0.92140 2 0.07843
ABUNDANCE CHANGE  3 -10.94  4 -10.64  5  -9.49  6  -3.52  7  -4.12  8  -3.21
ABUNDANCE CHANGE  9  -7.48 10  -3.96 11  -5.71 12  -4.46 13  -5.57 14  -4.49
ABUNDANCE CHANGE 15  -6.59 16  -4.71 17  -6.54 18  -5.64 19  -6.92 20  -5.68
ABUNDANCE CHANGE 21  -8.87 22  -7.02 23  -8.04 24  -6.37 25  -6.65 26  -4.54
ABUNDANCE CHANGE 27  -7.12 28  -5.79 29  -7.83 30  -7.44 31  -9.16 32  -8.63
ABUNDANCE CHANGE 33  -9.67 34  -8.63 35  -9.41 36  -8.73 37  -9.44 38  -9.07
ABUNDANCE CHANGE 39  -9.80 40  -9.44 41 -10.62 42 -10.12 43 -20.00 44 -10.20
ABUNDANCE CHANGE 45 -10.92 46 -10.35 47 -11.10 48 -10.27 49 -10.38 50 -10.04
ABUNDANCE CHANGE 51 -11.04 52  -9.80 53 -10.53 54  -9.87 55 -10.91 56  -9.91
ABUNDANCE CHANGE 57 -10.87 58 -10.46 59 -11.33 60 -10.54 61 -20.00 62 -11.03
ABUNDANCE CHANGE 63 -11.53 64 -10.92 65 -11.69 66 -10.90 67 -11.78 68 -11.11
ABUNDANCE CHANGE 69 -12.04 70 -10.96 71 -11.98 72 -11.16 73 -12.17 74 -10.93
ABUNDANCE CHANGE 75 -11.76 76 -10.59 77 -10.69 78 -10.24 79 -11.03 80 -10.91
ABUNDANCE CHANGE 81 -11.14 82 -10.09 83 -11.33 84 -20.00 85 -20.00 86 -20.00
ABUNDANCE CHANGE 87 -20.00 88 -20.00 89 -20.00 90 -11.95 91 -20.00 92 -12.54
ABUNDANCE CHANGE 93 -20.00 94 -20.00 95 -20.00 96 -20.00 97 -20.00 98 -20.00
ABUNDANCE CHANGE 99 -20.00
READ DECK6 72 RHOX,T,P,XNE,ABROSS,ACCRAD,VTURB, FLXCNV,VCONV,VELSND
4.57416099E-07   5873.6 1.415E-04 8.212E+07 2.915E-01 6.969E+00 2.000E+05 0.000E+00 0.000E+00 1.955E+08
6.10663425E-07   5874.6 1.888E-04 1.090E+08 2.889E-01 7.072E+00 2.000E+05 0.000E+00 0.000E+00 1.486E+08
8.17257446E-07   5876.4 2.527E-04 1.448E+08 2.853E-01 7.172E+00 2.000E+05 0.000E+00 0.000E+00 1.153E+08
1.09683578E-06   5878.4 3.391E-04 1.923E+08 2.805E-01 7.251E+00 2.000E+05 0.000E+00 0.000E+00 9.093E+07
1.47666447E-06   5884.0 4.565E-04 2.556E+08 2.749E-01 7.257E+00 2.000E+05 0.000E+00 0.000E+00 7.279E+07
1.99496923E-06   5889.4 6.166E-04 3.398E+08 2.679E-01 7.253E+00 2.000E+05 0.000E+00 0.000E+00 5.875E+07
2.70611391E-06   5896.8 8.363E-04 4.519E+08 2.597E-01 7.242E+00 2.000E+05 0.000E+00 0.000E+00 4.781E+07
3.68762527E-06   5905.3 1.140E-03 6.011E+08 2.502E-01 7.203E+00 2.000E+05 0.000E+00 0.000E+00 3.906E+07
5.05117851E-06   5915.9 1.561E-03 8.000E+08 2.394E-01 7.125E+00 2.000E+05 0.000E+00 0.000E+00 3.211E+07
6.95727850E-06   5928.8 2.150E-03 1.065E+09 2.278E-01 7.042E+00 2.000E+05 0.000E+00 0.000E+00 2.649E+07
9.63694721E-06   5944.5 2.979E-03 1.420E+09 2.155E-01 6.957E+00 2.000E+05 0.000E+00 0.000E+00 2.193E+07
1.34196288E-05   5964.1 4.149E-03 1.895E+09 2.033E-01 6.849E+00 2.000E+05 0.000E+00 0.000E+00 1.820E+07
1.87729223E-05   5987.2 5.806E-03 2.533E+09 1.915E-01 6.737E+00 2.000E+05 0.000E+00 0.000E+00 1.514E+07
2.63408778E-05   6016.2 8.148E-03 3.393E+09 1.810E-01 6.637E+00 2.000E+05 0.000E+00 0.000E+00 1.265E+07
3.69889612E-05   6050.5 1.145E-02 4.554E+09 1.720E-01 6.542E+00 2.000E+05 0.000E+00 0.000E+00 1.061E+07
5.18610994E-05   6091.1 1.605E-02 6.121E+09 1.650E-01 6.446E+00 2.000E+05 0.000E+00 0.000E+00 8.944E+06
7.24208392E-05   6137.7 2.242E-02 8.233E+09 1.600E-01 6.363E+00 2.000E+05 0.000E+00 0.000E+00 7.586E+06
1.00524700E-04   6189.6 3.113E-02 1.106E+10 1.569E-01 6.282E+00 2.000E+05 0.000E+00 0.000E+00 6.476E+06
1.38514599E-04   6246.2 4.291E-02 1.484E+10 1.556E-01 6.185E+00 2.000E+05 0.000E+00 0.000E+00 5.566E+06
1.89343369E-04   6306.2 5.867E-02 1.983E+10 1.558E-01 6.104E+00 2.000E+05 0.000E+00 0.000E+00 4.815E+06
2.56739304E-04   6368.6 7.957E-02 2.637E+10 1.573E-01 6.042E+00 2.000E+05 0.000E+00 0.000E+00 4.192E+06
3.45451941E-04   6432.4 1.071E-01 3.488E+10 1.598E-01 5.998E+00 2.000E+05 0.000E+00 0.000E+00 3.669E+06
4.61530741E-04   6497.1 1.431E-01 4.588E+10 1.633E-01 5.964E+00 2.000E+05 0.000E+00 0.000E+00 3.231E+06
6.12684045E-04   6561.7 1.900E-01 5.997E+10 1.676E-01 5.953E+00 2.000E+05 0.000E+00 0.000E+00 2.859E+06
8.08768135E-04   6626.1 2.508E-01 7.796E+10 1.726E-01 5.964E+00 2.000E+05 0.000E+00 0.000E+00 2.544E+06
1.06210684E-03   6690.8 3.294E-01 1.009E+11 1.785E-01 5.988E+00 2.000E+05 0.000E+00 0.000E+00 2.276E+06
1.38809455E-03   6755.0 4.306E-01 1.298E+11 1.853E-01 6.031E+00 2.000E+05 0.000E+00 0.000E+00 2.049E+06
1.80633120E-03   6817.7 5.603E-01 1.661E+11 1.928E-01 6.107E+00 2.000E+05 0.000E+00 0.000E+00 1.854E+06
2.34162174E-03   6878.8 7.263E-01 2.115E+11 2.011E-01 6.216E+00 2.000E+05 0.000E+00 0.000E+00 1.688E+06
3.02509539E-03   6937.8 9.381E-01 2.677E+11 2.102E-01 6.359E+00 2.000E+05 0.000E+00 0.000E+00 1.547E+06
3.89585166E-03   6995.1 1.208E+00 3.371E+11 2.202E-01 6.522E+00 2.000E+05 0.000E+00 0.000E+00 1.428E+06
5.00502121E-03   7048.0 1.551E+00 4.216E+11 2.304E-01 6.714E+00 2.000E+05 0.000E+00 0.000E+00 1.325E+06
6.41985666E-03   7097.3 1.989E+00 5.242E+11 2.408E-01 6.950E+00 2.000E+05 0.000E+00 0.000E+00 1.238E+06
8.22365094E-03   7144.4 2.547E+00 6.491E+11 2.521E-01 7.230E+00 2.000E+05 0.000E+00 0.000E+00 1.165E+06
1.05180317E-02   7190.0 3.255E+00 8.008E+11 2.648E-01 7.569E+00 2.000E+05 0.000E+00 0.000E+00 1.103E+06
1.34171497E-02   7237.7 4.149E+00 9.870E+11 2.807E-01 7.967E+00 2.000E+05 0.000E+00 0.000E+00 1.054E+06
1.70520262E-02   7285.7 5.269E+00 1.212E+12 2.995E-01 8.427E+00 2.000E+05 0.000E+00 0.000E+00 1.013E+06
2.15785662E-02   7334.7 6.661E+00 1.485E+12 3.219E-01 8.965E+00 2.000E+05 0.000E+00 0.000E+00 9.811E+05
2.71714801E-02   7385.1 8.378E+00 1.813E+12 3.488E-01 9.596E+00 2.000E+05 0.000E+00 0.000E+00 9.556E+05
3.40248530E-02   7437.5 1.048E+01 2.208E+12 3.811E-01 1.034E+01 2.000E+05 0.000E+00 0.000E+00 9.358E+05
4.23400037E-02   7494.0 1.302E+01 2.686E+12 4.211E-01 1.124E+01 2.000E+05 0.000E+00 0.000E+00 9.211E+05
5.23265457E-02   7553.6 1.606E+01 3.259E+12 4.697E-01 1.233E+01 2.000E+05 0.000E+00 0.000E+00 9.106E+05
6.41851327E-02   7620.1 1.965E+01 3.957E+12 5.314E-01 1.369E+01 2.000E+05 0.000E+00 0.000E+00 9.043E+05
7.80491344E-02   7695.8 2.384E+01 4.812E+12 6.111E-01 1.541E+01 2.000E+05 0.000E+00 0.000E+00 9.022E+05
9.39792148E-02   7782.2 2.861E+01 5.862E+12 7.156E-01 1.762E+01 2.000E+05 0.000E+00 0.000E+00 9.041E+05
1.11930340E-01   7883.3 3.395E+01 7.160E+12 8.557E-01 2.049E+01 2.000E+05 0.000E+00 0.000E+00 9.107E+05
1.31740763E-01   8001.6 3.977E+01 8.765E+12 1.044E+00 2.422E+01 2.000E+05 0.000E+00 0.000E+00 9.225E+05
1.53198259E-01   8138.7 4.598E+01 1.073E+13 1.296E+00 2.902E+01 2.000E+05 0.000E+00 0.000E+00 9.399E+05
1.76117664E-01   8299.4 5.250E+01 1.310E+13 1.625E+00 3.492E+01 2.000E+05 0.000E+00 0.000E+00 9.641E+05
2.00442250E-01   8482.6 5.926E+01 1.589E+13 2.042E+00 4.204E+01 2.000E+05 0.000E+00 0.000E+00 9.951E+05
2.26298315E-01   8693.2 6.624E+01 1.906E+13 2.546E+00 5.023E+01 2.000E+05 0.000E+00 0.000E+00 1.034E+06
2.54384682E-01   8936.1 7.360E+01 2.253E+13 3.083E+00 5.805E+01 2.000E+05 0.000E+00 0.000E+00 1.081E+06
2.85899216E-01   9212.0 8.162E+01 2.615E+13 3.588E+00 6.471E+01 2.000E+05 0.000E+00 0.000E+00 1.135E+06
3.23003178E-01   9526.8 9.087E+01 2.986E+13 3.956E+00 6.849E+01 2.000E+05 0.000E+00 0.000E+00 1.197E+06
3.69157596E-01   9884.7 1.023E+02 3.375E+13 4.135E+00 6.914E+01 2.000E+05 0.000E+00 0.000E+00 1.268E+06
4.29620134E-01  10290.5 1.173E+02 3.816E+13 4.119E+00 6.676E+01 2.000E+05 0.000E+00 0.000E+00 1.353E+06
5.11996404E-01  10750.1 1.380E+02 4.365E+13 3.977E+00 6.308E+01 2.000E+05 0.000E+00 0.000E+00 1.448E+06
6.26838913E-01  11274.4 1.673E+02 5.091E+13 3.769E+00 5.917E+01 2.000E+05 0.000E+00 0.000E+00 1.542E+06
7.89887008E-01  11868.1 2.096E+02 6.090E+13 3.515E+00 5.490E+01 2.000E+05 0.000E+00 0.000E+00 1.619E+06
1.02432154E+00  12546.5 2.713E+02 7.484E+13 3.249E+00 5.087E+01 2.000E+05 0.000E+00 0.000E+00 1.667E+06
1.36184219E+00  13308.4 3.615E+02 9.434E+13 3.020E+00 4.740E+01 2.000E+05 0.000E+00 0.000E+00 1.682E+06
1.84393273E+00  14163.6 4.919E+02 1.214E+14 2.836E+00 4.442E+01 2.000E+05 0.000E+00 0.000E+00 1.681E+06
2.51728366E+00  15097.1 6.756E+02 1.579E+14 2.743E+00 4.271E+01 2.000E+05 2.003E-17 1.193E+01 1.710E+06
3.44444684E+00  16119.3 9.299E+02 2.057E+14 2.658E+00 4.114E+01 2.000E+05 0.000E+00 0.000E+00 1.791E+06
4.71673127E+00  17225.5 1.281E+03 2.671E+14 2.589E+00 3.988E+01 2.000E+05 0.000E+00 0.000E+00 1.909E+06
6.45912758E+00  18429.8 1.763E+03 3.450E+14 2.522E+00 3.875E+01 2.000E+05 0.000E+00 0.000E+00 2.032E+06
8.83142924E+00  19734.2 2.423E+03 4.433E+14 2.483E+00 3.810E+01 2.000E+05 0.000E+00 0.000E+00 2.136E+06
1.20345951E+01  21150.5 3.314E+03 5.663E+14 2.460E+00 3.769E+01 2.000E+05 0.000E+00 0.000E+00 2.226E+06
1.63101339E+01  22680.7 4.505E+03 7.180E+14 2.475E+00 3.787E+01 2.000E+05 0.000E+00 0.000E+00 2.310E+06
2.19646099E+01  24335.0 6.078E+03 9.030E+14 2.502E+00 3.821E+01 2.000E+05 0.000E+00 0.000E+00 2.394E+06
2.93580623E+01  26121.5 8.130E+03 1.125E+15 2.574E+00 3.919E+01 2.000E+05 0.000E+00 0.000E+00 2.480E+06
3.88800236E+01  28043.9 1.077E+04 1.389E+15 2.680E+00 3.847E+01 2.000E+05 0.000E+00 0.000E+00 2.566E+06
PRADK 1.0950E+01
BEGIN                    ITERATION  15 COMPLETED
