TEFF   6750.  GRAVITY 3.50000 LTE
TITLE  [-1.0] VTURB=2  L/H=1.25 NOVER NEW ODF
OPACITY IFOP 1 1 1 1 1 1 1 1 1 1 1 1 1 0 1 0 0 0 0 0
CONVECTION ON   1.25 TURBULENCE OFF  0.00  0.00  0.00  0.00
ABUNDANCE SCALE   0.10000 ABUNDANCE CHANGE 1 0.92140 2 0.07843
ABUNDANCE CHANGE  3 -10.94  4 -10.64  5  -9.49  6  -3.52  7  -4.12  8  -3.21
ABUNDANCE CHANGE  9  -7.48 10  -3.96 11  -5.71 12  -4.46 13  -5.57 14  -4.49
ABUNDANCE CHANGE 15  -6.59 16  -4.71 17  -6.54 18  -5.64 19  -6.92 20  -5.68
ABUNDANCE CHANGE 21  -8.87 22  -7.02 23  -8.04 24  -6.37 25  -6.65 26  -4.54
ABUNDANCE CHANGE 27  -7.12 28  -5.79 29  -7.83 30  -7.44 31  -9.16 32  -8.63
ABUNDANCE CHANGE 33  -9.67 34  -8.63 35  -9.41 36  -8.73 37  -9.44 38  -9.07
ABUNDANCE CHANGE 39  -9.80 40  -9.44 41 -10.62 42 -10.12 43 -20.00 44 -10.20
ABUNDANCE CHANGE 45 -10.92 46 -10.35 47 -11.10 48 -10.27 49 -10.38 50 -10.04
ABUNDANCE CHANGE 51 -11.04 52  -9.80 53 -10.53 54  -9.87 55 -10.91 56  -9.91
ABUNDANCE CHANGE 57 -10.87 58 -10.46 59 -11.33 60 -10.54 61 -20.00 62 -11.03
ABUNDANCE CHANGE 63 -11.53 64 -10.92 65 -11.69 66 -10.90 67 -11.78 68 -11.11
ABUNDANCE CHANGE 69 -12.04 70 -10.96 71 -11.98 72 -11.16 73 -12.17 74 -10.93
ABUNDANCE CHANGE 75 -11.76 76 -10.59 77 -10.69 78 -10.24 79 -11.03 80 -10.91
ABUNDANCE CHANGE 81 -11.14 82 -10.09 83 -11.33 84 -20.00 85 -20.00 86 -20.00
ABUNDANCE CHANGE 87 -20.00 88 -20.00 89 -20.00 90 -11.95 91 -20.00 92 -12.54
ABUNDANCE CHANGE 93 -20.00 94 -20.00 95 -20.00 96 -20.00 97 -20.00 98 -20.00
ABUNDANCE CHANGE 99 -20.00
READ DECK6 72 RHOX,T,P,XNE,ABROSS,ACCRAD,VTURB, FLXCNV,VCONV,VELSND
4.38887860E-04   4502.2 1.388E+00 9.674E+08 3.038E-04 4.539E-02 2.000E+05 0.000E+00 0.000E+00 1.354E+06
5.85535490E-04   4520.5 1.852E+00 1.202E+09 3.027E-04 4.567E-02 2.000E+05 0.000E+00 0.000E+00 1.230E+06
7.80131804E-04   4541.3 2.467E+00 1.506E+09 3.068E-04 4.525E-02 2.000E+05 0.000E+00 0.000E+00 1.126E+06
1.03398045E-03   4564.3 3.270E+00 1.895E+09 3.163E-04 4.455E-02 2.000E+05 0.000E+00 0.000E+00 1.042E+06
1.36036743E-03   4588.1 4.302E+00 2.383E+09 3.300E-04 4.332E-02 2.000E+05 0.000E+00 0.000E+00 9.748E+05
1.77557145E-03   4611.8 5.615E+00 2.978E+09 3.475E-04 4.193E-02 2.000E+05 0.000E+00 0.000E+00 9.216E+05
2.29910016E-03   4634.7 7.270E+00 3.695E+09 3.689E-04 4.071E-02 2.000E+05 0.000E+00 0.000E+00 8.797E+05
2.95414489E-03   4656.9 9.342E+00 4.550E+09 3.945E-04 3.970E-02 2.000E+05 0.000E+00 0.000E+00 8.469E+05
3.76816345E-03   4678.2 1.192E+01 5.559E+09 4.247E-04 3.901E-02 2.000E+05 0.000E+00 0.000E+00 8.213E+05
4.77277800E-03   4699.1 1.509E+01 6.755E+09 4.605E-04 3.861E-02 2.000E+05 0.000E+00 0.000E+00 8.014E+05
6.00339964E-03   4720.0 1.898E+01 8.175E+09 5.032E-04 3.837E-02 2.000E+05 0.000E+00 0.000E+00 7.860E+05
7.49967976E-03   4741.2 2.372E+01 9.862E+09 5.538E-04 3.824E-02 2.000E+05 0.000E+00 0.000E+00 7.741E+05
9.30562635E-03   4763.1 2.943E+01 1.187E+10 6.141E-04 3.818E-02 2.000E+05 0.000E+00 0.000E+00 7.650E+05
1.14702945E-02   4785.6 3.627E+01 1.428E+10 6.854E-04 3.825E-02 2.000E+05 0.000E+00 0.000E+00 7.582E+05
1.40459272E-02   4809.2 4.442E+01 1.715E+10 7.710E-04 3.874E-02 2.000E+05 0.000E+00 0.000E+00 7.531E+05
1.70902105E-02   4833.9 5.404E+01 2.060E+10 8.722E-04 3.927E-02 2.000E+05 0.000E+00 0.000E+00 7.494E+05
2.06691939E-02   4859.6 6.536E+01 2.472E+10 9.916E-04 3.982E-02 2.000E+05 0.000E+00 0.000E+00 7.468E+05
2.48596169E-02   4886.1 7.861E+01 2.964E+10 1.131E-03 4.038E-02 2.000E+05 0.000E+00 0.000E+00 7.451E+05
2.97494976E-02   4913.5 9.407E+01 3.552E+10 1.295E-03 4.099E-02 2.000E+05 0.000E+00 0.000E+00 7.441E+05
3.54388691E-02   4941.6 1.121E+02 4.253E+10 1.486E-03 4.172E-02 2.000E+05 0.000E+00 0.000E+00 7.437E+05
4.20436299E-02   4970.5 1.330E+02 5.087E+10 1.708E-03 4.255E-02 2.000E+05 0.000E+00 0.000E+00 7.437E+05
4.96970129E-02   5000.0 1.572E+02 6.080E+10 1.967E-03 4.342E-02 2.000E+05 0.000E+00 0.000E+00 7.441E+05
5.85545616E-02   5030.0 1.852E+02 7.257E+10 2.268E-03 4.440E-02 2.000E+05 0.000E+00 0.000E+00 7.447E+05
6.87992003E-02   5060.2 2.176E+02 8.648E+10 2.615E-03 4.550E-02 2.000E+05 0.000E+00 0.000E+00 7.456E+05
8.06453713E-02   5090.7 2.550E+02 1.029E+11 3.016E-03 4.672E-02 2.000E+05 0.000E+00 0.000E+00 7.467E+05
9.43475968E-02   5121.2 2.983E+02 1.221E+11 3.476E-03 4.808E-02 2.000E+05 0.000E+00 0.000E+00 7.480E+05
1.10208262E-01   5151.4 3.485E+02 1.446E+11 4.002E-03 4.970E-02 2.000E+05 0.000E+00 0.000E+00 7.493E+05
1.28586666E-01   5181.3 4.066E+02 1.709E+11 4.603E-03 5.160E-02 2.000E+05 0.000E+00 0.000E+00 7.508E+05
1.49906982E-01   5210.9 4.740E+02 2.014E+11 5.288E-03 5.376E-02 2.000E+05 0.000E+00 0.000E+00 7.523E+05
1.74673882E-01   5240.0 5.524E+02 2.367E+11 6.066E-03 5.621E-02 2.000E+05 0.000E+00 0.000E+00 7.539E+05
2.03490757E-01   5268.6 6.435E+02 2.774E+11 6.947E-03 5.901E-02 2.000E+05 0.000E+00 0.000E+00 7.555E+05
2.37075793E-01   5296.5 7.497E+02 3.244E+11 7.942E-03 6.221E-02 2.000E+05 0.000E+00 0.000E+00 7.572E+05
2.76281323E-01   5323.8 8.737E+02 3.784E+11 9.065E-03 6.585E-02 2.000E+05 0.000E+00 0.000E+00 7.589E+05
3.22126292E-01   5350.3 1.019E+03 4.402E+11 1.033E-02 7.000E-02 2.000E+05 0.000E+00 0.000E+00 7.606E+05
3.75805455E-01   5376.2 1.188E+03 5.111E+11 1.176E-02 7.488E-02 2.000E+05 0.000E+00 0.000E+00 7.623E+05
4.38734833E-01   5401.4 1.387E+03 5.921E+11 1.337E-02 8.049E-02 2.000E+05 0.000E+00 0.000E+00 7.640E+05
5.12572553E-01   5426.4 1.621E+03 6.854E+11 1.519E-02 8.692E-02 2.000E+05 0.000E+00 0.000E+00 7.658E+05
5.99262623E-01   5451.1 1.895E+03 7.924E+11 1.725E-02 9.425E-02 2.000E+05 0.000E+00 0.000E+00 7.675E+05
7.01054459E-01   5476.0 2.217E+03 9.164E+11 1.959E-02 1.027E-01 2.000E+05 0.000E+00 0.000E+00 7.693E+05
8.20502976E-01   5501.3 2.595E+03 1.061E+12 2.228E-02 1.126E-01 2.000E+05 0.000E+00 0.000E+00 7.712E+05
9.60462783E-01   5527.8 3.037E+03 1.231E+12 2.538E-02 1.241E-01 2.000E+05 0.000E+00 0.000E+00 7.731E+05
1.12391787E+00   5556.4 3.554E+03 1.434E+12 2.905E-02 1.380E-01 2.000E+05 0.000E+00 0.000E+00 7.751E+05
1.31391731E+00   5587.8 4.155E+03 1.682E+12 3.341E-02 1.548E-01 2.000E+05 0.000E+00 0.000E+00 7.772E+05
1.53344197E+00   5623.3 4.849E+03 1.989E+12 3.870E-02 1.752E-01 2.000E+05 0.000E+00 0.000E+00 7.795E+05
1.78510166E+00   5664.0 5.645E+03 2.376E+12 4.522E-02 2.006E-01 2.000E+05 0.000E+00 0.000E+00 7.821E+05
2.07070468E+00   5711.9 6.548E+03 2.880E+12 5.344E-02 2.328E-01 2.000E+05 0.000E+00 0.000E+00 7.849E+05
2.39066641E+00   5768.8 7.560E+03 3.550E+12 6.408E-02 2.745E-01 2.000E+05 0.000E+00 0.000E+00 7.881E+05
2.74329069E+00   5837.3 8.675E+03 4.472E+12 7.827E-02 3.303E-01 2.000E+05 0.000E+00 0.000E+00 7.917E+05
3.12444349E+00   5919.9 9.880E+03 5.772E+12 9.757E-02 4.063E-01 2.000E+05 0.000E+00 0.000E+00 7.957E+05
3.52710213E+00   6020.0 1.115E+04 7.671E+12 1.247E-01 5.133E-01 2.000E+05 0.000E+00 0.000E+00 8.001E+05
3.94153201E+00   6140.4 1.246E+04 1.052E+13 1.639E-01 6.673E-01 2.000E+05 0.000E+00 0.000E+00 8.048E+05
4.35551162E+00   6285.6 1.377E+04 1.493E+13 2.224E-01 8.986E-01 2.000E+05 0.000E+00 0.000E+00 8.095E+05
4.75515658E+00   6459.4 1.504E+04 2.198E+13 3.128E-01 1.256E+00 2.000E+05 1.212E-11 1.636E+02 8.139E+05
5.12681667E+00   6666.7 1.621E+04 3.357E+13 4.577E-01 1.833E+00 2.000E+05 1.278E-08 1.613E+03 8.174E+05
5.45777593E+00   6913.6 1.726E+04 5.323E+13 7.020E-01 2.817E+00 2.000E+05 6.066E-07 5.647E+03 8.198E+05
5.73786185E+00   7207.7 1.814E+04 8.762E+13 1.138E+00 4.601E+00 2.000E+05 2.430E-05 1.857E+04 8.212E+05
5.96047274E+00   7560.9 1.884E+04 1.501E+14 1.979E+00 8.113E+00 2.000E+05 9.638E-04 6.030E+04 8.229E+05
6.12122553E+00   8003.0 1.935E+04 2.725E+14 3.838E+00 1.561E+01 2.000E+05 1.207E-02 1.309E+05 8.285E+05
6.22916867E+00   8477.1 1.969E+04 4.774E+14 7.554E+00 2.664E+01 2.000E+05 1.172E-01 2.614E+05 8.415E+05
6.30941444E+00   8838.6 1.994E+04 6.995E+14 1.233E+01 3.061E+01 2.000E+05 3.899E-01 3.854E+05 8.568E+05
6.38099744E+00   9097.4 2.016E+04 8.999E+14 1.720E+01 2.779E+01 2.000E+05 5.797E-01 4.294E+05 8.707E+05
6.45226998E+00   9308.5 2.039E+04 1.091E+15 2.230E+01 2.427E+01 2.000E+05 7.137E-01 4.538E+05 8.838E+05
6.52715276E+00   9498.5 2.062E+04 1.287E+15 2.779E+01 2.121E+01 2.000E+05 8.009E-01 4.668E+05 8.970E+05
6.60849542E+00   9672.7 2.088E+04 1.485E+15 3.370E+01 1.880E+01 2.000E+05 8.559E-01 4.734E+05 9.103E+05
6.69862810E+00   9842.3 2.116E+04 1.697E+15 4.031E+01 1.706E+01 2.000E+05 8.919E-01 4.777E+05 9.242E+05
6.79983419E+00  10007.1 2.148E+04 1.921E+15 4.756E+01 1.573E+01 2.000E+05 9.159E-01 4.805E+05 9.388E+05
6.91472371E+00  10175.4 2.184E+04 2.166E+15 5.566E+01 1.465E+01 2.000E+05 9.329E-01 4.823E+05 9.547E+05
7.04625850E+00  10344.3 2.226E+04 2.431E+15 6.460E+01 1.380E+01 2.000E+05 9.458E-01 4.852E+05 9.716E+05
7.19743065E+00  10523.5 2.273E+04 2.728E+15 7.493E+01 1.307E+01 2.000E+05 9.554E-01 4.862E+05 9.906E+05
7.37209268E+00  10703.6 2.328E+04 3.046E+15 8.611E+01 1.250E+01 2.000E+05 9.633E-01 4.903E+05 1.011E+06
7.57442994E+00  10904.1 2.392E+04 3.415E+15 9.927E+01 1.205E+01 2.000E+05 9.690E-01 4.919E+05 1.034E+06
7.81012507E+00  11103.4 2.466E+04 3.802E+15 1.130E+02 1.219E+01 2.000E+05 9.728E-01 4.956E+05 1.058E+06
PRADK 2.7813E+00
BEGIN                    ITERATION  15 COMPLETED
