TEFF   6500.  GRAVITY 3.50000 LTE
TITLE  [-1.0] VTURB=2  L/H=1.25 NOVER NEW ODF
OPACITY IFOP 1 1 1 1 1 1 1 1 1 1 1 1 1 0 1 0 0 0 0 0
CONVECTION ON   1.25 TURBULENCE OFF  0.00  0.00  0.00  0.00
ABUNDANCE SCALE   0.10000 ABUNDANCE CHANGE 1 0.92140 2 0.07843
ABUNDANCE CHANGE  3 -10.94  4 -10.64  5  -9.49  6  -3.52  7  -4.12  8  -3.21
ABUNDANCE CHANGE  9  -7.48 10  -3.96 11  -5.71 12  -4.46 13  -5.57 14  -4.49
ABUNDANCE CHANGE 15  -6.59 16  -4.71 17  -6.54 18  -5.64 19  -6.92 20  -5.68
ABUNDANCE CHANGE 21  -8.87 22  -7.02 23  -8.04 24  -6.37 25  -6.65 26  -4.54
ABUNDANCE CHANGE 27  -7.12 28  -5.79 29  -7.83 30  -7.44 31  -9.16 32  -8.63
ABUNDANCE CHANGE 33  -9.67 34  -8.63 35  -9.41 36  -8.73 37  -9.44 38  -9.07
ABUNDANCE CHANGE 39  -9.80 40  -9.44 41 -10.62 42 -10.12 43 -20.00 44 -10.20
ABUNDANCE CHANGE 45 -10.92 46 -10.35 47 -11.10 48 -10.27 49 -10.38 50 -10.04
ABUNDANCE CHANGE 51 -11.04 52  -9.80 53 -10.53 54  -9.87 55 -10.91 56  -9.91
ABUNDANCE CHANGE 57 -10.87 58 -10.46 59 -11.33 60 -10.54 61 -20.00 62 -11.03
ABUNDANCE CHANGE 63 -11.53 64 -10.92 65 -11.69 66 -10.90 67 -11.78 68 -11.11
ABUNDANCE CHANGE 69 -12.04 70 -10.96 71 -11.98 72 -11.16 73 -12.17 74 -10.93
ABUNDANCE CHANGE 75 -11.76 76 -10.59 77 -10.69 78 -10.24 79 -11.03 80 -10.91
ABUNDANCE CHANGE 81 -11.14 82 -10.09 83 -11.33 84 -20.00 85 -20.00 86 -20.00
ABUNDANCE CHANGE 87 -20.00 88 -20.00 89 -20.00 90 -11.95 91 -20.00 92 -12.54
ABUNDANCE CHANGE 93 -20.00 94 -20.00 95 -20.00 96 -20.00 97 -20.00 98 -20.00
ABUNDANCE CHANGE 99 -20.00
READ DECK6 72 RHOX,T,P,XNE,ABROSS,ACCRAD,VTURB, FLXCNV,VCONV,VELSND
7.53934108E-04   4371.3 2.384E+00 7.593E+08 1.769E-04 2.548E-02 2.000E+05 0.000E+00 0.000E+00 1.092E+06
1.00404347E-03   4387.2 3.175E+00 9.378E+08 1.788E-04 2.579E-02 2.000E+05 0.000E+00 0.000E+00 1.011E+06
1.33041046E-03   4406.3 4.207E+00 1.171E+09 1.847E-04 2.568E-02 2.000E+05 0.000E+00 0.000E+00 9.455E+05
1.74871977E-03   4426.5 5.530E+00 1.460E+09 1.935E-04 2.543E-02 2.000E+05 0.000E+00 0.000E+00 8.945E+05
2.27786958E-03   4447.1 7.203E+00 1.814E+09 2.052E-04 2.521E-02 2.000E+05 0.000E+00 0.000E+00 8.548E+05
2.93990626E-03   4467.6 9.297E+00 2.240E+09 2.197E-04 2.506E-02 2.000E+05 0.000E+00 0.000E+00 8.242E+05
3.76106555E-03   4487.5 1.189E+01 2.747E+09 2.370E-04 2.505E-02 2.000E+05 0.000E+00 0.000E+00 8.005E+05
4.77176487E-03   4507.2 1.509E+01 3.349E+09 2.578E-04 2.520E-02 2.000E+05 0.000E+00 0.000E+00 7.824E+05
6.00619266E-03   4526.9 1.899E+01 4.065E+09 2.825E-04 2.543E-02 2.000E+05 0.000E+00 0.000E+00 7.685E+05
7.50256707E-03   4547.0 2.372E+01 4.917E+09 3.119E-04 2.575E-02 2.000E+05 0.000E+00 0.000E+00 7.579E+05
9.30257604E-03   4567.8 2.942E+01 5.935E+09 3.470E-04 2.610E-02 2.000E+05 0.000E+00 0.000E+00 7.498E+05
1.14557919E-02   4588.9 3.623E+01 7.144E+09 3.875E-04 2.622E-02 2.000E+05 0.000E+00 0.000E+00 7.438E+05
1.40198928E-02   4610.7 4.433E+01 8.584E+09 4.351E-04 2.633E-02 2.000E+05 0.000E+00 0.000E+00 7.394E+05
1.70570124E-02   4633.2 5.394E+01 1.030E+10 4.911E-04 2.644E-02 2.000E+05 0.000E+00 0.000E+00 7.362E+05
2.06363365E-02   4656.6 6.526E+01 1.236E+10 5.569E-04 2.654E-02 2.000E+05 0.000E+00 0.000E+00 7.340E+05
2.48369210E-02   4680.8 7.854E+01 1.482E+10 6.339E-04 2.663E-02 2.000E+05 0.000E+00 0.000E+00 7.326E+05
2.97483622E-02   4705.9 9.407E+01 1.775E+10 7.242E-04 2.672E-02 2.000E+05 0.000E+00 0.000E+00 7.318E+05
3.54730391E-02   4731.6 1.122E+02 2.125E+10 8.296E-04 2.687E-02 2.000E+05 0.000E+00 0.000E+00 7.316E+05
4.21287521E-02   4758.1 1.332E+02 2.543E+10 9.527E-04 2.705E-02 2.000E+05 0.000E+00 0.000E+00 7.317E+05
4.98492228E-02   4785.4 1.576E+02 3.041E+10 1.096E-03 2.722E-02 2.000E+05 0.000E+00 0.000E+00 7.323E+05
5.87849060E-02   4813.1 1.859E+02 3.633E+10 1.265E-03 2.771E-02 2.000E+05 0.000E+00 0.000E+00 7.330E+05
6.91094499E-02   4841.3 2.185E+02 4.336E+10 1.460E-03 2.824E-02 2.000E+05 0.000E+00 0.000E+00 7.340E+05
8.10306499E-02   4869.9 2.562E+02 5.168E+10 1.686E-03 2.881E-02 2.000E+05 0.000E+00 0.000E+00 7.352E+05
9.47955376E-02   4898.7 2.998E+02 6.149E+10 1.947E-03 2.944E-02 2.000E+05 0.000E+00 0.000E+00 7.365E+05
1.10697049E-01   4927.4 3.501E+02 7.300E+10 2.247E-03 3.020E-02 2.000E+05 0.000E+00 0.000E+00 7.380E+05
1.29081852E-01   4955.9 4.082E+02 8.647E+10 2.591E-03 3.110E-02 2.000E+05 0.000E+00 0.000E+00 7.395E+05
1.50361011E-01   4984.1 4.755E+02 1.022E+11 2.983E-03 3.211E-02 2.000E+05 0.000E+00 0.000E+00 7.410E+05
1.75023689E-01   5011.9 5.535E+02 1.204E+11 3.429E-03 3.327E-02 2.000E+05 0.000E+00 0.000E+00 7.426E+05
2.03654105E-01   5039.1 6.440E+02 1.415E+11 3.936E-03 3.466E-02 2.000E+05 0.000E+00 0.000E+00 7.442E+05
2.36941476E-01   5065.9 7.493E+02 1.659E+11 4.512E-03 3.626E-02 2.000E+05 0.000E+00 0.000E+00 7.459E+05
2.75703078E-01   5092.1 8.718E+02 1.941E+11 5.162E-03 3.810E-02 2.000E+05 0.000E+00 0.000E+00 7.475E+05
3.20908161E-01   5117.7 1.015E+03 2.265E+11 5.899E-03 4.022E-02 2.000E+05 0.000E+00 0.000E+00 7.492E+05
3.73685332E-01   5142.9 1.182E+03 2.638E+11 6.735E-03 4.275E-02 2.000E+05 0.000E+00 0.000E+00 7.509E+05
4.35355918E-01   5167.7 1.377E+03 3.068E+11 7.684E-03 4.562E-02 2.000E+05 0.000E+00 0.000E+00 7.525E+05
5.07474257E-01   5192.3 1.605E+03 3.564E+11 8.759E-03 4.888E-02 2.000E+05 0.000E+00 0.000E+00 7.542E+05
5.91876975E-01   5216.5 1.872E+03 4.135E+11 9.976E-03 5.258E-02 2.000E+05 0.000E+00 0.000E+00 7.559E+05
6.90728485E-01   5240.5 2.184E+03 4.792E+11 1.136E-02 5.679E-02 2.000E+05 0.000E+00 0.000E+00 7.576E+05
8.06575410E-01   5264.2 2.551E+03 5.548E+11 1.292E-02 6.159E-02 2.000E+05 0.000E+00 0.000E+00 7.593E+05
9.42386970E-01   5288.0 2.980E+03 6.423E+11 1.470E-02 6.712E-02 2.000E+05 0.000E+00 0.000E+00 7.610E+05
1.10150982E+00   5312.2 3.483E+03 7.442E+11 1.674E-02 7.366E-02 2.000E+05 0.000E+00 0.000E+00 7.627E+05
1.28760704E+00   5337.6 4.072E+03 8.645E+11 1.911E-02 8.139E-02 2.000E+05 0.000E+00 0.000E+00 7.645E+05
1.50462433E+00   5364.8 4.758E+03 1.008E+12 2.189E-02 9.054E-02 2.000E+05 0.000E+00 0.000E+00 7.664E+05
1.75665872E+00   5394.6 5.555E+03 1.183E+12 2.520E-02 1.016E-01 2.000E+05 0.000E+00 0.000E+00 7.685E+05
2.04756252E+00   5428.3 6.475E+03 1.399E+12 2.922E-02 1.151E-01 2.000E+05 0.000E+00 0.000E+00 7.707E+05
2.38065324E+00   5467.1 7.528E+03 1.674E+12 3.418E-02 1.319E-01 2.000E+05 0.000E+00 0.000E+00 7.733E+05
2.75816474E+00   5512.8 8.722E+03 2.031E+12 4.046E-02 1.532E-01 2.000E+05 0.000E+00 0.000E+00 7.762E+05
3.18058193E+00   5567.1 1.006E+04 2.508E+12 4.857E-02 1.808E-01 2.000E+05 0.000E+00 0.000E+00 7.796E+05
3.64544094E+00   5633.1 1.153E+04 3.169E+12 5.942E-02 2.177E-01 2.000E+05 0.000E+00 0.000E+00 7.835E+05
4.14720462E+00   5712.3 1.311E+04 4.105E+12 7.415E-02 2.677E-01 2.000E+05 0.000E+00 0.000E+00 7.880E+05
4.67691402E+00   5808.3 1.479E+04 5.479E+12 9.486E-02 3.379E-01 2.000E+05 0.000E+00 0.000E+00 7.932E+05
5.22152459E+00   5924.1 1.651E+04 7.559E+12 1.248E-01 4.392E-01 2.000E+05 0.000E+00 0.000E+00 7.990E+05
5.76555503E+00   6063.2 1.823E+04 1.080E+13 1.691E-01 5.892E-01 2.000E+05 0.000E+00 0.000E+00 8.052E+05
6.29183384E+00   6229.7 1.989E+04 1.604E+13 2.372E-01 8.197E-01 2.000E+05 0.000E+00 0.000E+00 8.116E+05
6.78281543E+00   6428.1 2.145E+04 2.474E+13 3.457E-01 1.188E+00 2.000E+05 2.331E-08 1.733E+03 8.176E+05
7.22304737E+00   6663.5 2.284E+04 3.965E+13 5.251E-01 1.801E+00 2.000E+05 1.213E-06 6.304E+03 8.226E+05
7.59992307E+00   6943.5 2.403E+04 6.609E+13 8.391E-01 2.886E+00 2.000E+05 4.038E-05 1.969E+04 8.259E+05
7.90592911E+00   7274.4 2.500E+04 1.140E+14 1.419E+00 4.918E+00 2.000E+05 1.155E-03 5.801E+04 8.277E+05
8.13506685E+00   7686.4 2.572E+04 2.088E+14 2.645E+00 9.105E+00 2.000E+05 1.285E-02 1.226E+05 8.298E+05
8.29374595E+00   8142.1 2.622E+04 3.769E+14 5.118E+00 1.569E+01 2.000E+05 9.724E-02 2.248E+05 8.360E+05
8.41110473E+00   8509.6 2.659E+04 5.777E+14 8.532E+00 1.903E+01 2.000E+05 3.628E-01 3.413E+05 8.456E+05
8.51331694E+00   8775.1 2.691E+04 7.679E+14 1.218E+01 1.784E+01 2.000E+05 5.625E-01 3.835E+05 8.554E+05
8.61313945E+00   8988.9 2.722E+04 9.532E+14 1.605E+01 1.573E+01 2.000E+05 7.026E-01 4.041E+05 8.651E+05
8.71631494E+00   9178.1 2.755E+04 1.143E+15 2.033E+01 1.383E+01 2.000E+05 7.945E-01 4.140E+05 8.750E+05
8.82669845E+00   9349.4 2.790E+04 1.338E+15 2.500E+01 1.231E+01 2.000E+05 8.526E-01 4.180E+05 8.850E+05
8.94753587E+00   9514.0 2.828E+04 1.548E+15 3.020E+01 1.115E+01 2.000E+05 8.903E-01 4.194E+05 8.955E+05
9.08194278E+00   9672.2 2.870E+04 1.771E+15 3.598E+01 1.025E+01 2.000E+05 9.157E-01 4.198E+05 9.065E+05
9.23285949E+00   9831.6 2.918E+04 2.017E+15 4.262E+01 9.503E+00 2.000E+05 9.339E-01 4.189E+05 9.183E+05
9.40360667E+00   9988.6 2.971E+04 2.282E+15 5.002E+01 8.906E+00 2.000E+05 9.475E-01 4.193E+05 9.308E+05
9.59783217E+00  10153.2 3.033E+04 2.583E+15 5.859E+01 8.352E+00 2.000E+05 9.576E-01 4.174E+05 9.448E+05
9.82013196E+00  10315.1 3.103E+04 2.906E+15 6.795E+01 7.888E+00 2.000E+05 9.659E-01 4.185E+05 9.593E+05
1.00748977E+01  10493.1 3.183E+04 3.286E+15 7.929E+01 7.493E+00 2.000E+05 9.719E-01 4.167E+05 9.762E+05
1.03683354E+01  10663.6 3.276E+04 3.683E+15 9.118E+01 7.459E+00 2.000E+05 9.759E-01 4.171E+05 9.932E+05
PRADK 2.3909E+00
BEGIN                    ITERATION  15 COMPLETED
