TEFF   6000.  GRAVITY 2.50000 LTE
TITLE  [-1.0] VTURB=2  L/H=1.25 NOVER NEW ODF
OPACITY IFOP 1 1 1 1 1 1 1 1 1 1 1 1 1 0 1 0 0 0 0 0
CONVECTION ON   1.25 TURBULENCE OFF  0.00  0.00  0.00  0.00
ABUNDANCE SCALE   0.10000 ABUNDANCE CHANGE 1 0.92140 2 0.07843
ABUNDANCE CHANGE  3 -10.94  4 -10.64  5  -9.49  6  -3.52  7  -4.12  8  -3.21
ABUNDANCE CHANGE  9  -7.48 10  -3.96 11  -5.71 12  -4.46 13  -5.57 14  -4.49
ABUNDANCE CHANGE 15  -6.59 16  -4.71 17  -6.54 18  -5.64 19  -6.92 20  -5.68
ABUNDANCE CHANGE 21  -8.87 22  -7.02 23  -8.04 24  -6.37 25  -6.65 26  -4.54
ABUNDANCE CHANGE 27  -7.12 28  -5.79 29  -7.83 30  -7.44 31  -9.16 32  -8.63
ABUNDANCE CHANGE 33  -9.67 34  -8.63 35  -9.41 36  -8.73 37  -9.44 38  -9.07
ABUNDANCE CHANGE 39  -9.80 40  -9.44 41 -10.62 42 -10.12 43 -20.00 44 -10.20
ABUNDANCE CHANGE 45 -10.92 46 -10.35 47 -11.10 48 -10.27 49 -10.38 50 -10.04
ABUNDANCE CHANGE 51 -11.04 52  -9.80 53 -10.53 54  -9.87 55 -10.91 56  -9.91
ABUNDANCE CHANGE 57 -10.87 58 -10.46 59 -11.33 60 -10.54 61 -20.00 62 -11.03
ABUNDANCE CHANGE 63 -11.53 64 -10.92 65 -11.69 66 -10.90 67 -11.78 68 -11.11
ABUNDANCE CHANGE 69 -12.04 70 -10.96 71 -11.98 72 -11.16 73 -12.17 74 -10.93
ABUNDANCE CHANGE 75 -11.76 76 -10.59 77 -10.69 78 -10.24 79 -11.03 80 -10.91
ABUNDANCE CHANGE 81 -11.14 82 -10.09 83 -11.33 84 -20.00 85 -20.00 86 -20.00
ABUNDANCE CHANGE 87 -20.00 88 -20.00 89 -20.00 90 -11.95 91 -20.00 92 -12.54
ABUNDANCE CHANGE 93 -20.00 94 -20.00 95 -20.00 96 -20.00 97 -20.00 98 -20.00
ABUNDANCE CHANGE 99 -20.00
READ DECK6 72 RHOX,T,P,XNE,ABROSS,ACCRAD,VTURB, FLXCNV,VCONV,VELSND
2.09184337E-03   3989.6 6.615E-01 7.495E+07 6.375E-05 6.231E-03 2.000E+05 0.000E+00 0.000E+00 1.499E+06
2.79502290E-03   4003.3 8.838E-01 9.340E+07 6.275E-05 6.249E-03 2.000E+05 0.000E+00 0.000E+00 1.342E+06
3.74452876E-03   4017.7 1.184E+00 1.169E+08 6.218E-05 6.216E-03 2.000E+05 0.000E+00 0.000E+00 1.210E+06
5.01655055E-03   4033.0 1.586E+00 1.469E+08 6.218E-05 6.205E-03 2.000E+05 0.000E+00 0.000E+00 1.101E+06
6.70454247E-03   4049.6 2.120E+00 1.854E+08 6.287E-05 6.211E-03 2.000E+05 0.000E+00 0.000E+00 1.012E+06
8.91718915E-03   4067.4 2.820E+00 2.344E+08 6.433E-05 6.225E-03 2.000E+05 0.000E+00 0.000E+00 9.410E+05
1.17810306E-02   4086.6 3.725E+00 2.970E+08 6.671E-05 6.263E-03 2.000E+05 0.000E+00 0.000E+00 8.852E+05
1.54365877E-02   4107.4 4.882E+00 3.766E+08 7.017E-05 6.308E-03 2.000E+05 0.000E+00 0.000E+00 8.420E+05
2.00374439E-02   4129.8 6.336E+00 4.779E+08 7.485E-05 6.337E-03 2.000E+05 0.000E+00 0.000E+00 8.088E+05
2.57506377E-02   4153.6 8.143E+00 6.056E+08 8.088E-05 6.347E-03 2.000E+05 0.000E+00 0.000E+00 7.835E+05
3.27561951E-02   4178.7 1.036E+01 7.659E+08 8.847E-05 6.354E-03 2.000E+05 0.000E+00 0.000E+00 7.645E+05
4.12475551E-02   4204.6 1.304E+01 9.652E+08 9.784E-05 6.396E-03 2.000E+05 0.000E+00 0.000E+00 7.501E+05
5.14354113E-02   4231.4 1.627E+01 1.212E+09 1.092E-04 6.419E-03 2.000E+05 0.000E+00 0.000E+00 7.395E+05
6.35569561E-02   4258.8 2.010E+01 1.516E+09 1.228E-04 6.426E-03 2.000E+05 0.000E+00 0.000E+00 7.315E+05
7.78850701E-02   4286.5 2.463E+01 1.888E+09 1.390E-04 6.421E-03 2.000E+05 0.000E+00 0.000E+00 7.257E+05
9.47349065E-02   4314.4 2.996E+01 2.338E+09 1.579E-04 6.405E-03 2.000E+05 0.000E+00 0.000E+00 7.215E+05
1.14470654E-01   4342.2 3.620E+01 2.881E+09 1.801E-04 6.409E-03 2.000E+05 0.000E+00 0.000E+00 7.185E+05
1.37506901E-01   4370.0 4.348E+01 3.536E+09 2.061E-04 6.431E-03 2.000E+05 0.000E+00 0.000E+00 7.165E+05
1.64296926E-01   4397.6 5.196E+01 4.318E+09 2.367E-04 6.532E-03 2.000E+05 0.000E+00 0.000E+00 7.152E+05
1.95359041E-01   4425.4 6.178E+01 5.255E+09 2.725E-04 6.639E-03 2.000E+05 0.000E+00 0.000E+00 7.146E+05
2.31316471E-01   4453.2 7.315E+01 6.373E+09 3.141E-04 6.755E-03 2.000E+05 0.000E+00 0.000E+00 7.144E+05
2.72905554E-01   4480.8 8.630E+01 7.701E+09 3.622E-04 6.882E-03 2.000E+05 0.000E+00 0.000E+00 7.145E+05
3.20988248E-01   4508.2 1.015E+02 9.275E+09 4.179E-04 7.028E-03 2.000E+05 0.000E+00 0.000E+00 7.150E+05
3.76558666E-01   4535.5 1.191E+02 1.114E+10 4.823E-04 7.221E-03 2.000E+05 0.000E+00 0.000E+00 7.157E+05
4.40766784E-01   4562.7 1.394E+02 1.334E+10 5.566E-04 7.440E-03 2.000E+05 0.000E+00 0.000E+00 7.166E+05
5.14961610E-01   4590.4 1.628E+02 1.598E+10 6.422E-04 7.586E-03 2.000E+05 0.000E+00 0.000E+00 7.177E+05
6.00741214E-01   4618.1 1.900E+02 1.909E+10 7.405E-04 7.708E-03 2.000E+05 0.000E+00 0.000E+00 7.189E+05
6.99995164E-01   4645.4 2.214E+02 2.275E+10 8.530E-04 7.856E-03 2.000E+05 0.000E+00 0.000E+00 7.203E+05
8.14924895E-01   4672.5 2.577E+02 2.705E+10 9.820E-04 8.037E-03 2.000E+05 0.000E+00 0.000E+00 7.217E+05
9.48117187E-01   4699.1 2.998E+02 3.208E+10 1.129E-03 8.250E-03 2.000E+05 0.000E+00 0.000E+00 7.231E+05
1.10264524E+00   4725.3 3.487E+02 3.793E+10 1.297E-03 8.524E-03 2.000E+05 0.000E+00 0.000E+00 7.246E+05
1.28210655E+00   4751.0 4.054E+02 4.474E+10 1.489E-03 8.855E-03 2.000E+05 0.000E+00 0.000E+00 7.261E+05
1.49075472E+00   4776.2 4.714E+02 5.264E+10 1.707E-03 9.235E-03 2.000E+05 0.000E+00 0.000E+00 7.277E+05
1.73371030E+00   4800.4 5.482E+02 6.171E+10 1.953E-03 9.722E-03 2.000E+05 0.000E+00 0.000E+00 7.292E+05
2.01703748E+00   4823.9 6.378E+02 7.211E+10 2.232E-03 1.032E-02 2.000E+05 0.000E+00 0.000E+00 7.307E+05
2.34767161E+00   4847.2 7.424E+02 8.419E+10 2.550E-03 1.101E-02 2.000E+05 0.000E+00 0.000E+00 7.323E+05
2.73379000E+00   4870.0 8.645E+02 9.811E+10 2.911E-03 1.179E-02 2.000E+05 0.000E+00 0.000E+00 7.338E+05
3.18500215E+00   4892.8 1.007E+03 1.142E+11 3.322E-03 1.271E-02 2.000E+05 0.000E+00 0.000E+00 7.353E+05
3.71225729E+00   4915.4 1.174E+03 1.329E+11 3.791E-03 1.380E-02 2.000E+05 0.000E+00 0.000E+00 7.369E+05
4.32781920E+00   4938.6 1.369E+03 1.549E+11 4.334E-03 1.507E-02 2.000E+05 0.000E+00 0.000E+00 7.385E+05
5.04539240E+00   4962.6 1.595E+03 1.808E+11 4.962E-03 1.657E-02 2.000E+05 0.000E+00 0.000E+00 7.402E+05
5.87972512E+00   4988.3 1.859E+03 2.118E+11 5.702E-03 1.835E-02 2.000E+05 0.000E+00 0.000E+00 7.419E+05
6.84576303E+00   5016.2 2.165E+03 2.496E+11 6.583E-03 2.050E-02 2.000E+05 0.000E+00 0.000E+00 7.439E+05
7.95746560E+00   5047.8 2.516E+03 2.967E+11 7.658E-03 2.317E-02 2.000E+05 0.000E+00 0.000E+00 7.461E+05
9.22583510E+00   5084.1 2.917E+03 3.566E+11 8.994E-03 2.648E-02 2.000E+05 0.000E+00 0.000E+00 7.485E+05
1.06573081E+01   5126.7 3.370E+03 4.351E+11 1.070E-02 3.073E-02 2.000E+05 0.000E+00 0.000E+00 7.514E+05
1.22503430E+01   5177.6 3.874E+03 5.410E+11 1.292E-02 3.627E-02 2.000E+05 0.000E+00 0.000E+00 7.548E+05
1.39942094E+01   5238.3 4.425E+03 6.874E+11 1.587E-02 4.361E-02 2.000E+05 0.000E+00 0.000E+00 7.588E+05
1.58675940E+01   5311.0 5.017E+03 8.961E+11 1.991E-02 5.359E-02 2.000E+05 0.000E+00 0.000E+00 7.633E+05
1.78352915E+01   5398.4 5.640E+03 1.204E+12 2.560E-02 6.759E-02 2.000E+05 0.000E+00 0.000E+00 7.686E+05
1.98465479E+01   5503.8 6.275E+03 1.676E+12 3.390E-02 8.798E-02 2.000E+05 0.000E+00 0.000E+00 7.747E+05
2.18408112E+01   5630.2 6.906E+03 2.421E+12 4.631E-02 1.183E-01 2.000E+05 0.000E+00 0.000E+00 7.814E+05
2.37553664E+01   5780.7 7.511E+03 3.640E+12 6.545E-02 1.649E-01 2.000E+05 0.000E+00 0.000E+00 7.885E+05
2.55273604E+01   5959.9 8.071E+03 5.702E+12 9.616E-02 2.397E-01 2.000E+05 1.047E-09 7.581E+02 7.955E+05
2.71057822E+01   6170.8 8.570E+03 9.282E+12 1.468E-01 3.632E-01 2.000E+05 5.729E-08 2.818E+03 8.017E+05
2.84510716E+01   6421.2 8.995E+03 1.576E+13 2.353E-01 5.809E-01 2.000E+05 1.776E-06 8.649E+03 8.062E+05
2.95457552E+01   6711.3 9.340E+03 2.755E+13 3.943E-01 9.766E-01 2.000E+05 5.455E-05 2.630E+04 8.083E+05
3.03880185E+01   7057.2 9.605E+03 5.018E+13 7.079E-01 1.774E+00 2.000E+05 1.207E-03 7.088E+04 8.085E+05
3.09762522E+01   7485.7 9.790E+03 9.692E+13 1.418E+00 3.496E+00 2.000E+05 6.405E-03 1.153E+05 8.100E+05
3.13633137E+01   7927.3 9.910E+03 1.762E+14 2.825E+00 5.837E+00 2.000E+05 1.550E-01 3.125E+05 8.172E+05
3.16477438E+01   8259.4 9.999E+03 2.638E+14 4.663E+00 6.438E+00 2.000E+05 4.532E-01 4.400E+05 8.276E+05
3.18993827E+01   8491.9 1.008E+04 3.428E+14 6.549E+00 5.664E+00 2.000E+05 6.384E-01 4.775E+05 8.376E+05
3.21477861E+01   8681.6 1.015E+04 4.193E+14 8.573E+00 4.921E+00 2.000E+05 7.603E-01 4.969E+05 8.474E+05
3.24063354E+01   8849.3 1.023E+04 4.968E+14 1.079E+01 4.318E+00 2.000E+05 8.344E-01 5.051E+05 8.573E+05
3.26842760E+01   9002.7 1.032E+04 5.764E+14 1.322E+01 3.852E+00 2.000E+05 8.802E-01 5.079E+05 8.673E+05
3.29891181E+01   9149.3 1.042E+04 6.603E+14 1.597E+01 3.516E+00 2.000E+05 9.103E-01 5.100E+05 8.776E+05
3.33275549E+01   9292.6 1.052E+04 7.502E+14 1.908E+01 3.234E+00 2.000E+05 9.307E-01 5.094E+05 8.887E+05
3.37074556E+01   9433.9 1.064E+04 8.465E+14 2.256E+01 3.022E+00 2.000E+05 9.457E-01 5.115E+05 9.005E+05
3.41365460E+01   9579.8 1.078E+04 9.538E+14 2.660E+01 2.828E+00 2.000E+05 9.563E-01 5.099E+05 9.138E+05
3.46241931E+01   9723.6 1.093E+04 1.068E+15 3.108E+01 2.667E+00 2.000E+05 9.653E-01 5.127E+05 9.270E+05
3.51794030E+01   9879.5 1.110E+04 1.199E+15 3.648E+01 2.527E+00 2.000E+05 9.716E-01 5.109E+05 9.427E+05
3.58152442E+01  10029.6 1.130E+04 1.335E+15 4.219E+01 2.526E+00 2.000E+05 9.757E-01 5.134E+05 9.588E+05
PRADK 1.7332E+00
BEGIN                    ITERATION  15 COMPLETED
