TEFF   8000.  GRAVITY 1.00000 LTE
TITLE  [-1.0] VTURB=2  L/H=1.25 NOVER NEW ODF
OPACITY IFOP 1 1 1 1 1 1 1 1 1 1 1 1 1 0 1 0 0 0 0 0
CONVECTION ON   1.25 TURBULENCE OFF  0.00  0.00  0.00  0.00
ABUNDANCE SCALE   0.10000 ABUNDANCE CHANGE 1 0.92140 2 0.07843
ABUNDANCE CHANGE  3 -10.94  4 -10.64  5  -9.49  6  -3.52  7  -4.12  8  -3.21
ABUNDANCE CHANGE  9  -7.48 10  -3.96 11  -5.71 12  -4.46 13  -5.57 14  -4.49
ABUNDANCE CHANGE 15  -6.59 16  -4.71 17  -6.54 18  -5.64 19  -6.92 20  -5.68
ABUNDANCE CHANGE 21  -8.87 22  -7.02 23  -8.04 24  -6.37 25  -6.65 26  -4.54
ABUNDANCE CHANGE 27  -7.12 28  -5.79 29  -7.83 30  -7.44 31  -9.16 32  -8.63
ABUNDANCE CHANGE 33  -9.67 34  -8.63 35  -9.41 36  -8.73 37  -9.44 38  -9.07
ABUNDANCE CHANGE 39  -9.80 40  -9.44 41 -10.62 42 -10.12 43 -20.00 44 -10.20
ABUNDANCE CHANGE 45 -10.92 46 -10.35 47 -11.10 48 -10.27 49 -10.38 50 -10.04
ABUNDANCE CHANGE 51 -11.04 52  -9.80 53 -10.53 54  -9.87 55 -10.91 56  -9.91
ABUNDANCE CHANGE 57 -10.87 58 -10.46 59 -11.33 60 -10.54 61 -20.00 62 -11.03
ABUNDANCE CHANGE 63 -11.53 64 -10.92 65 -11.69 66 -10.90 67 -11.78 68 -11.11
ABUNDANCE CHANGE 69 -12.04 70 -10.96 71 -11.98 72 -11.16 73 -12.17 74 -10.93
ABUNDANCE CHANGE 75 -11.76 76 -10.59 77 -10.69 78 -10.24 79 -11.03 80 -10.91
ABUNDANCE CHANGE 81 -11.14 82 -10.09 83 -11.33 84 -20.00 85 -20.00 86 -20.00
ABUNDANCE CHANGE 87 -20.00 88 -20.00 89 -20.00 90 -11.95 91 -20.00 92 -12.54
ABUNDANCE CHANGE 93 -20.00 94 -20.00 95 -20.00 96 -20.00 97 -20.00 98 -20.00
ABUNDANCE CHANGE 99 -20.00
READ DECK6 72 RHOX,T,P,XNE,ABROSS,ACCRAD,VTURB, FLXCNV,VCONV,VELSND
1.16698258E-06   4728.1 1.029E-05 4.090E+06 1.143E-01 1.184E+00 2.000E+05 0.000E+00 0.000E+00 1.349E+08
1.58035432E-06   4730.1 1.395E-05 5.045E+06 1.009E-01 1.083E+00 2.000E+05 0.000E+00 0.000E+00 1.130E+08
2.21042356E-06   4732.0 1.960E-05 6.326E+06 8.735E-02 9.803E-01 2.000E+05 0.000E+00 0.000E+00 9.781E+07
3.18650200E-06   4735.9 2.845E-05 8.083E+06 7.471E-02 8.844E-01 2.000E+05 0.000E+00 0.000E+00 8.578E+07
4.72704104E-06   4741.6 4.257E-05 1.050E+07 6.319E-02 7.967E-01 2.000E+05 0.000E+00 0.000E+00 7.492E+07
7.15858770E-06   4750.4 6.505E-05 1.384E+07 5.338E-02 7.214E-01 2.000E+05 0.000E+00 0.000E+00 6.461E+07
1.09917561E-05   4762.5 1.007E-04 1.848E+07 4.526E-02 6.581E-01 2.000E+05 0.000E+00 0.000E+00 5.485E+07
1.69733540E-05   4780.1 1.568E-04 2.503E+07 3.900E-02 6.085E-01 2.000E+05 0.000E+00 0.000E+00 4.597E+07
2.61367106E-05   4802.9 2.430E-04 3.428E+07 3.429E-02 5.700E-01 2.000E+05 0.000E+00 0.000E+00 3.828E+07
3.98644214E-05   4831.2 3.727E-04 4.735E+07 3.087E-02 5.398E-01 2.000E+05 0.000E+00 0.000E+00 3.184E+07
5.99432080E-05   4864.5 5.629E-04 6.570E+07 2.846E-02 5.152E-01 2.000E+05 0.000E+00 0.000E+00 2.656E+07
8.86467750E-05   4902.1 8.355E-04 9.131E+07 2.682E-02 4.945E-01 2.000E+05 0.000E+00 0.000E+00 2.227E+07
1.28877158E-04   4942.8 1.218E-03 1.266E+08 2.573E-02 4.762E-01 2.000E+05 0.000E+00 0.000E+00 1.878E+07
1.84403327E-04   4985.6 1.748E-03 1.748E+08 2.501E-02 4.595E-01 2.000E+05 0.000E+00 0.000E+00 1.594E+07
2.60238973E-04   5029.5 2.472E-03 2.396E+08 2.451E-02 4.439E-01 2.000E+05 0.000E+00 0.000E+00 1.360E+07
3.63141518E-04   5074.0 3.456E-03 3.262E+08 2.414E-02 4.294E-01 2.000E+05 0.000E+00 0.000E+00 1.167E+07
5.02223392E-04   5118.6 4.788E-03 4.412E+08 2.385E-02 4.160E-01 2.000E+05 0.000E+00 0.000E+00 1.005E+07
6.89696975E-04   5163.4 6.586E-03 5.936E+08 2.362E-02 4.036E-01 2.000E+05 0.000E+00 0.000E+00 8.684E+06
9.41821614E-04   5208.6 9.007E-03 7.951E+08 2.344E-02 3.918E-01 2.000E+05 0.000E+00 0.000E+00 7.526E+06
1.28049173E-03   5253.8 1.226E-02 1.060E+09 2.327E-02 3.800E-01 2.000E+05 0.000E+00 0.000E+00 6.539E+06
1.73587394E-03   5298.2 1.665E-02 1.405E+09 2.305E-02 3.682E-01 2.000E+05 0.000E+00 0.000E+00 5.693E+06
2.35017569E-03   5341.4 2.257E-02 1.852E+09 2.274E-02 3.566E-01 2.000E+05 0.000E+00 0.000E+00 4.967E+06
3.18312367E-03   5382.9 3.060E-02 2.427E+09 2.230E-02 3.458E-01 2.000E+05 0.000E+00 0.000E+00 4.339E+06
4.31837259E-03   5423.6 4.157E-02 3.170E+09 2.178E-02 3.363E-01 2.000E+05 0.000E+00 0.000E+00 3.794E+06
5.86824296E-03   5464.8 5.655E-02 4.142E+09 2.129E-02 3.288E-01 2.000E+05 0.000E+00 0.000E+00 3.320E+06
7.97752940E-03   5507.9 7.696E-02 5.431E+09 2.092E-02 3.235E-01 2.000E+05 0.000E+00 0.000E+00 2.908E+06
1.08263209E-02   5554.0 1.045E-01 7.154E+09 2.076E-02 3.205E-01 2.000E+05 0.000E+00 0.000E+00 2.553E+06
1.46309904E-02   5603.9 1.414E-01 9.468E+09 2.085E-02 3.199E-01 2.000E+05 0.000E+00 0.000E+00 2.249E+06
1.96476962E-02   5657.2 1.899E-01 1.257E+10 2.122E-02 3.216E-01 2.000E+05 0.000E+00 0.000E+00 1.991E+06
2.61719458E-02   5714.4 2.531E-01 1.671E+10 2.191E-02 3.258E-01 2.000E+05 0.000E+00 0.000E+00 1.774E+06
3.45380200E-02   5774.9 3.340E-01 2.222E+10 2.294E-02 3.321E-01 2.000E+05 0.000E+00 0.000E+00 1.592E+06
4.51292102E-02   5837.9 4.363E-01 2.946E+10 2.429E-02 3.403E-01 2.000E+05 0.000E+00 0.000E+00 1.441E+06
5.84159129E-02   5901.3 5.646E-01 3.879E+10 2.588E-02 3.495E-01 2.000E+05 0.000E+00 0.000E+00 1.317E+06
7.50321251E-02   5963.1 7.249E-01 5.053E+10 2.760E-02 3.593E-01 2.000E+05 0.000E+00 0.000E+00 1.214E+06
9.58495586E-02   6021.8 9.254E-01 6.503E+10 2.932E-02 3.694E-01 2.000E+05 0.000E+00 0.000E+00 1.130E+06
1.22044089E-01   6077.2 1.178E+00 8.280E+10 3.101E-02 3.805E-01 2.000E+05 0.000E+00 0.000E+00 1.060E+06
1.55120885E-01   6130.0 1.496E+00 1.046E+11 3.271E-02 3.931E-01 2.000E+05 0.000E+00 0.000E+00 1.001E+06
1.96937192E-01   6181.2 1.897E+00 1.313E+11 3.452E-02 4.077E-01 2.000E+05 0.000E+00 0.000E+00 9.528E+05
2.49708529E-01   6231.7 2.403E+00 1.642E+11 3.654E-02 4.254E-01 2.000E+05 0.000E+00 0.000E+00 9.127E+05
3.16028280E-01   6282.1 3.037E+00 2.049E+11 3.888E-02 4.472E-01 2.000E+05 0.000E+00 0.000E+00 8.800E+05
3.98768073E-01   6333.8 3.826E+00 2.554E+11 4.174E-02 4.750E-01 2.000E+05 0.000E+00 0.000E+00 8.536E+05
5.00932561E-01   6387.8 4.797E+00 3.183E+11 4.534E-02 5.110E-01 2.000E+05 0.000E+00 0.000E+00 8.328E+05
6.25408569E-01   6445.5 5.976E+00 3.974E+11 5.002E-02 5.585E-01 2.000E+05 0.000E+00 0.000E+00 8.168E+05
7.74424723E-01   6508.9 7.378E+00 4.979E+11 5.627E-02 6.227E-01 2.000E+05 0.000E+00 0.000E+00 8.051E+05
9.48974504E-01   6580.1 9.007E+00 6.270E+11 6.484E-02 7.108E-01 2.000E+05 0.000E+00 0.000E+00 7.974E+05
1.14796834E+00   6662.4 1.084E+01 7.961E+11 7.701E-02 8.356E-01 2.000E+05 1.722E-19 3.833E+00 7.935E+05
1.36765424E+00   6758.1 1.284E+01 1.020E+12 9.461E-02 1.015E+00 2.000E+05 2.305E-17 1.840E+01 7.934E+05
1.60171035E+00   6870.2 1.491E+01 1.319E+12 1.207E-01 1.279E+00 2.000E+05 1.803E-16 3.457E+01 7.976E+05
1.84146158E+00   7002.3 1.696E+01 1.723E+12 1.604E-01 1.677E+00 2.000E+05 8.514E-16 5.544E+01 8.067E+05
2.07673661E+00   7158.8 1.885E+01 2.272E+12 2.228E-01 2.292E+00 2.000E+05 3.758E-15 8.806E+01 8.223E+05
2.29797648E+00   7342.6 2.046E+01 3.006E+12 3.221E-01 3.249E+00 2.000E+05 2.094E-14 1.536E+02 8.466E+05
2.49858106E+00   7557.2 2.168E+01 3.954E+12 4.803E-01 4.739E+00 2.000E+05 1.818E-13 3.170E+02 8.830E+05
2.67697316E+00   7805.7 2.244E+01 5.094E+12 7.200E-01 6.893E+00 2.000E+05 2.050E-12 7.318E+02 9.363E+05
2.83710830E+00   8087.7 2.271E+01 6.275E+12 1.042E+00 9.657E+00 2.000E+05 1.552E-11 1.524E+03 1.012E+06
2.99238683E+00   8407.3 2.256E+01 7.237E+12 1.374E+00 1.222E+01 2.000E+05 3.446E-11 2.179E+03 1.114E+06
3.16040440E+00   8762.4 2.206E+01 7.703E+12 1.574E+00 1.349E+01 2.000E+05 1.488E-11 1.869E+03 1.253E+06
3.37191857E+00   9161.1 2.138E+01 7.660E+12 1.558E+00 1.285E+01 2.000E+05 2.176E-12 1.135E+03 1.453E+06
3.67299034E+00   9600.3 2.077E+01 7.338E+12 1.396E+00 1.117E+01 2.000E+05 3.813E-13 7.092E+02 1.714E+06
4.13205663E+00  10091.7 2.068E+01 7.045E+12 1.198E+00 9.380E+00 2.000E+05 1.129E-13 4.991E+02 1.962E+06
4.84733392E+00  10634.5 2.168E+01 7.049E+12 1.030E+00 7.958E+00 2.000E+05 3.374E-14 3.379E+02 2.153E+06
5.94464246E+00  11249.8 2.452E+01 7.556E+12 9.068E-01 6.989E+00 2.000E+05 5.314E-15 1.787E+02 2.290E+06
7.57281130E+00  11935.3 2.995E+01 8.724E+12 8.304E-01 6.413E+00 2.000E+05 1.375E-16 5.030E+01 2.366E+06
9.90476978E+00  12706.9 3.877E+01 1.067E+13 7.850E-01 6.073E+00 2.000E+05 6.720E-18 1.711E+01 2.387E+06
1.31277355E+01  13555.0 5.164E+01 1.348E+13 7.687E-01 5.954E+00 2.000E+05 8.782E-17 3.731E+01 2.423E+06
1.75060566E+01  14490.0 6.960E+01 1.720E+13 7.555E-01 5.845E+00 2.000E+05 0.000E+00 0.000E+00 2.533E+06
2.34514279E+01  15503.3 9.467E+01 2.200E+13 7.414E-01 5.730E+00 2.000E+05 0.000E+00 0.000E+00 2.659E+06
3.15180663E+01  16607.8 1.295E+02 2.818E+13 7.303E-01 5.638E+00 2.000E+05 0.000E+00 0.000E+00 2.757E+06
4.23795705E+01  17799.6 1.770E+02 3.597E+13 7.260E-01 5.612E+00 2.000E+05 0.000E+00 0.000E+00 2.840E+06
5.69759892E+01  19095.8 2.416E+02 4.577E+13 7.191E-01 5.540E+00 2.000E+05 0.000E+00 0.000E+00 2.922E+06
7.65326210E+01  20487.4 3.288E+02 5.807E+13 7.192E-01 5.541E+00 2.000E+05 0.000E+00 0.000E+00 3.006E+06
1.02610365E+02  21996.2 4.453E+02 7.326E+13 7.192E-01 5.517E+00 2.000E+05 0.000E+00 0.000E+00 3.098E+06
1.37050981E+02  23614.7 6.014E+02 9.215E+13 7.332E-01 5.422E+00 2.000E+05 1.051E-10 2.173E+03 3.191E+06
PRADK 5.4754E+00
BEGIN                    ITERATION  15 COMPLETED
