TEFF   3500.  GRAVITY 1.50000 LTE
TITLE  [-1.0] VTURB=2  L/H=1.25 NOVER NEW ODF
OPACITY IFOP 1 1 1 1 1 1 1 1 1 1 1 1 1 0 1 0 0 0 0 0
CONVECTION ON   1.25 TURBULENCE OFF  0.00  0.00  0.00  0.00
ABUNDANCE SCALE   0.10000 ABUNDANCE CHANGE 1 0.92140 2 0.07843
ABUNDANCE CHANGE  3 -10.94  4 -10.64  5  -9.49  6  -3.52  7  -4.12  8  -3.21
ABUNDANCE CHANGE  9  -7.48 10  -3.96 11  -5.71 12  -4.46 13  -5.57 14  -4.49
ABUNDANCE CHANGE 15  -6.59 16  -4.71 17  -6.54 18  -5.64 19  -6.92 20  -5.68
ABUNDANCE CHANGE 21  -8.87 22  -7.02 23  -8.04 24  -6.37 25  -6.65 26  -4.54
ABUNDANCE CHANGE 27  -7.12 28  -5.79 29  -7.83 30  -7.44 31  -9.16 32  -8.63
ABUNDANCE CHANGE 33  -9.67 34  -8.63 35  -9.41 36  -8.73 37  -9.44 38  -9.07
ABUNDANCE CHANGE 39  -9.80 40  -9.44 41 -10.62 42 -10.12 43 -20.00 44 -10.20
ABUNDANCE CHANGE 45 -10.92 46 -10.35 47 -11.10 48 -10.27 49 -10.38 50 -10.04
ABUNDANCE CHANGE 51 -11.04 52  -9.80 53 -10.53 54  -9.87 55 -10.91 56  -9.91
ABUNDANCE CHANGE 57 -10.87 58 -10.46 59 -11.33 60 -10.54 61 -20.00 62 -11.03
ABUNDANCE CHANGE 63 -11.53 64 -10.92 65 -11.69 66 -10.90 67 -11.78 68 -11.11
ABUNDANCE CHANGE 69 -12.04 70 -10.96 71 -11.98 72 -11.16 73 -12.17 74 -10.93
ABUNDANCE CHANGE 75 -11.76 76 -10.59 77 -10.69 78 -10.24 79 -11.03 80 -10.91
ABUNDANCE CHANGE 81 -11.14 82 -10.09 83 -11.33 84 -20.00 85 -20.00 86 -20.00
ABUNDANCE CHANGE 87 -20.00 88 -20.00 89 -20.00 90 -11.95 91 -20.00 92 -12.54
ABUNDANCE CHANGE 93 -20.00 94 -20.00 95 -20.00 96 -20.00 97 -20.00 98 -20.00
ABUNDANCE CHANGE 99 -20.00
READ DECK6 72 RHOX,T,P,XNE,ABROSS,ACCRAD,VTURB, FLXCNV,VCONV,VELSND
3.62623992E-03   2084.1 1.147E-01 2.194E+05 3.677E-05 9.312E-04 2.000E+05 0.000E+00 0.000E+00 5.463E+05
4.75773620E-03   2098.1 1.504E-01 2.849E+05 4.184E-05 9.265E-04 2.000E+05 0.000E+00 0.000E+00 5.118E+05
6.08574047E-03   2110.2 1.924E-01 3.606E+05 4.748E-05 9.240E-04 2.000E+05 0.000E+00 0.000E+00 4.867E+05
7.66924805E-03   2122.9 2.425E-01 4.511E+05 5.241E-05 9.180E-04 2.000E+05 0.000E+00 0.000E+00 4.689E+05
9.60930050E-03   2136.9 3.039E-01 5.628E+05 5.632E-05 9.060E-04 2.000E+05 0.000E+00 0.000E+00 4.562E+05
1.19970276E-02   2149.3 3.794E-01 6.977E+05 6.149E-05 8.959E-04 2.000E+05 0.000E+00 0.000E+00 4.454E+05
1.49288163E-02   2163.0 4.721E-01 8.642E+05 6.614E-05 8.803E-04 2.000E+05 0.000E+00 0.000E+00 4.376E+05
1.86232333E-02   2179.2 5.889E-01 1.078E+06 6.926E-05 8.552E-04 2.000E+05 0.000E+00 0.000E+00 4.324E+05
2.33026736E-02   2195.3 7.369E-01 1.347E+06 7.329E-05 8.267E-04 2.000E+05 0.000E+00 0.000E+00 4.282E+05
2.91692052E-02   2210.8 9.224E-01 1.681E+06 7.834E-05 7.970E-04 2.000E+05 0.000E+00 0.000E+00 4.247E+05
3.64720091E-02   2225.5 1.153E+00 2.092E+06 8.395E-05 7.688E-04 2.000E+05 0.000E+00 0.000E+00 4.219E+05
4.55686655E-02   2240.7 1.441E+00 2.604E+06 8.965E-05 7.397E-04 2.000E+05 0.000E+00 0.000E+00 4.200E+05
5.70308216E-02   2258.1 1.803E+00 3.257E+06 9.394E-05 7.045E-04 2.000E+05 0.000E+00 0.000E+00 4.192E+05
7.18285359E-02   2278.7 2.271E+00 4.117E+06 9.615E-05 6.605E-04 2.000E+05 0.000E+00 0.000E+00 4.195E+05
9.10379575E-02   2299.7 2.879E+00 5.234E+06 9.916E-05 6.163E-04 2.000E+05 0.000E+00 0.000E+00 4.201E+05
1.15298632E-01   2316.3 3.646E+00 6.598E+06 1.070E-04 5.901E-04 2.000E+05 0.000E+00 0.000E+00 4.197E+05
1.45191687E-01   2332.2 4.591E+00 8.264E+06 1.159E-04 5.714E-04 2.000E+05 0.000E+00 0.000E+00 4.195E+05
1.82139814E-01   2349.2 5.760E+00 1.033E+07 1.244E-04 5.533E-04 2.000E+05 0.000E+00 0.000E+00 4.198E+05
2.28299826E-01   2367.9 7.219E+00 1.294E+07 1.320E-04 5.329E-04 2.000E+05 0.000E+00 0.000E+00 4.206E+05
2.87021488E-01   2389.7 9.076E+00 1.633E+07 1.373E-04 5.036E-04 2.000E+05 0.000E+00 0.000E+00 4.221E+05
3.60630478E-01   2406.6 1.140E+01 2.042E+07 1.501E-04 4.963E-04 2.000E+05 0.000E+00 0.000E+00 4.226E+05
4.48266055E-01   2418.2 1.418E+01 2.510E+07 1.709E-04 5.148E-04 2.000E+05 0.000E+00 0.000E+00 4.220E+05
5.51155812E-01   2429.7 1.743E+01 3.054E+07 1.934E-04 5.380E-04 2.000E+05 0.000E+00 0.000E+00 4.216E+05
6.72739673E-01   2441.4 2.127E+01 3.694E+07 2.176E-04 5.636E-04 2.000E+05 0.000E+00 0.000E+00 4.213E+05
8.17386013E-01   2454.0 2.585E+01 4.457E+07 2.427E-04 5.881E-04 2.000E+05 0.000E+00 0.000E+00 4.213E+05
9.93274397E-01   2469.9 3.141E+01 5.403E+07 2.630E-04 5.944E-04 2.000E+05 0.000E+00 0.000E+00 4.221E+05
1.20311303E+00   2477.6 3.805E+01 6.452E+07 3.022E-04 6.479E-04 2.000E+05 0.000E+00 0.000E+00 4.210E+05
1.44898504E+00   2487.6 4.582E+01 7.692E+07 3.399E-04 6.939E-04 2.000E+05 0.000E+00 0.000E+00 4.205E+05
1.74284854E+00   2500.2 5.511E+01 9.195E+07 3.767E-04 7.311E-04 2.000E+05 0.000E+00 0.000E+00 4.206E+05
2.09903146E+00   2515.0 6.638E+01 1.104E+08 4.130E-04 7.601E-04 2.000E+05 0.000E+00 0.000E+00 4.211E+05
2.52639746E+00   2525.8 7.989E+01 1.317E+08 4.647E-04 8.191E-04 2.000E+05 0.000E+00 0.000E+00 4.207E+05
3.04793175E+00   2543.3 9.638E+01 1.589E+08 4.930E-04 8.207E-04 2.000E+05 0.000E+00 0.000E+00 4.217E+05
3.70451444E+00   2559.3 1.171E+02 1.925E+08 5.214E-04 8.184E-04 2.000E+05 0.000E+00 0.000E+00 4.222E+05
4.53996222E+00   2579.4 1.436E+02 2.362E+08 5.425E-04 7.947E-04 2.000E+05 0.000E+00 0.000E+00 4.235E+05
5.60962543E+00   2603.7 1.774E+02 2.936E+08 5.658E-04 7.661E-04 2.000E+05 0.000E+00 0.000E+00 4.255E+05
6.97857272E+00   2632.9 2.207E+02 3.694E+08 5.897E-04 7.292E-04 2.000E+05 0.000E+00 0.000E+00 4.284E+05
8.71077172E+00   2657.4 2.755E+02 4.631E+08 6.281E-04 7.180E-04 2.000E+05 0.000E+00 0.000E+00 4.302E+05
1.09270172E+01   2688.6 3.455E+02 5.882E+08 6.411E-04 6.583E-04 2.000E+05 0.000E+00 0.000E+00 4.332E+05
1.38070544E+01   2720.7 4.366E+02 7.526E+08 6.620E-04 6.060E-04 2.000E+05 0.000E+00 0.000E+00 4.363E+05
1.74955463E+01   2757.4 5.533E+02 9.719E+08 6.941E-04 5.621E-04 2.000E+05 0.000E+00 0.000E+00 4.402E+05
2.21660570E+01   2792.4 7.009E+02 1.252E+09 7.338E-04 5.297E-04 2.000E+05 0.000E+00 0.000E+00 4.436E+05
2.80638216E+01   2832.8 8.874E+02 1.626E+09 7.737E-04 4.893E-04 2.000E+05 0.000E+00 0.000E+00 4.480E+05
3.55016653E+01   2874.6 1.123E+03 2.117E+09 8.204E-04 4.527E-04 2.000E+05 0.000E+00 0.000E+00 4.526E+05
4.48424961E+01   2915.8 1.418E+03 2.754E+09 8.730E-04 4.265E-04 2.000E+05 0.000E+00 0.000E+00 4.570E+05
5.64867978E+01   2958.9 1.786E+03 3.591E+09 9.385E-04 4.102E-04 2.000E+05 0.000E+00 0.000E+00 4.616E+05
7.08144040E+01   3002.8 2.239E+03 4.678E+09 1.025E-03 4.074E-04 2.000E+05 0.000E+00 0.000E+00 4.664E+05
8.82628923E+01   3047.7 2.791E+03 6.088E+09 1.123E-03 4.142E-04 2.000E+05 0.000E+00 0.000E+00 4.713E+05
1.09577287E+02   3094.1 3.465E+03 7.934E+09 1.221E-03 4.259E-04 2.000E+05 0.000E+00 0.000E+00 4.765E+05
1.35732948E+02   3143.8 4.292E+03 1.041E+10 1.328E-03 4.486E-04 2.000E+05 0.000E+00 0.000E+00 4.821E+05
1.67765960E+02   3200.4 5.305E+03 1.388E+10 1.447E-03 4.890E-04 2.000E+05 0.000E+00 0.000E+00 4.890E+05
2.07069523E+02   3268.1 6.548E+03 1.902E+10 1.571E-03 5.498E-04 2.000E+05 0.000E+00 0.000E+00 4.979E+05
2.55003876E+02   3354.4 8.064E+03 2.727E+10 1.732E-03 6.504E-04 2.000E+05 4.428E-06 3.429E+03 5.102E+05
3.11588048E+02   3465.4 9.853E+03 4.131E+10 2.012E-03 8.291E-04 2.000E+05 2.440E-05 6.060E+03 5.273E+05
3.75227601E+02   3613.7 1.187E+04 6.668E+10 2.444E-03 1.021E-03 2.000E+05 1.552E-05 5.372E+03 5.525E+05
4.35980513E+02   3766.8 1.379E+04 1.018E+11 3.837E-03 1.461E-03 2.000E+05 2.190E-05 6.248E+03 5.802E+05
4.89736781E+02   3938.5 1.549E+04 1.477E+11 5.468E-03 1.890E-03 2.000E+05 2.464E-05 6.770E+03 6.119E+05
5.43158072E+02   4106.2 1.718E+04 1.978E+11 7.007E-03 2.241E-03 2.000E+05 2.628E-05 7.072E+03 6.401E+05
6.00223019E+02   4297.6 1.898E+04 2.578E+11 8.581E-03 2.582E-03 2.000E+05 3.378E-05 7.790E+03 6.682E+05
6.62620569E+02   4499.3 2.095E+04 3.364E+11 1.049E-02 3.041E-03 2.000E+05 8.165E-05 1.046E+04 6.929E+05
7.28129915E+02   4729.6 2.302E+04 4.994E+11 1.409E-02 3.949E-03 2.000E+05 8.081E-04 2.239E+04 7.167E+05
7.87594955E+02   4981.6 2.490E+04 9.050E+11 2.270E-02 6.143E-03 2.000E+05 1.397E-02 5.757E+04 7.391E+05
8.33351246E+02   5259.3 2.635E+04 1.889E+12 4.140E-02 1.046E-02 2.000E+05 6.798E-02 9.728E+04 7.606E+05
8.66728829E+02   5536.7 2.741E+04 3.905E+12 7.477E-02 1.596E-02 2.000E+05 2.191E-01 1.444E+05 7.795E+05
8.92326991E+02   5790.1 2.822E+04 7.301E+12 1.247E-01 2.010E-02 2.000E+05 4.314E-01 1.831E+05 7.945E+05
9.13851817E+02   6005.8 2.890E+04 1.204E+13 1.886E-01 2.158E-02 2.000E+05 6.023E-01 2.048E+05 8.054E+05
9.33571005E+02   6192.3 2.952E+04 1.811E+13 2.655E-01 2.206E-02 2.000E+05 7.090E-01 2.147E+05 8.134E+05
9.52684668E+02   6360.5 3.012E+04 2.572E+13 3.581E-01 2.215E-02 2.000E+05 7.828E-01 2.201E+05 8.183E+05
9.71878837E+02   6517.6 3.073E+04 3.518E+13 4.694E-01 2.232E-02 2.000E+05 8.339E-01 2.237E+05 8.237E+05
9.91541351E+02   6670.4 3.135E+04 4.708E+13 6.068E-01 2.226E-02 2.000E+05 8.698E-01 2.236E+05 8.271E+05
1.01204871E+03   6814.7 3.200E+04 6.136E+13 7.699E-01 2.222E-02 2.000E+05 8.995E-01 2.250E+05 8.295E+05
1.03355537E+03   6963.0 3.268E+04 7.969E+13 9.780E-01 2.207E-02 2.000E+05 9.200E-01 2.224E+05 8.313E+05
1.05635130E+03   7100.1 3.340E+04 1.007E+14 1.216E+00 2.337E-02 2.000E+05 9.324E-01 2.208E+05 8.327E+05
PRADK 2.0053E-01
BEGIN                    ITERATION  15 COMPLETED
