TEFF   4000.  GRAVITY 3.00000 LTE
TITLE  [-1.0] VTURB=2  L/H=1.25 NOVER NEW ODF
OPACITY IFOP 1 1 1 1 1 1 1 1 1 1 1 1 1 0 1 0 0 0 0 0
CONVECTION ON   1.25 TURBULENCE OFF  0.00  0.00  0.00  0.00
ABUNDANCE SCALE   0.10000 ABUNDANCE CHANGE 1 0.92140 2 0.07843
ABUNDANCE CHANGE  3 -10.94  4 -10.64  5  -9.49  6  -3.52  7  -4.12  8  -3.21
ABUNDANCE CHANGE  9  -7.48 10  -3.96 11  -5.71 12  -4.46 13  -5.57 14  -4.49
ABUNDANCE CHANGE 15  -6.59 16  -4.71 17  -6.54 18  -5.64 19  -6.92 20  -5.68
ABUNDANCE CHANGE 21  -8.87 22  -7.02 23  -8.04 24  -6.37 25  -6.65 26  -4.54
ABUNDANCE CHANGE 27  -7.12 28  -5.79 29  -7.83 30  -7.44 31  -9.16 32  -8.63
ABUNDANCE CHANGE 33  -9.67 34  -8.63 35  -9.41 36  -8.73 37  -9.44 38  -9.07
ABUNDANCE CHANGE 39  -9.80 40  -9.44 41 -10.62 42 -10.12 43 -20.00 44 -10.20
ABUNDANCE CHANGE 45 -10.92 46 -10.35 47 -11.10 48 -10.27 49 -10.38 50 -10.04
ABUNDANCE CHANGE 51 -11.04 52  -9.80 53 -10.53 54  -9.87 55 -10.91 56  -9.91
ABUNDANCE CHANGE 57 -10.87 58 -10.46 59 -11.33 60 -10.54 61 -20.00 62 -11.03
ABUNDANCE CHANGE 63 -11.53 64 -10.92 65 -11.69 66 -10.90 67 -11.78 68 -11.11
ABUNDANCE CHANGE 69 -12.04 70 -10.96 71 -11.98 72 -11.16 73 -12.17 74 -10.93
ABUNDANCE CHANGE 75 -11.76 76 -10.59 77 -10.69 78 -10.24 79 -11.03 80 -10.91
ABUNDANCE CHANGE 81 -11.14 82 -10.09 83 -11.33 84 -20.00 85 -20.00 86 -20.00
ABUNDANCE CHANGE 87 -20.00 88 -20.00 89 -20.00 90 -11.95 91 -20.00 92 -12.54
ABUNDANCE CHANGE 93 -20.00 94 -20.00 95 -20.00 96 -20.00 97 -20.00 98 -20.00
ABUNDANCE CHANGE 99 -20.00
READ DECK6 72 RHOX,T,P,XNE,ABROSS,ACCRAD,VTURB, FLXCNV,VCONV,VELSND
2.39265564E-03   2324.4 2.393E+00 4.636E+06 5.573E-05 1.265E-03 2.000E+05 0.000E+00 0.000E+00 4.376E+05
3.14824628E-03   2342.9 3.148E+00 6.055E+06 6.199E-05 1.278E-03 2.000E+05 0.000E+00 0.000E+00 4.345E+05
4.05049535E-03   2358.0 4.051E+00 7.718E+06 6.948E-05 1.295E-03 2.000E+05 0.000E+00 0.000E+00 4.320E+05
5.13337970E-03   2373.8 5.133E+00 9.717E+06 7.659E-05 1.305E-03 2.000E+05 0.000E+00 0.000E+00 4.307E+05
6.45170422E-03   2391.0 6.452E+00 1.217E+07 8.326E-05 1.307E-03 2.000E+05 0.000E+00 0.000E+00 4.302E+05
8.06745105E-03   2408.0 8.068E+00 1.516E+07 9.070E-05 1.306E-03 2.000E+05 0.000E+00 0.000E+00 4.301E+05
1.00459233E-02   2424.5 1.005E+01 1.880E+07 9.881E-05 1.302E-03 2.000E+05 0.000E+00 0.000E+00 4.301E+05
1.24603749E-02   2439.2 1.246E+01 2.317E+07 1.082E-04 1.304E-03 2.000E+05 0.000E+00 0.000E+00 4.298E+05
1.54096693E-02   2455.2 1.541E+01 2.854E+07 1.176E-04 1.301E-03 2.000E+05 0.000E+00 0.000E+00 4.301E+05
1.90398698E-02   2472.7 1.904E+01 3.519E+07 1.271E-04 1.290E-03 2.000E+05 0.000E+00 0.000E+00 4.307E+05
2.35336347E-02   2492.0 2.353E+01 4.351E+07 1.365E-04 1.271E-03 2.000E+05 0.000E+00 0.000E+00 4.318E+05
2.91395713E-02   2513.5 2.914E+01 5.406E+07 1.456E-04 1.239E-03 2.000E+05 0.000E+00 0.000E+00 4.334E+05
3.60872305E-02   2531.6 3.609E+01 6.682E+07 1.580E-04 1.220E-03 2.000E+05 0.000E+00 0.000E+00 4.341E+05
4.46320986E-02   2550.2 4.463E+01 8.252E+07 1.709E-04 1.200E-03 2.000E+05 0.000E+00 0.000E+00 4.350E+05
5.51835235E-02   2570.3 5.519E+01 1.021E+08 1.842E-04 1.174E-03 2.000E+05 0.000E+00 0.000E+00 4.363E+05
6.82462905E-02   2592.2 6.825E+01 1.267E+08 1.983E-04 1.142E-03 2.000E+05 0.000E+00 0.000E+00 4.378E+05
8.44579121E-02   2616.1 8.446E+01 1.578E+08 2.129E-04 1.101E-03 2.000E+05 0.000E+00 0.000E+00 4.398E+05
1.04579627E-01   2640.2 1.046E+02 1.967E+08 2.292E-04 1.062E-03 2.000E+05 0.000E+00 0.000E+00 4.417E+05
1.29354090E-01   2660.9 1.294E+02 2.435E+08 2.496E-04 1.044E-03 2.000E+05 0.000E+00 0.000E+00 4.429E+05
1.59668347E-01   2682.9 1.597E+02 3.016E+08 2.718E-04 1.026E-03 2.000E+05 0.000E+00 0.000E+00 4.444E+05
1.96757928E-01   2706.1 1.968E+02 3.736E+08 2.965E-04 1.008E-03 2.000E+05 0.000E+00 0.000E+00 4.460E+05
2.42047034E-01   2730.5 2.421E+02 4.630E+08 3.241E-04 9.876E-04 2.000E+05 0.000E+00 0.000E+00 4.479E+05
2.97358498E-01   2756.5 2.974E+02 5.748E+08 3.540E-04 9.618E-04 2.000E+05 0.000E+00 0.000E+00 4.501E+05
3.64552791E-01   2778.1 3.646E+02 7.069E+08 3.903E-04 9.641E-04 2.000E+05 0.000E+00 0.000E+00 4.514E+05
4.45702289E-01   2799.5 4.457E+02 8.667E+08 4.311E-04 9.747E-04 2.000E+05 0.000E+00 0.000E+00 4.526E+05
5.43583023E-01   2821.7 5.436E+02 1.062E+09 4.770E-04 9.877E-04 2.000E+05 0.000E+00 0.000E+00 4.539E+05
6.61470286E-01   2845.1 6.615E+02 1.301E+09 5.284E-04 1.001E-03 2.000E+05 0.000E+00 0.000E+00 4.555E+05
8.03358896E-01   2870.0 8.034E+02 1.595E+09 5.854E-04 1.011E-03 2.000E+05 0.000E+00 0.000E+00 4.574E+05
9.74234205E-01   2895.9 9.743E+02 1.958E+09 6.479E-04 1.021E-03 2.000E+05 0.000E+00 0.000E+00 4.594E+05
1.18027180E+00   2918.5 1.180E+03 2.385E+09 7.161E-04 1.049E-03 2.000E+05 0.000E+00 0.000E+00 4.607E+05
1.42904314E+00   2942.9 1.429E+03 2.913E+09 7.904E-04 1.077E-03 2.000E+05 0.000E+00 0.000E+00 4.623E+05
1.72968050E+00   2969.8 1.730E+03 3.574E+09 8.722E-04 1.102E-03 2.000E+05 0.000E+00 0.000E+00 4.644E+05
2.09270038E+00   2999.1 2.093E+03 4.403E+09 9.641E-04 1.125E-03 2.000E+05 0.000E+00 0.000E+00 4.669E+05
2.53004661E+00   3030.0 2.530E+03 5.439E+09 1.068E-03 1.152E-03 2.000E+05 0.000E+00 0.000E+00 4.696E+05
3.05598221E+00   3060.8 3.056E+03 6.712E+09 1.185E-03 1.190E-03 2.000E+05 0.000E+00 0.000E+00 4.722E+05
3.69283714E+00   3093.2 3.693E+03 8.314E+09 1.299E-03 1.221E-03 2.000E+05 0.000E+00 0.000E+00 4.751E+05
4.46190393E+00   3124.0 4.462E+03 1.026E+10 1.444E-03 1.276E-03 2.000E+05 0.000E+00 0.000E+00 4.776E+05
5.38109843E+00   3155.3 5.381E+03 1.265E+10 1.617E-03 1.350E-03 2.000E+05 0.000E+00 0.000E+00 4.802E+05
6.47208382E+00   3185.0 6.472E+03 1.550E+10 1.821E-03 1.451E-03 2.000E+05 0.000E+00 0.000E+00 4.824E+05
7.76515801E+00   3215.8 7.766E+03 1.900E+10 2.047E-03 1.563E-03 2.000E+05 0.000E+00 0.000E+00 4.848E+05
9.29625469E+00   3245.6 9.297E+03 2.318E+10 2.308E-03 1.695E-03 2.000E+05 0.000E+00 0.000E+00 4.870E+05
1.11141401E+01   3277.5 1.111E+04 2.838E+10 2.583E-03 1.839E-03 2.000E+05 0.000E+00 0.000E+00 4.895E+05
1.32767790E+01   3309.8 1.328E+04 3.472E+10 2.900E-03 2.014E-03 2.000E+05 0.000E+00 0.000E+00 4.921E+05
1.58442532E+01   3344.6 1.584E+04 4.267E+10 3.259E-03 2.231E-03 2.000E+05 0.000E+00 0.000E+00 4.950E+05
1.88877329E+01   3382.6 1.889E+04 5.272E+10 3.670E-03 2.491E-03 2.000E+05 0.000E+00 0.000E+00 4.985E+05
2.24866273E+01   3426.5 2.249E+04 6.593E+10 4.142E-03 2.809E-03 2.000E+05 0.000E+00 0.000E+00 5.030E+05
2.67724309E+01   3476.5 2.677E+04 8.349E+10 4.579E-03 3.158E-03 2.000E+05 0.000E+00 0.000E+00 5.085E+05
3.21784574E+01   3533.9 3.218E+04 1.081E+11 4.674E-03 3.441E-03 2.000E+05 0.000E+00 0.000E+00 5.150E+05
3.89383276E+01   3608.6 3.894E+04 1.458E+11 5.311E-03 4.000E-03 2.000E+05 0.000E+00 0.000E+00 5.243E+05
4.62441092E+01   3688.8 4.625E+04 1.956E+11 7.035E-03 5.046E-03 2.000E+05 2.171E-03 1.869E+04 5.347E+05
5.33777401E+01   3780.6 5.338E+04 2.622E+11 9.663E-03 6.600E-03 2.000E+05 7.503E-03 2.821E+04 5.477E+05
6.05118834E+01   3882.3 6.051E+04 3.499E+11 1.257E-02 8.174E-03 2.000E+05 8.382E-03 2.955E+04 5.628E+05
6.78728790E+01   3997.6 6.787E+04 4.669E+11 1.621E-02 9.980E-03 2.000E+05 7.840E-03 2.947E+04 5.808E+05
7.54852884E+01   4129.1 7.549E+04 6.196E+11 2.085E-02 1.211E-02 2.000E+05 7.011E-03 2.918E+04 6.021E+05
8.34611610E+01   4277.3 8.346E+04 8.111E+11 2.624E-02 1.439E-02 2.000E+05 6.045E-03 2.858E+04 6.265E+05
9.20103790E+01   4442.9 9.201E+04 1.047E+12 3.233E-02 1.690E-02 2.000E+05 5.821E-03 2.893E+04 6.530E+05
1.01321911E+02   4630.4 1.013E+05 1.363E+12 3.944E-02 1.982E-02 2.000E+05 7.663E-03 3.228E+04 6.808E+05
1.11360212E+02   4843.2 1.114E+05 1.902E+12 4.994E-02 2.369E-02 2.000E+05 1.728E-02 4.269E+04 7.087E+05
1.21351599E+02   5071.2 1.214E+05 3.008E+12 7.132E-02 3.138E-02 2.000E+05 6.672E-02 6.725E+04 7.343E+05
1.30215369E+02   5309.4 1.302E+05 5.276E+12 1.114E-01 4.316E-02 2.000E+05 1.662E-01 9.136E+04 7.572E+05
1.37755540E+02   5535.0 1.378E+05 9.211E+12 1.737E-01 5.556E-02 2.000E+05 3.182E-01 1.139E+05 7.762E+05
1.44302753E+02   5747.8 1.443E+05 1.545E+13 2.619E-01 6.555E-02 2.000E+05 4.753E-01 1.307E+05 7.922E+05
1.50226631E+02   5942.8 1.502E+05 2.439E+13 3.773E-01 7.131E-02 2.000E+05 6.058E-01 1.411E+05 8.054E+05
1.55831162E+02   6123.2 1.558E+05 3.654E+13 5.213E-01 7.478E-02 2.000E+05 7.062E-01 1.485E+05 8.165E+05
1.61313644E+02   6294.8 1.613E+05 5.279E+13 7.016E-01 7.665E-02 2.000E+05 7.731E-01 1.515E+05 8.262E+05
1.66826759E+02   6456.3 1.668E+05 7.356E+13 9.189E-01 7.918E-02 2.000E+05 8.241E-01 1.546E+05 8.344E+05
1.72461828E+02   6618.5 1.725E+05 1.012E+14 1.194E+00 8.093E-02 2.000E+05 8.590E-01 1.547E+05 8.418E+05
1.78309143E+02   6772.1 1.783E+05 1.353E+14 1.521E+00 8.226E-02 2.000E+05 8.892E-01 1.559E+05 8.481E+05
1.84413623E+02   6932.9 1.844E+05 1.811E+14 1.944E+00 8.424E-02 2.000E+05 9.104E-01 1.551E+05 8.539E+05
1.90850471E+02   7084.3 1.908E+05 2.359E+14 2.437E+00 8.447E-02 2.000E+05 9.284E-01 1.544E+05 8.586E+05
1.97659059E+02   7246.0 1.977E+05 3.093E+14 3.085E+00 8.623E-02 2.000E+05 9.426E-01 1.535E+05 8.630E+05
2.04886578E+02   7397.9 2.049E+05 3.956E+14 3.836E+00 9.230E-02 2.000E+05 9.503E-01 1.514E+05 8.665E+05
PRADK 3.4110E-01
BEGIN                    ITERATION  15 COMPLETED
