TEFF   8500.  GRAVITY 3.50000 LTE
TITLE  [-1.0] VTURB=2  L/H=1.25 NOVER NEW ODF
OPACITY IFOP 1 1 1 1 1 1 1 1 1 1 1 1 1 0 1 0 0 0 0 0
CONVECTION ON   1.25 TURBULENCE OFF  0.00  0.00  0.00  0.00
ABUNDANCE SCALE   0.10000 ABUNDANCE CHANGE 1 0.92140 2 0.07843
ABUNDANCE CHANGE  3 -10.94  4 -10.64  5  -9.49  6  -3.52  7  -4.12  8  -3.21
ABUNDANCE CHANGE  9  -7.48 10  -3.96 11  -5.71 12  -4.46 13  -5.57 14  -4.49
ABUNDANCE CHANGE 15  -6.59 16  -4.71 17  -6.54 18  -5.64 19  -6.92 20  -5.68
ABUNDANCE CHANGE 21  -8.87 22  -7.02 23  -8.04 24  -6.37 25  -6.65 26  -4.54
ABUNDANCE CHANGE 27  -7.12 28  -5.79 29  -7.83 30  -7.44 31  -9.16 32  -8.63
ABUNDANCE CHANGE 33  -9.67 34  -8.63 35  -9.41 36  -8.73 37  -9.44 38  -9.07
ABUNDANCE CHANGE 39  -9.80 40  -9.44 41 -10.62 42 -10.12 43 -20.00 44 -10.20
ABUNDANCE CHANGE 45 -10.92 46 -10.35 47 -11.10 48 -10.27 49 -10.38 50 -10.04
ABUNDANCE CHANGE 51 -11.04 52  -9.80 53 -10.53 54  -9.87 55 -10.91 56  -9.91
ABUNDANCE CHANGE 57 -10.87 58 -10.46 59 -11.33 60 -10.54 61 -20.00 62 -11.03
ABUNDANCE CHANGE 63 -11.53 64 -10.92 65 -11.69 66 -10.90 67 -11.78 68 -11.11
ABUNDANCE CHANGE 69 -12.04 70 -10.96 71 -11.98 72 -11.16 73 -12.17 74 -10.93
ABUNDANCE CHANGE 75 -11.76 76 -10.59 77 -10.69 78 -10.24 79 -11.03 80 -10.91
ABUNDANCE CHANGE 81 -11.14 82 -10.09 83 -11.33 84 -20.00 85 -20.00 86 -20.00
ABUNDANCE CHANGE 87 -20.00 88 -20.00 89 -20.00 90 -11.95 91 -20.00 92 -12.54
ABUNDANCE CHANGE 93 -20.00 94 -20.00 95 -20.00 96 -20.00 97 -20.00 98 -20.00
ABUNDANCE CHANGE 99 -20.00
READ DECK6 72 RHOX,T,P,XNE,ABROSS,ACCRAD,VTURB, FLXCNV,VCONV,VELSND
6.26491210E-06   5298.7 1.980E-02 1.544E+09 2.129E-02 1.339E+00 2.000E+05 0.000E+00 0.000E+00 5.923E+06
8.45141024E-06   5314.3 2.671E-02 1.886E+09 1.940E-02 1.323E+00 2.000E+05 0.000E+00 0.000E+00 5.231E+06
1.16971876E-05   5323.5 3.697E-02 2.294E+09 1.715E-02 1.300E+00 2.000E+05 0.000E+00 0.000E+00 4.595E+06
1.65500420E-05   5342.0 5.231E-02 2.891E+09 1.545E-02 1.282E+00 2.000E+05 0.000E+00 0.000E+00 3.997E+06
2.37581070E-05   5363.3 7.510E-02 3.695E+09 1.395E-02 1.263E+00 2.000E+05 0.000E+00 0.000E+00 3.463E+06
3.43016562E-05   5391.3 1.084E-01 4.817E+09 1.284E-02 1.244E+00 2.000E+05 0.000E+00 0.000E+00 2.994E+06
4.94371994E-05   5424.7 1.563E-01 6.357E+09 1.203E-02 1.224E+00 2.000E+05 0.000E+00 0.000E+00 2.590E+06
7.07338740E-05   5463.7 2.236E-01 8.469E+09 1.152E-02 1.201E+00 2.000E+05 0.000E+00 0.000E+00 2.249E+06
1.00091892E-04   5507.0 3.164E-01 1.133E+10 1.125E-02 1.176E+00 2.000E+05 0.000E+00 0.000E+00 1.964E+06
1.39796053E-04   5554.0 4.419E-01 1.516E+10 1.118E-02 1.148E+00 2.000E+05 0.000E+00 0.000E+00 1.729E+06
1.92646775E-04   5602.8 6.090E-01 2.020E+10 1.128E-02 1.119E+00 2.000E+05 0.000E+00 0.000E+00 1.536E+06
2.62111658E-04   5652.8 8.286E-01 2.675E+10 1.150E-02 1.090E+00 2.000E+05 0.000E+00 0.000E+00 1.378E+06
3.52471402E-04   5702.9 1.114E+00 3.517E+10 1.184E-02 1.062E+00 2.000E+05 0.000E+00 0.000E+00 1.250E+06
4.69022364E-04   5752.9 1.483E+00 4.587E+10 1.229E-02 1.037E+00 2.000E+05 0.000E+00 0.000E+00 1.146E+06
6.18194150E-04   5802.4 1.954E+00 5.934E+10 1.285E-02 1.015E+00 2.000E+05 0.000E+00 0.000E+00 1.062E+06
8.07824409E-04   5851.0 2.554E+00 7.612E+10 1.352E-02 9.961E-01 2.000E+05 0.000E+00 0.000E+00 9.938E+05
1.04748585E-03   5898.5 3.311E+00 9.685E+10 1.430E-02 9.802E-01 2.000E+05 0.000E+00 0.000E+00 9.392E+05
1.34883828E-03   5944.6 4.264E+00 1.222E+11 1.520E-02 9.690E-01 2.000E+05 0.000E+00 0.000E+00 8.955E+05
1.72621293E-03   5988.9 5.457E+00 1.528E+11 1.622E-02 9.630E-01 2.000E+05 0.000E+00 0.000E+00 8.605E+05
2.19701002E-03   6031.5 6.945E+00 1.897E+11 1.737E-02 9.636E-01 2.000E+05 0.000E+00 0.000E+00 8.327E+05
2.78184233E-03   6073.0 8.794E+00 2.339E+11 1.869E-02 9.716E-01 2.000E+05 0.000E+00 0.000E+00 8.106E+05
3.50399443E-03   6114.3 1.108E+01 2.872E+11 2.026E-02 9.874E-01 2.000E+05 0.000E+00 0.000E+00 7.932E+05
4.38879336E-03   6156.1 1.387E+01 3.516E+11 2.214E-02 1.010E+00 2.000E+05 0.000E+00 0.000E+00 7.795E+05
5.46337535E-03   6198.8 1.727E+01 4.294E+11 2.441E-02 1.038E+00 2.000E+05 0.000E+00 0.000E+00 7.688E+05
6.75740981E-03   6242.4 2.136E+01 5.230E+11 2.713E-02 1.071E+00 2.000E+05 0.000E+00 0.000E+00 7.607E+05
8.30495220E-03   6286.4 2.625E+01 6.346E+11 3.034E-02 1.108E+00 2.000E+05 0.000E+00 0.000E+00 7.546E+05
1.01467607E-02   6330.3 3.208E+01 7.667E+11 3.405E-02 1.149E+00 2.000E+05 0.000E+00 0.000E+00 7.502E+05
1.23329948E-02   6373.4 3.899E+01 9.212E+11 3.827E-02 1.195E+00 2.000E+05 0.000E+00 0.000E+00 7.475E+05
1.49269347E-02   6415.0 4.719E+01 1.100E+12 4.300E-02 1.245E+00 2.000E+05 0.000E+00 0.000E+00 7.450E+05
1.80081715E-02   6454.8 5.693E+01 1.306E+12 4.823E-02 1.302E+00 2.000E+05 0.000E+00 0.000E+00 7.437E+05
2.16732690E-02   6493.3 6.851E+01 1.543E+12 5.405E-02 1.366E+00 2.000E+05 0.000E+00 0.000E+00 7.430E+05
2.60357029E-02   6530.6 8.230E+01 1.816E+12 6.055E-02 1.438E+00 2.000E+05 0.000E+00 0.000E+00 7.429E+05
3.12272764E-02   6567.5 9.871E+01 2.133E+12 6.788E-02 1.519E+00 2.000E+05 0.000E+00 0.000E+00 7.433E+05
3.73964647E-02   6604.6 1.182E+02 2.501E+12 7.625E-02 1.612E+00 2.000E+05 0.000E+00 0.000E+00 7.440E+05
4.47138729E-02   6641.8 1.413E+02 2.929E+12 8.579E-02 1.716E+00 2.000E+05 0.000E+00 0.000E+00 7.451E+05
5.33831320E-02   6678.9 1.687E+02 3.425E+12 9.659E-02 1.832E+00 2.000E+05 0.000E+00 0.000E+00 7.464E+05
6.36485604E-02   6715.8 2.012E+02 3.997E+12 1.088E-01 1.962E+00 2.000E+05 0.000E+00 0.000E+00 7.480E+05
7.57985749E-02   6752.8 2.396E+02 4.660E+12 1.226E-01 2.109E+00 2.000E+05 0.000E+00 0.000E+00 7.497E+05
9.01691374E-02   6790.0 2.850E+02 5.429E+12 1.383E-01 2.279E+00 2.000E+05 0.000E+00 0.000E+00 7.517E+05
1.07137392E-01   6828.6 3.386E+02 6.329E+12 1.565E-01 2.478E+00 2.000E+05 0.000E+00 0.000E+00 7.538E+05
1.27093627E-01   6869.5 4.017E+02 7.397E+12 1.778E-01 2.717E+00 2.000E+05 0.000E+00 0.000E+00 7.560E+05
1.50447296E-01   6913.6 4.754E+02 8.676E+12 2.032E-01 3.006E+00 2.000E+05 0.000E+00 0.000E+00 7.585E+05
1.77588951E-01   6962.5 5.612E+02 1.023E+13 2.341E-01 3.361E+00 2.000E+05 0.000E+00 0.000E+00 7.610E+05
2.08844163E-01   7017.7 6.599E+02 1.215E+13 2.726E-01 3.808E+00 2.000E+05 0.000E+00 0.000E+00 7.638E+05
2.44422444E-01   7080.9 7.723E+02 1.455E+13 3.214E-01 4.380E+00 2.000E+05 0.000E+00 0.000E+00 7.668E+05
2.84301792E-01   7155.2 8.982E+02 1.765E+13 3.859E-01 5.135E+00 2.000E+05 0.000E+00 0.000E+00 7.700E+05
3.28184662E-01   7242.0 1.037E+03 2.167E+13 4.721E-01 6.147E+00 2.000E+05 0.000E+00 0.000E+00 7.737E+05
3.75450139E-01   7344.9 1.186E+03 2.703E+13 5.917E-01 7.554E+00 2.000E+05 0.000E+00 0.000E+00 7.778E+05
4.25067972E-01   7466.6 1.342E+03 3.428E+13 7.622E-01 9.555E+00 2.000E+05 5.291E-14 6.291E+01 7.828E+05
4.75606936E-01   7611.6 1.502E+03 4.432E+13 1.015E+00 1.251E+01 2.000E+05 2.616E-12 2.197E+02 7.891E+05
5.25236328E-01   7784.9 1.658E+03 5.853E+13 1.406E+00 1.700E+01 2.000E+05 2.347E-11 4.351E+02 7.973E+05
5.72045705E-01   7989.5 1.805E+03 7.877E+13 2.030E+00 2.407E+01 2.000E+05 2.114E-10 8.659E+02 8.083E+05
6.14347891E-01   8231.3 1.937E+03 1.080E+14 3.061E+00 3.552E+01 2.000E+05 3.112E-09 2.042E+03 8.235E+05
6.50998176E-01   8513.8 2.052E+03 1.498E+14 4.800E+00 5.429E+01 2.000E+05 7.786E-08 5.799E+03 8.447E+05
6.81677675E-01   8840.9 2.147E+03 2.086E+14 7.741E+00 8.509E+01 2.000E+05 2.580E-06 1.833E+04 8.744E+05
7.06958388E-01   9212.6 2.224E+03 2.873E+14 1.250E+01 1.333E+02 2.000E+05 7.605E-05 5.669E+04 9.156E+05
7.28109281E-01   9631.6 2.287E+03 3.850E+14 1.950E+01 2.015E+02 2.000E+05 9.089E-04 1.324E+05 9.716E+05
7.46809243E-01  10100.6 2.342E+03 4.921E+14 2.807E+01 2.834E+02 2.000E+05 2.764E-03 2.004E+05 1.044E+06
7.65472299E-01  10630.5 2.395E+03 5.901E+14 3.511E+01 3.490E+02 2.000E+05 3.089E-03 2.223E+05 1.133E+06
7.87099362E-01  11226.8 2.455E+03 6.583E+14 3.714E+01 3.709E+02 2.000E+05 7.136E-04 1.492E+05 1.227E+06
8.17419285E-01  11911.8 2.541E+03 6.938E+14 3.243E+01 3.246E+02 2.000E+05 1.042E-05 4.107E+04 1.326E+06
8.66131040E-01  12665.6 2.681E+03 7.135E+14 2.551E+01 2.565E+02 2.000E+05 5.493E-08 8.131E+03 1.433E+06
9.51490043E-01  13511.7 2.932E+03 7.432E+14 1.912E+01 1.918E+02 2.000E+05 4.040E-10 1.731E+03 1.546E+06
1.10148357E+00  14423.1 3.381E+03 8.094E+14 1.479E+01 1.472E+02 2.000E+05 1.230E-11 5.389E+02 1.618E+06
1.35203356E+00  15419.1 4.140E+03 9.341E+14 1.220E+01 1.208E+02 2.000E+05 5.766E-12 3.837E+02 1.643E+06
1.73990158E+00  16491.6 5.323E+03 1.134E+15 1.091E+01 1.075E+02 2.000E+05 1.351E-11 4.618E+02 1.681E+06
2.30454158E+00  17663.4 7.050E+03 1.418E+15 1.019E+01 1.002E+02 2.000E+05 5.069E-12 3.168E+02 1.762E+06
3.09874762E+00  18924.8 9.484E+03 1.795E+15 9.775E+00 9.600E+01 2.000E+05 0.000E+00 0.000E+00 1.881E+06
4.19530480E+00  20298.4 1.285E+04 2.278E+15 9.503E+00 9.326E+01 2.000E+05 0.000E+00 0.000E+00 2.019E+06
5.68150009E+00  21773.9 1.741E+04 2.883E+15 9.445E+00 9.257E+01 2.000E+05 0.000E+00 0.000E+00 2.146E+06
7.66469213E+00  23374.1 2.350E+04 3.629E+15 9.489E+00 9.277E+01 2.000E+05 0.000E+00 0.000E+00 2.256E+06
1.02720512E+01  25091.6 3.150E+04 4.534E+15 9.696E+00 9.110E+01 2.000E+05 0.000E+00 0.000E+00 2.352E+06
PRADK 6.9958E+00
BEGIN                    ITERATION  15 COMPLETED
