TEFF   4500.  GRAVITY 1.50000 LTE
TITLE  [+0.2] N(He)/Ntot=0.07828 VTURB=2.0  L/H=1.25 NOVER
OPACITY IFOP 1 1 1 1 1 1 1 1 1 1 1 1 1 0 1 0 0 0 0 0
CONVECTION ON   1.25 TURBULENCE OFF  0.00  0.00  0.00  0.00
ABUNDANCE SCALE   1.58489 ABUNDANCE CHANGE 1 0.91970 2 0.07828
ABUNDANCE CHANGE  3 -10.94  4 -10.64  5  -9.49  6  -3.52  7  -4.12  8  -3.21
ABUNDANCE CHANGE  9  -7.48 10  -3.96 11  -5.71 12  -4.46 13  -5.57 14  -4.49
ABUNDANCE CHANGE 15  -6.59 16  -4.71 17  -6.54 18  -5.64 19  -6.92 20  -5.68
ABUNDANCE CHANGE 21  -8.87 22  -7.02 23  -8.04 24  -6.37 25  -6.65 26  -4.54
ABUNDANCE CHANGE 27  -7.12 28  -5.79 29  -7.83 30  -7.44 31  -9.16 32  -8.63
ABUNDANCE CHANGE 33  -9.67 34  -8.63 35  -9.41 36  -8.73 37  -9.44 38  -9.07
ABUNDANCE CHANGE 39  -9.80 40  -9.44 41 -10.62 42 -10.12 43 -20.00 44 -10.20
ABUNDANCE CHANGE 45 -10.92 46 -10.35 47 -11.10 48 -10.27 49 -10.38 50 -10.04
ABUNDANCE CHANGE 51 -11.04 52  -9.80 53 -10.53 54  -9.87 55 -10.91 56  -9.91
ABUNDANCE CHANGE 57 -10.87 58 -10.46 59 -11.33 60 -10.54 61 -20.00 62 -11.03
ABUNDANCE CHANGE 63 -11.53 64 -10.92 65 -11.69 66 -10.90 67 -11.78 68 -11.11
ABUNDANCE CHANGE 69 -12.04 70 -10.96 71 -11.98 72 -11.16 73 -12.17 74 -10.93
ABUNDANCE CHANGE 75 -11.76 76 -10.59 77 -10.69 78 -10.24 79 -11.03 80 -10.91
ABUNDANCE CHANGE 81 -11.14 82 -10.09 83 -11.33 84 -20.00 85 -20.00 86 -20.00
ABUNDANCE CHANGE 87 -20.00 88 -20.00 89 -20.00 90 -11.95 91 -20.00 92 -12.54
ABUNDANCE CHANGE 93 -20.00 94 -20.00 95 -20.00 96 -20.00 97 -20.00 98 -20.00
ABUNDANCE CHANGE 99 -20.00
READ DECK6 72 RHOX,T,P,XNE,ABROSS,ACCRAD,VTURB, FLXCNV,VCONV,VELSND
5.52810410E-03   2423.0 1.748E-01 6.132E+06 2.412E-05 8.095E-03 2.000E+05 0.000E+00 0.000E+00 1.183E+06
7.33540249E-03   2451.8 2.319E-01 8.240E+06 2.510E-05 7.366E-03 2.000E+05 0.000E+00 0.000E+00 1.063E+06
9.67382136E-03   2480.1 3.058E-01 1.101E+07 2.563E-05 6.743E-03 2.000E+05 0.000E+00 0.000E+00 9.637E+05
1.27001636E-02   2509.0 4.015E-01 1.468E+07 2.664E-05 6.159E-03 2.000E+05 0.000E+00 0.000E+00 8.818E+05
1.65249359E-02   2539.3 5.224E-01 1.951E+07 2.851E-05 5.610E-03 2.000E+05 0.000E+00 0.000E+00 8.166E+05
2.13154143E-02   2569.3 6.739E-01 2.575E+07 3.009E-05 5.137E-03 2.000E+05 0.000E+00 0.000E+00 7.640E+05
2.74225783E-02   2599.4 8.670E-01 3.395E+07 3.129E-05 4.726E-03 2.000E+05 0.000E+00 0.000E+00 7.210E+05
3.52432532E-02   2630.1 1.114E+00 4.481E+07 3.267E-05 4.376E-03 2.000E+05 0.000E+00 0.000E+00 6.858E+05
4.49575044E-02   2663.3 1.421E+00 5.927E+07 3.600E-05 4.065E-03 2.000E+05 0.000E+00 0.000E+00 6.590E+05
5.67891959E-02   2695.1 1.796E+00 7.754E+07 3.904E-05 3.798E-03 2.000E+05 0.000E+00 0.000E+00 6.381E+05
7.14382916E-02   2726.5 2.259E+00 1.010E+08 4.184E-05 3.570E-03 2.000E+05 0.000E+00 0.000E+00 6.215E+05
8.97035694E-02   2758.5 2.836E+00 1.317E+08 4.476E-05 3.390E-03 2.000E+05 0.000E+00 0.000E+00 6.086E+05
1.11900345E-01   2793.2 3.538E+00 1.723E+08 5.027E-05 3.254E-03 2.000E+05 0.000E+00 0.000E+00 5.994E+05
1.38239802E-01   2827.1 4.371E+00 2.233E+08 5.644E-05 3.129E-03 2.000E+05 0.000E+00 0.000E+00 5.951E+05
1.69718328E-01   2860.4 5.366E+00 2.873E+08 6.272E-05 3.023E-03 2.000E+05 0.000E+00 0.000E+00 5.880E+05
2.07351587E-01   2894.7 6.556E+00 3.694E+08 7.020E-05 2.949E-03 2.000E+05 0.000E+00 0.000E+00 5.849E+05
2.51560539E-01   2931.0 7.954E+00 4.751E+08 8.068E-05 2.904E-03 2.000E+05 0.000E+00 0.000E+00 5.834E+05
3.03106996E-01   2966.3 9.584E+00 6.056E+08 9.188E-05 2.854E-03 2.000E+05 0.000E+00 0.000E+00 5.827E+05
3.63290495E-01   3002.1 1.149E+01 7.691E+08 1.053E-04 2.822E-03 2.000E+05 0.000E+00 0.000E+00 5.828E+05
4.32813422E-01   3038.9 1.369E+01 9.742E+08 1.225E-04 2.814E-03 2.000E+05 0.000E+00 0.000E+00 5.837E+05
5.12016569E-01   3076.0 1.619E+01 1.226E+09 1.438E-04 2.819E-03 2.000E+05 0.000E+00 0.000E+00 5.851E+05
6.02364456E-01   3111.9 1.905E+01 1.529E+09 1.674E-04 2.819E-03 2.000E+05 0.000E+00 0.000E+00 5.867E+05
7.06314400E-01   3147.4 2.233E+01 1.894E+09 1.935E-04 2.825E-03 2.000E+05 0.000E+00 0.000E+00 5.885E+05
8.25758525E-01   3183.3 2.611E+01 2.340E+09 2.256E-04 2.849E-03 2.000E+05 0.000E+00 0.000E+00 5.906E+05
9.61876700E-01   3219.2 3.041E+01 2.875E+09 2.647E-04 2.890E-03 2.000E+05 0.000E+00 0.000E+00 5.929E+05
1.11658399E+00   3254.5 3.531E+01 3.509E+09 3.103E-04 2.940E-03 2.000E+05 0.000E+00 0.000E+00 5.952E+05
1.29301542E+00   3289.2 4.089E+01 4.257E+09 3.620E-04 2.998E-03 2.000E+05 0.000E+00 0.000E+00 5.976E+05
1.49497882E+00   3323.7 4.727E+01 5.143E+09 4.212E-04 3.065E-03 2.000E+05 0.000E+00 0.000E+00 6.001E+05
1.72608782E+00   3358.4 5.458E+01 6.196E+09 4.916E-04 3.144E-03 2.000E+05 0.000E+00 0.000E+00 6.026E+05
1.99044698E+00   3392.9 6.294E+01 7.435E+09 5.726E-04 3.246E-03 2.000E+05 0.000E+00 0.000E+00 6.052E+05
2.29326587E+00   3427.6 7.251E+01 8.900E+09 6.664E-04 3.385E-03 2.000E+05 0.000E+00 0.000E+00 6.078E+05
2.63984423E+00   3463.8 8.347E+01 1.066E+10 7.775E-04 3.578E-03 2.000E+05 0.000E+00 0.000E+00 6.106E+05
3.05069128E+00   3499.5 9.644E+01 1.275E+10 8.468E-04 2.977E-03 2.000E+05 0.000E+00 0.000E+00 6.133E+05
3.55138180E+00   3532.7 1.123E+02 1.522E+10 9.272E-04 2.578E-03 2.000E+05 0.000E+00 0.000E+00 6.157E+05
4.15899793E+00   3562.2 1.315E+02 1.807E+10 1.025E-03 2.373E-03 2.000E+05 0.000E+00 0.000E+00 6.178E+05
4.88904609E+00   3589.1 1.546E+02 2.138E+10 1.141E-03 2.286E-03 2.000E+05 0.000E+00 0.000E+00 6.197E+05
5.76141058E+00   3613.9 1.822E+02 2.521E+10 1.277E-03 2.276E-03 2.000E+05 0.000E+00 0.000E+00 6.213E+05
6.79337674E+00   3635.5 2.149E+02 2.956E+10 1.446E-03 2.381E-03 2.000E+05 0.000E+00 0.000E+00 6.227E+05
7.98833585E+00   3654.8 2.528E+02 3.441E+10 1.684E-03 2.702E-03 2.000E+05 0.000E+00 0.000E+00 6.239E+05
9.36761593E+00   3673.8 2.962E+02 3.991E+10 1.960E-03 3.073E-03 2.000E+05 0.000E+00 0.000E+00 6.251E+05
1.09383882E+01   3694.4 3.459E+02 4.629E+10 2.292E-03 3.522E-03 2.000E+05 0.000E+00 0.000E+00 6.265E+05
1.27173856E+01   3719.4 4.021E+02 5.395E+10 2.717E-03 4.116E-03 2.000E+05 0.000E+00 0.000E+00 6.283E+05
1.47058308E+01   3749.1 4.650E+02 6.312E+10 3.266E-03 4.917E-03 2.000E+05 0.000E+00 0.000E+00 6.305E+05
1.68764473E+01   3787.2 5.336E+02 7.446E+10 4.026E-03 6.183E-03 2.000E+05 0.000E+00 0.000E+00 6.335E+05
1.92464674E+01   3843.3 6.085E+02 8.981E+10 4.874E-03 7.116E-03 2.000E+05 0.000E+00 0.000E+00 6.380E+05
2.18949064E+01   3902.2 6.923E+02 1.080E+11 5.746E-03 7.722E-03 2.000E+05 0.000E+00 0.000E+00 6.427E+05
2.48917728E+01   3963.6 7.870E+02 1.294E+11 6.770E-03 8.510E-03 2.000E+05 0.000E+00 0.000E+00 6.315E+05
2.83004488E+01   4031.0 8.948E+02 1.553E+11 7.904E-03 9.276E-03 2.000E+05 0.000E+00 0.000E+00 6.525E+05
3.21995482E+01   4104.5 1.018E+03 1.863E+11 9.204E-03 1.014E-02 2.000E+05 0.000E+00 0.000E+00 6.582E+05
3.66757063E+01   4186.1 1.160E+03 2.236E+11 1.066E-02 1.107E-02 2.000E+05 0.000E+00 0.000E+00 6.648E+05
4.18754974E+01   4277.1 1.324E+03 2.684E+11 1.215E-02 1.187E-02 2.000E+05 0.000E+00 0.000E+00 6.726E+05
4.79589364E+01   4379.2 1.516E+03 3.220E+11 1.385E-02 1.287E-02 2.000E+05 0.000E+00 0.000E+00 6.819E+05
5.50645597E+01   4497.9 1.741E+03 3.860E+11 1.583E-02 1.422E-02 2.000E+05 0.000E+00 0.000E+00 6.930E+05
6.34757225E+01   4634.9 2.007E+03 4.625E+11 1.752E-02 1.509E-02 2.000E+05 0.000E+00 0.000E+00 7.055E+05
7.37666946E+01   4786.5 2.332E+03 5.591E+11 1.893E-02 1.548E-02 2.000E+05 0.000E+00 0.000E+00 7.184E+05
8.61795037E+01   4961.7 2.724E+03 6.988E+11 2.157E-02 1.723E-02 2.000E+05 0.000E+00 0.000E+00 7.317E+05
1.00216055E+02   5162.4 3.168E+03 9.421E+11 2.641E-02 2.073E-02 2.000E+05 0.000E+00 0.000E+00 7.451E+05
1.14697079E+02   5395.7 3.625E+03 1.442E+12 3.620E-02 2.789E-02 2.000E+05 4.419E+00 0.000E+00 7.585E+05
1.27887768E+02   5659.2 4.042E+03 2.496E+12 5.645E-02 4.319E-02 2.000E+05 6.037E+02 1.335E+03 7.708E+05
1.38557197E+02   5964.1 4.379E+03 4.783E+12 9.760E-02 7.447E-02 2.000E+05 4.164E+04 6.665E+03 7.807E+05
1.46488158E+02   6308.6 4.629E+03 9.650E+12 1.805E-01 1.382E-01 2.000E+05 1.121E+06 2.639E+04 7.860E+05
1.52010649E+02   6700.8 4.802E+03 2.005E+13 3.557E-01 2.731E-01 2.000E+05 9.685E+06 7.455E+04 7.865E+05
1.55626348E+02   7138.7 4.915E+03 4.154E+13 7.385E-01 5.316E-01 2.000E+05 1.344E+08 1.359E+05 7.861E+05
1.57988181E+02   7557.0 4.989E+03 7.700E+13 1.457E+00 7.975E-01 2.000E+05 5.346E+08 3.184E+05 7.906E+05
1.59735574E+02   7868.0 5.042E+03 1.166E+14 2.391E+00 7.925E-01 2.000E+05 1.046E+09 4.103E+05 7.985E+05
1.61293711E+02   8080.5 5.091E+03 1.519E+14 3.332E+00 6.647E-01 2.000E+05 1.370E+09 4.234E+05 8.067E+05
1.62841628E+02   8253.0 5.139E+03 1.863E+14 4.342E+00 5.863E-01 2.000E+05 1.527E+09 4.296E+05 8.143E+05
1.64456889E+02   8404.9 5.189E+03 2.213E+14 5.459E+00 5.253E-01 2.000E+05 1.620E+09 4.303E+05 8.222E+05
1.66191666E+02   8544.4 5.243E+03 2.577E+14 6.708E+00 4.745E-01 2.000E+05 1.680E+09 4.281E+05 8.305E+05
1.68089927E+02   8676.9 5.302E+03 2.962E+14 8.121E+00 4.396E-01 2.000E+05 1.722E+09 4.298E+05 8.391E+05
1.70184764E+02   8809.7 5.367E+03 3.389E+14 9.786E+00 4.021E-01 2.000E+05 1.750E+09 4.238E+05 8.484E+05
1.72525444E+02   8933.2 5.440E+03 3.826E+14 1.158E+01 4.003E-01 2.000E+05 1.770E+09 4.271E+05 8.578E+05
PRADK 5.4729E-01
BEGIN                    ITERATION  15 COMPLETED
