TEFF   7750.  GRAVITY 1.00000 LTE
TITLE  [+0.2] N(He)/Ntot=0.07828 VTURB=2.0  L/H=1.25 NOVER
OPACITY IFOP 1 1 1 1 1 1 1 1 1 1 1 1 1 0 1 0 0 0 0 0
CONVECTION ON   1.25 TURBULENCE OFF  0.00  0.00  0.00  0.00
ABUNDANCE SCALE   1.58489 ABUNDANCE CHANGE 1 0.91970 2 0.07828
ABUNDANCE CHANGE  3 -10.94  4 -10.64  5  -9.49  6  -3.52  7  -4.12  8  -3.21
ABUNDANCE CHANGE  9  -7.48 10  -3.96 11  -5.71 12  -4.46 13  -5.57 14  -4.49
ABUNDANCE CHANGE 15  -6.59 16  -4.71 17  -6.54 18  -5.64 19  -6.92 20  -5.68
ABUNDANCE CHANGE 21  -8.87 22  -7.02 23  -8.04 24  -6.37 25  -6.65 26  -4.54
ABUNDANCE CHANGE 27  -7.12 28  -5.79 29  -7.83 30  -7.44 31  -9.16 32  -8.63
ABUNDANCE CHANGE 33  -9.67 34  -8.63 35  -9.41 36  -8.73 37  -9.44 38  -9.07
ABUNDANCE CHANGE 39  -9.80 40  -9.44 41 -10.62 42 -10.12 43 -20.00 44 -10.20
ABUNDANCE CHANGE 45 -10.92 46 -10.35 47 -11.10 48 -10.27 49 -10.38 50 -10.04
ABUNDANCE CHANGE 51 -11.04 52  -9.80 53 -10.53 54  -9.87 55 -10.91 56  -9.91
ABUNDANCE CHANGE 57 -10.87 58 -10.46 59 -11.33 60 -10.54 61 -20.00 62 -11.03
ABUNDANCE CHANGE 63 -11.53 64 -10.92 65 -11.69 66 -10.90 67 -11.78 68 -11.11
ABUNDANCE CHANGE 69 -12.04 70 -10.96 71 -11.98 72 -11.16 73 -12.17 74 -10.93
ABUNDANCE CHANGE 75 -11.76 76 -10.59 77 -10.69 78 -10.24 79 -11.03 80 -10.91
ABUNDANCE CHANGE 81 -11.14 82 -10.09 83 -11.33 84 -20.00 85 -20.00 86 -20.00
ABUNDANCE CHANGE 87 -20.00 88 -20.00 89 -20.00 90 -11.95 91 -20.00 92 -12.54
ABUNDANCE CHANGE 93 -20.00 94 -20.00 95 -20.00 96 -20.00 97 -20.00 98 -20.00
ABUNDANCE CHANGE 99 -20.00
READ DECK6 72 RHOX,T,P,XNE,ABROSS,ACCRAD,VTURB, FLXCNV,VCONV,VELSND
1.68046043E-05   4375.5 1.593E-04 6.008E+06 7.935E-03 5.229E-01 2.000E+05 0.000E+00 0.000E+00 5.323E+07
2.25634931E-05   4395.2 2.139E-04 7.576E+06 7.510E-03 5.126E-01 2.000E+05 0.000E+00 0.000E+00 4.727E+07
3.06699659E-05   4417.0 2.908E-04 9.684E+06 7.122E-03 4.974E-01 2.000E+05 0.000E+00 0.000E+00 4.167E+07
4.20123925E-05   4442.4 3.987E-04 1.260E+07 6.824E-03 4.805E-01 2.000E+05 0.000E+00 4.569E+08 3.647E+07
5.77503120E-05   4470.7 5.487E-04 1.658E+07 6.599E-03 4.623E-01 2.000E+05 0.000E+00 3.443E+08 3.176E+07
7.93691636E-05   4501.0 7.551E-04 2.197E+07 6.426E-03 4.426E-01 2.000E+05 0.000E+00 2.557E+08 2.761E+07
1.08913274E-04   4532.4 1.038E-03 2.916E+07 6.279E-03 4.218E-01 2.000E+05 0.000E+00 1.871E+08 2.399E+07
1.49226803E-04   4563.8 1.424E-03 3.862E+07 6.132E-03 4.006E-01 2.000E+05 0.000E+00 1.343E+08 2.085E+07
2.04445392E-04   4594.0 1.955E-03 5.083E+07 5.951E-03 3.763E-01 2.000E+05 0.000E+00 9.453E+07 1.815E+07
2.80617863E-04   4622.7 2.689E-03 6.653E+07 5.733E-03 3.552E-01 2.000E+05 0.000E+00 6.621E+07 1.582E+07
3.86338781E-04   4650.8 3.710E-03 8.690E+07 5.499E-03 3.400E-01 2.000E+05 0.000E+00 4.660E+07 1.379E+07
5.33356125E-04   4679.4 5.131E-03 1.138E+08 5.276E-03 3.288E-01 2.000E+05 0.000E+00 3.292E+07 1.201E+07
7.37181445E-04   4710.0 7.103E-03 1.498E+08 5.089E-03 3.192E-01 2.000E+05 0.000E+00 2.340E+07 1.044E+07
1.01770909E-03   4743.2 9.820E-03 1.986E+08 4.953E-03 3.098E-01 2.000E+05 0.000E+00 1.668E+07 9.057E+06
1.39987421E-03   4779.6 1.353E-02 2.653E+08 4.876E-03 2.992E-01 2.000E+05 0.000E+00 1.251E+07 7.853E+06
1.91388865E-03   4819.4 1.851E-02 3.565E+08 4.865E-03 2.922E-01 2.000E+05 0.000E+00 9.303E+06 6.808E+06
2.59651054E-03   4862.0 2.514E-02 4.805E+08 4.912E-03 2.855E-01 2.000E+05 0.000E+00 6.770E+06 5.910E+06
3.49327139E-03   4907.0 3.386E-02 6.482E+08 5.009E-03 2.785E-01 2.000E+05 0.000E+00 4.740E+06 5.140E+06
4.66137332E-03   4953.7 4.522E-02 8.730E+08 5.146E-03 2.709E-01 2.000E+05 0.000E+00 3.166E+06 4.484E+06
6.17379846E-03   5001.3 5.994E-02 1.172E+09 5.310E-03 2.632E-01 2.000E+05 0.000E+00 2.018E+06 3.924E+06
8.12512752E-03   5049.4 7.895E-02 1.565E+09 5.495E-03 2.556E-01 2.000E+05 0.000E+00 2.405E+05 3.446E+06
1.06377932E-02   5097.7 1.034E-01 2.080E+09 5.694E-03 2.487E-01 2.000E+05 0.000E+00 1.283E+05 3.038E+06
1.38693350E-02   5146.2 1.350E-01 2.753E+09 5.908E-03 2.428E-01 2.000E+05 0.000E+00 6.977E+04 2.688E+06
1.80191148E-02   5195.2 1.755E-01 3.632E+09 6.141E-03 2.380E-01 2.000E+05 0.000E+00 3.811E+04 2.386E+06
2.33342545E-02   5244.9 2.274E-01 4.782E+09 6.404E-03 2.343E-01 2.000E+05 0.000E+00 2.088E+04 2.125E+06
3.01146677E-02   5295.9 2.936E-01 6.290E+09 6.711E-03 2.315E-01 2.000E+05 0.000E+00 1.145E+04 1.901E+06
3.87172332E-02   5348.5 3.776E-01 8.269E+09 7.074E-03 2.298E-01 2.000E+05 0.000E+00 6.251E+03 1.707E+06
4.95611025E-02   5402.7 4.836E-01 1.086E+10 7.509E-03 2.287E-01 2.000E+05 0.000E+00 3.366E+03 1.541E+06
6.31359135E-02   5458.5 6.162E-01 1.425E+10 8.026E-03 2.284E-01 2.000E+05 0.000E+00 1.767E+03 1.400E+06
8.00129122E-02   5515.7 7.811E-01 1.866E+10 8.636E-03 2.288E-01 2.000E+05 0.000E+00 8.880E+02 1.280E+06
1.00855782E-01   5574.1 9.848E-01 2.437E+10 9.355E-03 2.300E-01 2.000E+05 0.000E+00 4.108E+02 1.179E+06
1.26433674E-01   5633.5 1.235E+00 3.170E+10 1.019E-02 2.322E-01 2.000E+05 0.000E+00 1.555E+02 1.095E+06
1.57643615E-01   5693.4 1.539E+00 4.106E+10 1.117E-02 2.351E-01 2.000E+05 0.000E+00 2.305E+01 1.025E+06
1.95534345E-01   5753.6 1.909E+00 5.292E+10 1.230E-02 2.390E-01 2.000E+05 0.000E+00 0.000E+00 9.675E+05
2.41330696E-01   5813.8 2.356E+00 6.780E+10 1.359E-02 2.445E-01 2.000E+05 0.000E+00 0.000E+00 9.203E+05
2.96454751E-01   5873.9 2.894E+00 8.641E+10 1.509E-02 2.514E-01 2.000E+05 0.000E+00 0.000E+00 8.818E+05
3.62552485E-01   5933.9 3.538E+00 1.095E+11 1.681E-02 2.602E-01 2.000E+05 0.000E+00 0.000E+00 8.506E+05
4.41529415E-01   5993.5 4.307E+00 1.380E+11 1.879E-02 2.711E-01 2.000E+05 0.000E+00 0.000E+00 8.255E+05
5.35569006E-01   6053.0 5.221E+00 1.731E+11 2.108E-02 2.845E-01 2.000E+05 0.000E+00 0.000E+00 8.054E+05
6.47145083E-01   6112.4 6.304E+00 2.160E+11 2.374E-02 3.012E-01 2.000E+05 0.000E+00 0.000E+00 7.895E+05
7.78912947E-01   6172.4 7.581E+00 2.687E+11 2.688E-02 3.223E-01 2.000E+05 0.000E+00 0.000E+00 7.770E+05
9.33616164E-01   6233.8 9.076E+00 3.336E+11 3.064E-02 3.493E-01 2.000E+05 0.000E+00 0.000E+00 7.674E+05
1.11371972E+00   6298.0 1.081E+01 4.143E+11 3.527E-02 3.843E-01 2.000E+05 0.000E+00 0.000E+00 7.603E+05
1.32109530E+00   6366.2 1.280E+01 5.156E+11 4.111E-02 4.301E-01 2.000E+05 0.000E+00 0.000E+00 7.607E+05
1.55656550E+00   6440.2 1.505E+01 6.442E+11 4.866E-02 4.910E-01 2.000E+05 6.542E-11 0.000E+00 7.525E+05
1.81932113E+00   6522.1 1.753E+01 8.099E+11 5.873E-02 5.739E-01 2.000E+05 3.645E-08 1.415E+00 7.515E+05
2.10623953E+00   6614.6 2.022E+01 1.027E+12 7.262E-02 6.905E-01 2.000E+05 4.017E-07 1.100E+01 7.526E+05
2.41105166E+00   6721.0 2.304E+01 1.318E+12 9.259E-02 8.601E-01 2.000E+05 2.330E-06 2.177E+01 7.561E+05
2.72442584E+00   6844.6 2.586E+01 1.714E+12 1.222E-01 1.113E+00 2.000E+05 1.120E-05 3.548E+01 7.626E+05
3.03469279E+00   6989.6 2.857E+01 2.260E+12 1.681E-01 1.505E+00 2.000E+05 6.316E-05 5.695E+01 7.729E+05
3.32907289E+00   7160.2 3.098E+01 3.019E+12 2.415E-01 2.129E+00 2.000E+05 5.971E-04 1.011E+02 7.887E+05
3.59623902E+00   7360.6 3.296E+01 4.066E+12 3.626E-01 3.140E+00 2.000E+05 1.054E-02 2.197E+02 8.122E+05
3.82896007E+00   7595.2 3.439E+01 5.473E+12 5.641E-01 4.792E+00 2.000E+05 2.334E-01 5.899E+02 8.470E+05
4.02696132E+00   7865.6 3.519E+01 7.226E+12 8.855E-01 7.313E+00 2.000E+05 3.213E+00 1.714E+03 8.976E+05
4.19660384E+00   8173.5 3.536E+01 9.131E+12 1.346E+00 1.078E+01 2.000E+05 1.432E+01 4.269E+03 9.694E+05
4.35283842E+00   8521.5 3.496E+01 1.075E+13 1.855E+00 1.433E+01 2.000E+05 2.333E+01 6.811E+03 1.066E+06
4.51609481E+00   8912.2 3.406E+01 1.158E+13 2.190E+00 1.634E+01 2.000E+05 1.578E+01 5.736E+03 1.191E+06
4.71723843E+00   9347.3 3.280E+01 1.150E+13 2.194E+00 1.594E+01 2.000E+05 4.142E+00 3.066E+03 1.363E+06
5.00408187E+00   9833.8 3.142E+01 1.084E+13 1.941E+00 1.370E+01 2.000E+05 3.998E-01 1.615E+03 1.598E+06
5.45080081E+00  10365.9 3.038E+01 1.009E+13 1.616E+00 1.113E+01 2.000E+05 4.826E-02 1.043E+03 1.835E+06
6.17334528E+00  10957.9 3.040E+01 9.598E+12 1.332E+00 9.049E+00 2.000E+05 1.223E-02 7.406E+02 2.034E+06
7.32603559E+00  11615.9 3.239E+01 9.676E+12 1.132E+00 7.666E+00 2.000E+05 4.063E-03 5.107E+02 2.192E+06
9.09327081E+00  12349.1 3.738E+01 1.055E+13 1.008E+00 6.817E+00 2.000E+05 1.628E-03 3.594E+02 2.292E+06
1.16535742E+01  13162.3 4.601E+01 1.230E+13 9.540E-01 6.484E+00 2.000E+05 1.121E-03 3.442E+02 2.355E+06
1.52033853E+01  14059.5 5.887E+01 1.492E+13 9.296E-01 6.305E+00 2.000E+05 7.817E-04 2.994E+02 2.471E+06
2.00001013E+01  15037.7 7.662E+01 1.833E+13 9.248E-01 6.293E+00 2.000E+05 2.669E-04 1.194E+02 2.634E+06
2.64429901E+01  16104.4 1.007E+02 2.259E+13 9.163E-01 6.224E+00 2.000E+05 1.725E-05 0.000E+00 2.775E+06
3.50367122E+01  17257.9 1.328E+02 2.784E+13 9.244E-01 6.306E+00 2.000E+05 0.000E+00 0.000E+00 2.892E+06
4.64750438E+01  18511.8 1.755E+02 3.430E+13 9.197E-01 6.241E+00 2.000E+05 0.000E+00 0.000E+00 3.003E+06
6.17617623E+01  19860.5 2.326E+02 4.240E+13 9.204E-01 6.277E+00 2.000E+05 0.000E+00 0.000E+00 3.112E+06
8.23448726E+01  21321.7 3.113E+02 5.287E+13 9.020E-01 6.077E+00 2.000E+05 1.425E+00 0.000E+00 3.217E+06
1.10020180E+02  22889.0 4.230E+02 6.693E+13 9.054E-01 5.849E+00 2.000E+05 2.850E+00 3.428E+03 3.306E+06
PRADK 4.8206E+00
BEGIN                    ITERATION  15 COMPLETED
