TEFF   4750.  GRAVITY 1.50000 LTE
TITLE  [+0.2] N(He)/Ntot=0.07828 VTURB=2.0  L/H=1.25 NOVER
OPACITY IFOP 1 1 1 1 1 1 1 1 1 1 1 1 1 0 1 0 0 0 0 0
CONVECTION ON   1.25 TURBULENCE OFF  0.00  0.00  0.00  0.00
ABUNDANCE SCALE   1.58489 ABUNDANCE CHANGE 1 0.91970 2 0.07828
ABUNDANCE CHANGE  3 -10.94  4 -10.64  5  -9.49  6  -3.52  7  -4.12  8  -3.21
ABUNDANCE CHANGE  9  -7.48 10  -3.96 11  -5.71 12  -4.46 13  -5.57 14  -4.49
ABUNDANCE CHANGE 15  -6.59 16  -4.71 17  -6.54 18  -5.64 19  -6.92 20  -5.68
ABUNDANCE CHANGE 21  -8.87 22  -7.02 23  -8.04 24  -6.37 25  -6.65 26  -4.54
ABUNDANCE CHANGE 27  -7.12 28  -5.79 29  -7.83 30  -7.44 31  -9.16 32  -8.63
ABUNDANCE CHANGE 33  -9.67 34  -8.63 35  -9.41 36  -8.73 37  -9.44 38  -9.07
ABUNDANCE CHANGE 39  -9.80 40  -9.44 41 -10.62 42 -10.12 43 -20.00 44 -10.20
ABUNDANCE CHANGE 45 -10.92 46 -10.35 47 -11.10 48 -10.27 49 -10.38 50 -10.04
ABUNDANCE CHANGE 51 -11.04 52  -9.80 53 -10.53 54  -9.87 55 -10.91 56  -9.91
ABUNDANCE CHANGE 57 -10.87 58 -10.46 59 -11.33 60 -10.54 61 -20.00 62 -11.03
ABUNDANCE CHANGE 63 -11.53 64 -10.92 65 -11.69 66 -10.90 67 -11.78 68 -11.11
ABUNDANCE CHANGE 69 -12.04 70 -10.96 71 -11.98 72 -11.16 73 -12.17 74 -10.93
ABUNDANCE CHANGE 75 -11.76 76 -10.59 77 -10.69 78 -10.24 79 -11.03 80 -10.91
ABUNDANCE CHANGE 81 -11.14 82 -10.09 83 -11.33 84 -20.00 85 -20.00 86 -20.00
ABUNDANCE CHANGE 87 -20.00 88 -20.00 89 -20.00 90 -11.95 91 -20.00 92 -12.54
ABUNDANCE CHANGE 93 -20.00 94 -20.00 95 -20.00 96 -20.00 97 -20.00 98 -20.00
ABUNDANCE CHANGE 99 -20.00
READ DECK6 72 RHOX,T,P,XNE,ABROSS,ACCRAD,VTURB, FLXCNV,VCONV,VELSND
5.84158000E-03   2486.2 1.847E-01 7.417E+06 2.283E-05 8.449E-03 2.000E+05 0.000E+00 0.000E+00 1.310E+06
7.75203429E-03   2524.1 2.451E-01 1.030E+07 2.373E-05 7.849E-03 2.000E+05 0.000E+00 0.000E+00 1.177E+06
1.01767599E-02   2561.7 3.217E-01 1.422E+07 2.519E-05 7.296E-03 2.000E+05 0.000E+00 0.000E+00 1.068E+06
1.32068585E-02   2600.3 4.175E-01 1.957E+07 2.701E-05 6.801E-03 2.000E+05 0.000E+00 0.000E+00 9.792E+05
1.69691160E-02   2640.9 5.365E-01 2.696E+07 2.905E-05 6.393E-03 2.000E+05 0.000E+00 0.000E+00 9.076E+05
2.15687968E-02   2683.1 6.819E-01 3.714E+07 3.210E-05 6.047E-03 2.000E+05 0.000E+00 0.000E+00 8.500E+05
2.71461206E-02   2724.5 8.583E-01 5.068E+07 3.515E-05 5.742E-03 2.000E+05 0.000E+00 0.000E+00 8.030E+05
3.38997376E-02   2766.3 1.072E+00 6.886E+07 3.894E-05 5.496E-03 2.000E+05 0.000E+00 0.000E+00 7.646E+05
4.18903000E-02   2808.6 1.324E+00 9.292E+07 4.453E-05 5.316E-03 2.000E+05 0.000E+00 0.000E+00 7.341E+05
5.12605811E-02   2849.0 1.621E+00 1.234E+08 5.029E-05 5.149E-03 2.000E+05 0.000E+00 0.000E+00 7.094E+05
6.23688116E-02   2888.5 1.972E+00 1.621E+08 5.649E-05 5.010E-03 2.000E+05 0.000E+00 0.000E+00 6.891E+05
7.54001522E-02   2928.2 2.384E+00 2.116E+08 6.489E-05 4.911E-03 2.000E+05 0.000E+00 0.000E+00 6.729E+05
9.05735828E-02   2966.4 2.864E+00 2.725E+08 7.405E-05 4.828E-03 2.000E+05 0.000E+00 0.000E+00 6.598E+05
1.08331463E-01   3003.9 3.425E+00 3.478E+08 8.435E-05 4.767E-03 2.000E+05 0.000E+00 0.000E+00 6.493E+05
1.29070894E-01   3041.0 4.081E+00 4.405E+08 9.652E-05 4.710E-03 2.000E+05 0.000E+00 0.000E+00 6.408E+05
1.53204271E-01   3077.5 4.844E+00 5.536E+08 1.107E-04 4.669E-03 2.000E+05 0.000E+00 0.000E+00 6.342E+05
1.81293245E-01   3113.5 5.732E+00 6.906E+08 1.266E-04 4.648E-03 2.000E+05 0.000E+00 0.000E+00 6.290E+05
2.14095112E-01   3149.3 6.769E+00 8.570E+08 1.445E-04 4.650E-03 2.000E+05 0.000E+00 0.000E+00 6.250E+05
2.52383994E-01   3185.2 7.980E+00 1.059E+09 1.653E-04 4.638E-03 2.000E+05 0.000E+00 0.000E+00 6.221E+05
2.96974054E-01   3221.0 9.390E+00 1.302E+09 1.895E-04 4.640E-03 2.000E+05 0.000E+00 0.000E+00 6.200E+05
3.48806632E-01   3256.7 1.103E+01 1.593E+09 2.175E-04 4.662E-03 2.000E+05 0.000E+00 0.000E+00 6.187E+05
4.09036233E-01   3292.2 1.293E+01 1.941E+09 2.494E-04 4.697E-03 2.000E+05 0.000E+00 0.000E+00 6.180E+05
4.79141813E-01   3327.8 1.515E+01 2.356E+09 2.855E-04 4.714E-03 2.000E+05 0.000E+00 0.000E+00 6.177E+05
5.60887847E-01   3363.4 1.773E+01 2.851E+09 3.265E-04 4.718E-03 2.000E+05 0.000E+00 0.000E+00 6.179E+05
6.56102462E-01   3399.1 2.074E+01 3.440E+09 3.742E-04 4.774E-03 2.000E+05 0.000E+00 0.000E+00 6.184E+05
7.66763867E-01   3435.2 2.424E+01 4.140E+09 4.298E-04 4.885E-03 2.000E+05 0.000E+00 0.000E+00 6.193E+05
8.95618881E-01   3471.7 2.832E+01 4.971E+09 4.892E-04 4.876E-03 2.000E+05 0.000E+00 0.000E+00 6.204E+05
1.05289147E+00   3507.2 3.329E+01 5.975E+09 5.165E-04 3.754E-03 2.000E+05 0.000E+00 0.000E+00 6.215E+05
1.24981847E+00   3540.5 3.951E+01 7.193E+09 5.552E-04 3.070E-03 2.000E+05 0.000E+00 0.000E+00 6.226E+05
1.49214379E+00   3571.0 4.718E+01 8.649E+09 6.057E-04 2.660E-03 2.000E+05 0.000E+00 0.000E+00 6.237E+05
1.78664238E+00   3599.8 5.649E+01 1.038E+10 6.680E-04 2.405E-03 2.000E+05 0.000E+00 0.000E+00 6.249E+05
2.14116788E+00   3625.5 6.770E+01 1.240E+10 7.426E-04 2.264E-03 2.000E+05 0.000E+00 0.000E+00 6.260E+05
2.55742037E+00   3648.0 8.087E+01 1.470E+10 8.593E-04 2.473E-03 2.000E+05 0.000E+00 0.000E+00 6.270E+05
3.03861166E+00   3664.0 9.608E+01 1.718E+10 9.898E-04 2.760E-03 2.000E+05 0.000E+00 0.000E+00 6.277E+05
3.59248813E+00   3684.0 1.136E+02 2.011E+10 1.153E-03 3.142E-03 2.000E+05 0.000E+00 0.000E+00 6.287E+05
4.22528486E+00   3705.1 1.336E+02 2.348E+10 1.349E-03 3.602E-03 2.000E+05 0.000E+00 0.000E+00 6.300E+05
4.94399670E+00   3728.6 1.563E+02 2.740E+10 1.590E-03 4.201E-03 2.000E+05 0.000E+00 0.000E+00 6.314E+05
5.75308541E+00   3755.4 1.819E+02 3.197E+10 1.894E-03 5.021E-03 2.000E+05 0.000E+00 0.000E+00 6.332E+05
6.64811494E+00   3787.9 2.102E+02 3.737E+10 2.297E-03 6.316E-03 2.000E+05 0.000E+00 0.000E+00 6.354E+05
7.64381004E+00   3835.5 2.417E+02 4.434E+10 2.721E-03 7.081E-03 2.000E+05 0.000E+00 0.000E+00 6.388E+05
8.78282633E+00   3885.5 2.777E+02 5.256E+10 3.134E-03 7.282E-03 2.000E+05 0.000E+00 0.000E+00 6.423E+05
1.01025585E+01   3932.8 3.194E+02 6.196E+10 3.605E-03 7.615E-03 2.000E+05 0.000E+00 0.000E+00 6.458E+05
1.16334913E+01   3980.6 3.678E+02 7.295E+10 4.140E-03 8.030E-03 2.000E+05 0.000E+00 0.000E+00 6.493E+05
1.34237870E+01   4030.1 4.244E+02 8.594E+10 4.695E-03 8.309E-03 2.000E+05 0.000E+00 0.000E+00 6.531E+05
1.55252737E+01   4080.5 4.909E+02 1.013E+11 5.343E-03 8.742E-03 2.000E+05 0.000E+00 0.000E+00 6.571E+05
1.79825877E+01   4133.8 5.685E+02 1.194E+11 6.104E-03 9.338E-03 2.000E+05 0.000E+00 0.000E+00 6.615E+05
2.08521998E+01   4191.7 6.593E+02 1.411E+11 6.960E-03 1.000E-02 2.000E+05 0.000E+00 0.000E+00 6.665E+05
2.42197130E+01   4255.3 7.657E+02 1.671E+11 7.891E-03 1.066E-02 2.000E+05 0.000E+00 0.000E+00 6.721E+05
2.81754558E+01   4326.0 8.908E+02 1.982E+11 8.970E-03 1.147E-02 2.000E+05 0.000E+00 0.000E+00 6.785E+05
3.28088217E+01   4406.0 1.037E+03 2.354E+11 1.023E-02 1.250E-02 2.000E+05 0.000E+00 0.000E+00 6.859E+05
3.82286260E+01   4499.0 1.209E+03 2.800E+11 1.165E-02 1.374E-02 2.000E+05 0.000E+00 0.000E+00 6.944E+05
4.46162196E+01   4607.8 1.410E+03 3.341E+11 1.306E-02 1.479E-02 2.000E+05 0.000E+00 0.000E+00 7.042E+05
5.23244499E+01   4727.9 1.654E+03 4.018E+11 1.430E-02 1.530E-02 2.000E+05 0.000E+00 0.000E+00 7.142E+05
6.15880416E+01   4865.3 1.947E+03 4.932E+11 1.614E-02 1.668E-02 2.000E+05 0.000E+00 0.000E+00 7.249E+05
7.23154201E+01   5025.0 2.286E+03 6.315E+11 1.901E-02 1.911E-02 2.000E+05 0.000E+00 0.000E+00 7.360E+05
8.40367834E+01   5210.6 2.656E+03 8.741E+11 2.413E-02 2.380E-02 2.000E+05 0.000E+00 0.000E+00 7.476E+05
9.58048526E+01   5424.7 3.028E+03 1.344E+12 3.358E-02 3.238E-02 2.000E+05 5.953E-01 0.000E+00 7.592E+05
1.06506859E+02   5669.5 3.366E+03 2.285E+12 5.183E-02 4.945E-02 2.000E+05 9.063E+01 7.262E+02 7.700E+05
1.15327237E+02   5953.5 3.645E+03 4.233E+12 8.745E-02 8.303E-02 2.000E+05 6.259E+03 3.756E+03 7.785E+05
1.22056643E+02   6277.8 3.857E+03 8.267E+12 1.576E-01 1.498E-01 2.000E+05 3.235E+05 1.486E+04 7.830E+05
1.26873603E+02   6648.3 4.008E+03 1.667E+13 3.022E-01 2.890E-01 2.000E+05 4.787E+06 5.282E+04 7.833E+05
1.30102449E+02   7070.6 4.109E+03 3.409E+13 6.183E-01 5.821E-01 2.000E+05 6.508E+07 1.179E+05 7.827E+05
1.32154485E+02   7521.0 4.172E+03 6.684E+13 1.299E+00 1.037E+00 2.000E+05 4.040E+08 2.620E+05 7.874E+05
1.33559180E+02   7882.1 4.215E+03 1.082E+14 2.325E+00 1.203E+00 2.000E+05 1.039E+09 4.272E+05 7.975E+05
1.34722723E+02   8127.9 4.250E+03 1.462E+14 3.420E+00 1.029E+00 2.000E+05 1.566E+09 4.660E+05 8.076E+05
1.35844443E+02   8308.9 4.285E+03 1.801E+14 4.519E+00 8.762E-01 2.000E+05 1.829E+09 4.758E+05 8.169E+05
1.36999452E+02   8469.4 4.320E+03 2.150E+14 5.753E+00 7.819E-01 2.000E+05 1.973E+09 4.810E+05 8.264E+05
1.38232469E+02   8610.8 4.358E+03 2.495E+14 7.078E+00 7.009E-01 2.000E+05 2.059E+09 4.816E+05 8.357E+05
1.39576690E+02   8748.4 4.400E+03 2.868E+14 8.614E+00 6.427E-01 2.000E+05 2.119E+09 4.814E+05 8.456E+05
1.41063717E+02   8877.8 4.446E+03 3.254E+14 1.030E+01 5.923E-01 2.000E+05 2.160E+09 4.827E+05 8.558E+05
1.42721389E+02   9011.8 4.497E+03 3.689E+14 1.233E+01 5.486E-01 2.000E+05 2.189E+09 4.795E+05 8.671E+05
1.44585998E+02   9137.0 4.555E+03 4.130E+14 1.450E+01 5.444E-01 2.000E+05 2.208E+09 4.832E+05 8.784E+05
PRADK 6.7941E-01
BEGIN                    ITERATION  15 COMPLETED
