TEFF   5500.  GRAVITY 3.00000 LTE
TITLE  [+0.2] N(He)/Ntot=0.07828 VTURB=2.0  L/H=1.25 NOVER
OPACITY IFOP 1 1 1 1 1 1 1 1 1 1 1 1 1 0 1 0 0 0 0 0
CONVECTION ON   1.25 TURBULENCE OFF  0.00  0.00  0.00  0.00
ABUNDANCE SCALE   1.58489 ABUNDANCE CHANGE 1 0.91970 2 0.07828
ABUNDANCE CHANGE  3 -10.94  4 -10.64  5  -9.49  6  -3.52  7  -4.12  8  -3.21
ABUNDANCE CHANGE  9  -7.48 10  -3.96 11  -5.71 12  -4.46 13  -5.57 14  -4.49
ABUNDANCE CHANGE 15  -6.59 16  -4.71 17  -6.54 18  -5.64 19  -6.92 20  -5.68
ABUNDANCE CHANGE 21  -8.87 22  -7.02 23  -8.04 24  -6.37 25  -6.65 26  -4.54
ABUNDANCE CHANGE 27  -7.12 28  -5.79 29  -7.83 30  -7.44 31  -9.16 32  -8.63
ABUNDANCE CHANGE 33  -9.67 34  -8.63 35  -9.41 36  -8.73 37  -9.44 38  -9.07
ABUNDANCE CHANGE 39  -9.80 40  -9.44 41 -10.62 42 -10.12 43 -20.00 44 -10.20
ABUNDANCE CHANGE 45 -10.92 46 -10.35 47 -11.10 48 -10.27 49 -10.38 50 -10.04
ABUNDANCE CHANGE 51 -11.04 52  -9.80 53 -10.53 54  -9.87 55 -10.91 56  -9.91
ABUNDANCE CHANGE 57 -10.87 58 -10.46 59 -11.33 60 -10.54 61 -20.00 62 -11.03
ABUNDANCE CHANGE 63 -11.53 64 -10.92 65 -11.69 66 -10.90 67 -11.78 68 -11.11
ABUNDANCE CHANGE 69 -12.04 70 -10.96 71 -11.98 72 -11.16 73 -12.17 74 -10.93
ABUNDANCE CHANGE 75 -11.76 76 -10.59 77 -10.69 78 -10.24 79 -11.03 80 -10.91
ABUNDANCE CHANGE 81 -11.14 82 -10.09 83 -11.33 84 -20.00 85 -20.00 86 -20.00
ABUNDANCE CHANGE 87 -20.00 88 -20.00 89 -20.00 90 -11.95 91 -20.00 92 -12.54
ABUNDANCE CHANGE 93 -20.00 94 -20.00 95 -20.00 96 -20.00 97 -20.00 98 -20.00
ABUNDANCE CHANGE 99 -20.00
READ DECK6 72 RHOX,T,P,XNE,ABROSS,ACCRAD,VTURB, FLXCNV,VCONV,VELSND
8.91043295E-04   3290.4 8.910E-01 2.406E+08 1.497E-04 3.821E-02 2.000E+05 0.000E+00 0.000E+00 1.039E+06
1.17831591E-03   3312.1 1.178E+00 3.123E+08 1.600E-04 4.111E-02 2.000E+05 0.000E+00 0.000E+00 9.525E+05
1.53653650E-03   3339.8 1.536E+00 4.030E+08 1.712E-04 4.095E-02 2.000E+05 0.000E+00 0.000E+00 8.852E+05
1.98067495E-03   3368.7 1.981E+00 5.156E+08 1.850E-04 4.049E-02 2.000E+05 0.000E+00 0.000E+00 8.322E+05
2.52601481E-03   3398.1 2.526E+00 6.535E+08 2.017E-04 4.022E-02 2.000E+05 0.000E+00 0.000E+00 7.904E+05
3.19013845E-03   3427.4 3.190E+00 8.211E+08 2.217E-04 4.027E-02 2.000E+05 0.000E+00 0.000E+00 7.576E+05
3.99487571E-03   3457.3 3.995E+00 1.024E+09 2.438E-04 3.961E-02 2.000E+05 0.000E+00 0.000E+00 7.318E+05
4.99283381E-03   3484.9 4.993E+00 1.272E+09 2.564E-04 3.471E-02 2.000E+05 0.000E+00 0.000E+00 7.108E+05
6.26803973E-03   3511.1 6.268E+00 1.582E+09 2.667E-04 2.912E-02 2.000E+05 0.000E+00 0.000E+00 6.934E+05
7.88928928E-03   3536.8 7.889E+00 1.971E+09 2.821E-04 2.494E-02 2.000E+05 0.000E+00 0.000E+00 6.793E+05
9.91872168E-03   3562.4 9.918E+00 2.451E+09 3.024E-04 2.176E-02 2.000E+05 0.000E+00 0.000E+00 6.683E+05
1.24350715E-02   3589.3 1.243E+01 3.044E+09 3.262E-04 1.864E-02 2.000E+05 0.000E+00 0.000E+00 6.600E+05
1.55286733E-02   3616.2 1.553E+01 3.766E+09 3.557E-04 1.621E-02 2.000E+05 0.000E+00 0.000E+00 6.538E+05
1.92502026E-02   3644.8 1.925E+01 4.636E+09 4.022E-04 1.599E-02 2.000E+05 0.000E+00 0.000E+00 6.495E+05
2.35500015E-02   3673.8 2.355E+01 5.644E+09 4.715E-04 1.824E-02 2.000E+05 0.000E+00 0.000E+00 6.468E+05
2.84209847E-02   3704.1 2.842E+01 6.798E+09 5.567E-04 2.129E-02 2.000E+05 0.000E+00 0.000E+00 6.453E+05
3.38961008E-02   3736.8 3.390E+01 8.120E+09 6.637E-04 2.539E-02 2.000E+05 0.000E+00 0.000E+00 6.449E+05
3.99837569E-02   3772.1 3.998E+01 9.622E+09 7.985E-04 3.089E-02 2.000E+05 0.000E+00 0.000E+00 6.453E+05
4.67576008E-02   3809.3 4.676E+01 1.133E+10 9.526E-04 3.660E-02 2.000E+05 0.000E+00 0.000E+00 6.464E+05
5.46249812E-02   3848.6 5.462E+01 1.332E+10 1.058E-03 3.440E-02 2.000E+05 0.000E+00 0.000E+00 6.481E+05
6.40443968E-02   3885.0 6.404E+01 1.567E+10 1.182E-03 3.282E-02 2.000E+05 0.000E+00 0.000E+00 6.498E+05
7.52529789E-02   3919.9 7.525E+01 1.843E+10 1.328E-03 3.179E-02 2.000E+05 0.000E+00 0.000E+00 6.515E+05
8.85197031E-02   3953.6 8.852E+01 2.168E+10 1.499E-03 3.118E-02 2.000E+05 0.000E+00 0.000E+00 6.534E+05
1.04171898E-01   3986.6 1.042E+02 2.547E+10 1.695E-03 3.078E-02 2.000E+05 0.000E+00 0.000E+00 6.554E+05
1.22726453E-01   4019.4 1.227E+02 2.994E+10 1.900E-03 2.993E-02 2.000E+05 0.000E+00 0.000E+00 6.574E+05
1.44743955E-01   4051.3 1.447E+02 3.521E+10 2.140E-03 2.942E-02 2.000E+05 0.000E+00 0.000E+00 6.595E+05
1.70752645E-01   4082.5 1.707E+02 4.137E+10 2.420E-03 2.925E-02 2.000E+05 0.000E+00 0.000E+00 6.617E+05
2.01366719E-01   4113.3 2.014E+02 4.858E+10 2.746E-03 2.935E-02 2.000E+05 0.000E+00 0.000E+00 6.639E+05
2.37296267E-01   4143.7 2.373E+02 5.698E+10 3.124E-03 2.972E-02 2.000E+05 0.000E+00 0.000E+00 6.661E+05
2.79385083E-01   4174.2 2.794E+02 6.676E+10 3.557E-03 3.029E-02 2.000E+05 0.000E+00 0.000E+00 6.683E+05
3.28794630E-01   4204.8 3.288E+02 7.819E+10 4.031E-03 3.070E-02 2.000E+05 0.000E+00 0.000E+00 6.707E+05
3.86960395E-01   4235.9 3.869E+02 9.157E+10 4.567E-03 3.113E-02 2.000E+05 0.000E+00 0.000E+00 6.731E+05
4.55336897E-01   4266.9 4.553E+02 1.072E+11 5.187E-03 3.180E-02 2.000E+05 0.000E+00 0.000E+00 6.755E+05
5.35534741E-01   4298.1 5.355E+02 1.254E+11 5.903E-03 3.272E-02 2.000E+05 0.000E+00 0.000E+00 6.779E+05
6.29430603E-01   4329.4 6.294E+02 1.467E+11 6.728E-03 3.390E-02 2.000E+05 0.000E+00 0.000E+00 6.804E+05
7.39219860E-01   4361.2 7.392E+02 1.714E+11 7.679E-03 3.531E-02 2.000E+05 0.000E+00 0.000E+00 6.829E+05
8.67278586E-01   4392.7 8.673E+02 2.000E+11 8.792E-03 3.750E-02 2.000E+05 0.000E+00 0.000E+00 6.855E+05
1.01640596E+00   4425.5 1.016E+03 2.332E+11 1.006E-02 4.002E-02 2.000E+05 0.000E+00 0.000E+00 6.881E+05
1.19039191E+00   4459.8 1.190E+03 2.720E+11 1.149E-02 4.265E-02 2.000E+05 0.000E+00 0.000E+00 6.909E+05
1.39350853E+00   4495.8 1.393E+03 3.173E+11 1.313E-02 4.570E-02 2.000E+05 0.000E+00 0.000E+00 6.938E+05
1.63036508E+00   4534.0 1.630E+03 3.701E+11 1.502E-02 4.923E-02 2.000E+05 0.000E+00 0.000E+00 6.969E+05
1.90649171E+00   4574.9 1.906E+03 4.320E+11 1.717E-02 5.310E-02 2.000E+05 0.000E+00 0.000E+00 7.003E+05
2.23148615E+00   4619.1 2.231E+03 5.053E+11 1.931E-02 5.479E-02 2.000E+05 0.000E+00 0.000E+00 7.039E+05
2.61629009E+00   4663.6 2.616E+03 5.918E+11 2.178E-02 5.721E-02 2.000E+05 0.000E+00 0.000E+00 7.075E+05
3.07068647E+00   4709.9 3.071E+03 6.942E+11 2.462E-02 6.041E-02 2.000E+05 0.000E+00 0.000E+00 7.112E+05
3.60708783E+00   4759.4 3.607E+03 8.161E+11 2.782E-02 6.431E-02 2.000E+05 0.000E+00 0.000E+00 7.152E+05
4.23858527E+00   4814.2 4.238E+03 9.618E+11 3.158E-02 6.972E-02 2.000E+05 0.000E+00 0.000E+00 7.195E+05
4.97896748E+00   4877.1 4.979E+03 1.138E+12 3.598E-02 7.660E-02 2.000E+05 0.000E+00 0.000E+00 7.245E+05
5.84532568E+00   4950.1 5.845E+03 1.353E+12 4.102E-02 8.434E-02 2.000E+05 0.000E+00 0.000E+00 7.302E+05
6.85669992E+00   5035.3 6.856E+03 1.621E+12 4.695E-02 9.356E-02 2.000E+05 0.000E+00 0.000E+00 7.366E+05
8.02906763E+00   5135.7 8.029E+03 1.971E+12 5.433E-02 1.054E-01 2.000E+05 0.000E+00 0.000E+00 7.439E+05
9.37157241E+00   5253.1 9.371E+03 2.451E+12 6.373E-02 1.201E-01 2.000E+05 0.000E+00 0.000E+00 7.520E+05
1.08783088E+01   5389.5 1.088E+04 3.160E+12 7.692E-02 1.411E-01 2.000E+05 0.000E+00 0.000E+00 7.609E+05
1.24991703E+01   5551.1 1.250E+04 4.305E+12 9.811E-02 1.770E-01 2.000E+05 0.000E+00 0.000E+00 7.705E+05
1.41520761E+01   5738.9 1.415E+04 6.263E+12 1.316E-01 2.324E-01 2.000E+05 9.641E-01 0.000E+00 7.807E+05
1.57377611E+01   5957.6 1.574E+04 9.780E+12 1.897E-01 3.318E-01 2.000E+05 5.313E+02 5.201E+02 7.909E+05
1.71598827E+01   6213.5 1.716E+04 1.636E+13 2.906E-01 5.037E-01 2.000E+05 3.214E+04 4.148E+03 8.003E+05
1.83591093E+01   6509.8 1.836E+04 2.889E+13 4.739E-01 8.195E-01 2.000E+05 1.190E+06 1.570E+04 8.077E+05
1.93110510E+01   6853.1 1.931E+04 5.320E+13 8.188E-01 1.418E+00 2.000E+05 1.560E+07 5.037E+04 8.119E+05
2.00193004E+01   7255.9 2.001E+04 1.018E+14 1.515E+00 2.591E+00 2.000E+05 1.108E+08 1.099E+05 8.135E+05
2.05165844E+01   7697.2 2.051E+04 1.920E+14 2.899E+00 4.407E+00 2.000E+05 5.680E+08 1.916E+05 8.159E+05
2.08795277E+01   8077.5 2.087E+04 3.138E+14 4.993E+00 5.475E+00 2.000E+05 1.497E+09 3.050E+05 8.218E+05
2.11846159E+01   8356.0 2.117E+04 4.371E+14 7.367E+00 5.125E+00 2.000E+05 2.428E+09 3.467E+05 8.286E+05
2.14748159E+01   8572.8 2.146E+04 5.574E+14 9.907E+00 4.496E+00 2.000E+05 3.020E+09 3.590E+05 8.360E+05
2.17703927E+01   8758.4 2.176E+04 6.799E+14 1.269E+01 4.019E+00 2.000E+05 3.367E+09 3.647E+05 8.436E+05
2.20825496E+01   8927.5 2.207E+04 8.087E+14 1.582E+01 3.619E+00 2.000E+05 3.578E+09 3.645E+05 8.516E+05
2.24205998E+01   9083.2 2.240E+04 9.435E+14 1.929E+01 3.313E+00 2.000E+05 3.720E+09 3.639E+05 8.598E+05
2.27919035E+01   9236.5 2.277E+04 1.092E+15 2.332E+01 3.074E+00 2.000E+05 3.813E+09 3.627E+05 8.686E+05
2.32043107E+01   9383.9 2.319E+04 1.252E+15 2.784E+01 2.832E+00 2.000E+05 3.884E+09 3.589E+05 8.778E+05
2.36666112E+01   9531.9 2.365E+04 1.429E+15 3.304E+01 2.677E+00 2.000E+05 3.940E+09 3.599E+05 8.878E+05
2.41863420E+01   9683.8 2.417E+04 1.629E+15 3.914E+01 2.473E+00 2.000E+05 3.970E+09 3.537E+05 8.988E+05
2.47755063E+01   9828.6 2.475E+04 1.840E+15 4.576E+01 2.477E+00 2.000E+05 4.009E+09 3.554E+05 9.099E+05
PRADK 1.2223E+00
BEGIN                    ITERATION  15 COMPLETED
