TEFF   7250.  GRAVITY 1.00000 LTE
TITLE  [+0.2] N(He)/Ntot=0.07828 VTURB=2.0  L/H=1.25 NOVER
OPACITY IFOP 1 1 1 1 1 1 1 1 1 1 1 1 1 0 1 0 0 0 0 0
CONVECTION ON   1.25 TURBULENCE OFF  0.00  0.00  0.00  0.00
ABUNDANCE SCALE   1.58489 ABUNDANCE CHANGE 1 0.91970 2 0.07828
ABUNDANCE CHANGE  3 -10.94  4 -10.64  5  -9.49  6  -3.52  7  -4.12  8  -3.21
ABUNDANCE CHANGE  9  -7.48 10  -3.96 11  -5.71 12  -4.46 13  -5.57 14  -4.49
ABUNDANCE CHANGE 15  -6.59 16  -4.71 17  -6.54 18  -5.64 19  -6.92 20  -5.68
ABUNDANCE CHANGE 21  -8.87 22  -7.02 23  -8.04 24  -6.37 25  -6.65 26  -4.54
ABUNDANCE CHANGE 27  -7.12 28  -5.79 29  -7.83 30  -7.44 31  -9.16 32  -8.63
ABUNDANCE CHANGE 33  -9.67 34  -8.63 35  -9.41 36  -8.73 37  -9.44 38  -9.07
ABUNDANCE CHANGE 39  -9.80 40  -9.44 41 -10.62 42 -10.12 43 -20.00 44 -10.20
ABUNDANCE CHANGE 45 -10.92 46 -10.35 47 -11.10 48 -10.27 49 -10.38 50 -10.04
ABUNDANCE CHANGE 51 -11.04 52  -9.80 53 -10.53 54  -9.87 55 -10.91 56  -9.91
ABUNDANCE CHANGE 57 -10.87 58 -10.46 59 -11.33 60 -10.54 61 -20.00 62 -11.03
ABUNDANCE CHANGE 63 -11.53 64 -10.92 65 -11.69 66 -10.90 67 -11.78 68 -11.11
ABUNDANCE CHANGE 69 -12.04 70 -10.96 71 -11.98 72 -11.16 73 -12.17 74 -10.93
ABUNDANCE CHANGE 75 -11.76 76 -10.59 77 -10.69 78 -10.24 79 -11.03 80 -10.91
ABUNDANCE CHANGE 81 -11.14 82 -10.09 83 -11.33 84 -20.00 85 -20.00 86 -20.00
ABUNDANCE CHANGE 87 -20.00 88 -20.00 89 -20.00 90 -11.95 91 -20.00 92 -12.54
ABUNDANCE CHANGE 93 -20.00 94 -20.00 95 -20.00 96 -20.00 97 -20.00 98 -20.00
ABUNDANCE CHANGE 99 -20.00
READ DECK6 72 RHOX,T,P,XNE,ABROSS,ACCRAD,VTURB, FLXCNV,VCONV,VELSND
8.02976677E-05   4177.4 7.921E-04 6.066E+06 1.661E-03 1.360E-01 2.000E+05 0.000E+00 0.000E+00 3.440E+07
1.07903412E-04   4192.4 1.064E-03 7.565E+06 1.561E-03 1.350E-01 2.000E+05 0.000E+00 0.000E+00 3.046E+07
1.46890544E-04   4210.8 1.449E-03 9.633E+06 1.481E-03 1.304E-01 2.000E+05 0.000E+00 0.000E+00 2.674E+07
2.01623222E-04   4230.8 1.989E-03 1.240E+07 1.409E-03 1.251E-01 2.000E+05 0.000E+00 5.405E+07 2.335E+07
2.78392400E-04   4252.0 2.748E-03 1.607E+07 1.343E-03 1.206E-01 2.000E+05 0.000E+00 3.946E+07 2.032E+07
3.85729145E-04   4274.0 3.808E-03 2.092E+07 1.282E-03 1.169E-01 2.000E+05 0.000E+00 2.873E+07 1.764E+07
5.35419865E-04   4297.2 5.288E-03 2.737E+07 1.228E-03 1.141E-01 2.000E+05 0.000E+00 2.112E+07 1.528E+07
7.43035316E-04   4322.3 7.341E-03 3.603E+07 1.185E-03 1.119E-01 2.000E+05 0.000E+00 1.574E+07 1.322E+07
1.02846713E-03   4350.1 1.016E-02 4.781E+07 1.156E-03 1.101E-01 2.000E+05 0.000E+00 1.189E+07 1.142E+07
1.41594069E-03   4381.2 1.400E-02 6.399E+07 1.143E-03 1.090E-01 2.000E+05 0.000E+00 9.018E+06 9.858E+06
1.93431214E-03   4415.6 1.912E-02 8.615E+07 1.147E-03 1.084E-01 2.000E+05 0.000E+00 6.792E+06 8.517E+06
2.61864714E-03   4452.6 2.589E-02 1.164E+08 1.165E-03 1.076E-01 2.000E+05 0.000E+00 5.063E+06 7.373E+06
3.51190084E-03   4491.9 3.473E-02 1.573E+08 1.196E-03 1.066E-01 2.000E+05 0.000E+00 3.723E+06 6.400E+06
4.66784085E-03   4532.8 4.617E-02 2.123E+08 1.237E-03 1.052E-01 2.000E+05 0.000E+00 2.680E+06 5.573E+06
6.15455103E-03   4574.4 6.088E-02 2.853E+08 1.285E-03 1.032E-01 2.000E+05 0.000E+00 1.859E+06 4.870E+06
8.06680692E-03   4615.7 7.981E-02 3.809E+08 1.329E-03 9.751E-02 2.000E+05 0.000E+00 1.223E+06 4.272E+06
1.05351227E-02   4656.1 1.043E-01 5.048E+08 1.371E-03 9.235E-02 2.000E+05 0.000E+00 7.577E+05 3.759E+06
1.37284847E-02   4696.1 1.359E-01 6.657E+08 1.412E-03 8.784E-02 2.000E+05 0.000E+00 1.274E+05 3.317E+06
1.78649586E-02   4736.0 1.769E-01 8.749E+08 1.454E-03 8.388E-02 2.000E+05 0.000E+00 6.450E+04 2.934E+06
2.32224587E-02   4776.3 2.301E-01 1.148E+09 1.498E-03 8.036E-02 2.000E+05 0.000E+00 3.218E+04 2.601E+06
3.01389162E-02   4817.5 2.987E-01 1.507E+09 1.551E-03 7.835E-02 2.000E+05 0.000E+00 1.546E+04 2.312E+06
3.90163674E-02   4860.1 3.868E-01 1.980E+09 1.617E-03 7.701E-02 2.000E+05 0.000E+00 6.842E+03 2.061E+06
5.03354206E-02   4904.4 4.991E-01 2.603E+09 1.696E-03 7.580E-02 2.000E+05 0.000E+00 2.411E+03 1.844E+06
6.46712061E-02   4950.2 6.414E-01 3.423E+09 1.792E-03 7.465E-02 2.000E+05 0.000E+00 2.066E+02 1.657E+06
8.27132775E-02   4997.0 8.204E-01 4.494E+09 1.904E-03 7.360E-02 2.000E+05 0.000E+00 0.000E+00 1.498E+06
1.05282545E-01   5044.8 1.044E+00 5.886E+09 2.036E-03 7.280E-02 2.000E+05 0.000E+00 0.000E+00 1.363E+06
1.33343896E-01   5093.4 1.323E+00 7.688E+09 2.190E-03 7.236E-02 2.000E+05 0.000E+00 0.000E+00 1.249E+06
1.68006641E-01   5143.0 1.667E+00 1.002E+10 2.372E-03 7.215E-02 2.000E+05 0.000E+00 0.000E+00 1.153E+06
2.10522797E-01   5193.6 2.089E+00 1.302E+10 2.588E-03 7.217E-02 2.000E+05 0.000E+00 0.000E+00 1.073E+06
2.62297813E-01   5245.2 2.603E+00 1.687E+10 2.844E-03 7.237E-02 2.000E+05 0.000E+00 0.000E+00 1.006E+06
3.24910877E-01   5297.5 3.225E+00 2.177E+10 3.146E-03 7.275E-02 2.000E+05 0.000E+00 0.000E+00 9.504E+05
4.00155987E-01   5350.1 3.972E+00 2.798E+10 3.501E-03 7.344E-02 2.000E+05 0.000E+00 0.000E+00 9.049E+05
4.90072192E-01   5403.0 4.864E+00 3.576E+10 3.917E-03 7.443E-02 2.000E+05 0.000E+00 0.000E+00 8.677E+05
5.96982951E-01   5455.9 5.925E+00 4.547E+10 4.402E-03 7.580E-02 2.000E+05 0.000E+00 0.000E+00 8.374E+05
7.23557912E-01   5508.6 7.181E+00 5.750E+10 4.968E-03 7.760E-02 2.000E+05 0.000E+00 0.000E+00 8.129E+05
8.72829815E-01   5561.2 8.662E+00 7.233E+10 5.628E-03 7.991E-02 2.000E+05 0.000E+00 0.000E+00 7.932E+05
1.04825434E+00   5613.7 1.040E+01 9.052E+10 6.396E-03 8.278E-02 2.000E+05 0.000E+00 0.000E+00 7.773E+05
1.25369024E+00   5666.1 1.244E+01 1.128E+11 7.296E-03 8.645E-02 2.000E+05 0.000E+00 0.000E+00 7.647E+05
1.49341689E+00   5718.9 1.482E+01 1.400E+11 8.353E-03 9.092E-02 2.000E+05 0.000E+00 0.000E+00 7.546E+05
1.77210411E+00   5772.1 1.758E+01 1.732E+11 9.600E-03 9.641E-02 2.000E+05 0.000E+00 0.000E+00 7.467E+05
2.09478243E+00   5825.9 2.077E+01 2.138E+11 1.108E-02 1.033E-01 2.000E+05 0.000E+00 0.000E+00 7.405E+05
2.46670476E+00   5881.0 2.445E+01 2.634E+11 1.285E-02 1.117E-01 2.000E+05 0.000E+00 0.000E+00 7.357E+05
2.89311521E+00   5938.0 2.866E+01 3.246E+11 1.499E-02 1.222E-01 2.000E+05 0.000E+00 0.000E+00 7.322E+05
3.37877268E+00   5997.9 3.346E+01 4.005E+11 1.762E-02 1.356E-01 2.000E+05 0.000E+00 0.000E+00 7.296E+05
3.92721737E+00   6061.9 3.886E+01 4.962E+11 2.091E-02 1.528E-01 2.000E+05 0.000E+00 0.000E+00 7.278E+05
4.53982635E+00   6131.5 4.489E+01 6.183E+11 2.512E-02 1.754E-01 2.000E+05 0.000E+00 0.000E+00 7.268E+05
5.21430445E+00   6208.9 5.151E+01 7.776E+11 3.069E-02 2.062E-01 2.000E+05 0.000E+00 0.000E+00 7.265E+05
5.94287275E+00   6296.8 5.863E+01 9.903E+11 3.831E-02 2.493E-01 2.000E+05 9.995E-10 0.000E+00 7.269E+05
6.71105165E+00   6398.3 6.609E+01 1.282E+12 4.913E-02 3.116E-01 2.000E+05 2.148E-07 2.454E+00 7.282E+05
7.49671824E+00   6517.6 7.367E+01 1.694E+12 6.519E-02 4.057E-01 2.000E+05 3.290E-06 1.389E+01 7.308E+05
8.26989087E+00   6659.4 8.104E+01 2.293E+12 9.034E-02 5.553E-01 2.000E+05 4.386E-05 3.133E+01 7.351E+05
8.99431835E+00   6829.8 8.780E+01 3.192E+12 1.322E-01 8.077E-01 2.000E+05 1.006E-03 7.049E+01 7.421E+05
9.63470348E+00   7034.6 9.356E+01 4.568E+12 2.057E-01 1.255E+00 2.000E+05 4.986E-02 1.956E+02 7.534E+05
1.01643669E+01   7280.4 9.800E+01 6.704E+12 3.432E-01 2.091E+00 2.000E+05 4.286E+00 7.041E+02 7.714E+05
1.05738808E+01   7571.5 1.010E+02 9.965E+12 6.090E-01 3.695E+00 2.000E+05 4.160E+02 3.070E+03 7.994E+05
1.08748613E+01   7910.2 1.025E+02 1.468E+13 1.120E+00 6.698E+00 2.000E+05 2.319E+04 1.424E+04 8.427E+05
1.10945534E+01   8292.7 1.027E+02 2.066E+13 2.011E+00 1.174E+01 2.000E+05 2.587E+05 5.631E+04 9.069E+05
1.12636540E+01   8716.5 1.018E+02 2.676E+13 3.249E+00 1.840E+01 2.000E+05 6.246E+05 1.289E+05 9.952E+05
1.14202137E+01   9183.8 1.001E+02 3.100E+13 4.300E+00 2.358E+01 2.000E+05 5.737E+05 1.352E+05 1.103E+06
1.15973534E+01   9694.3 9.757E+01 3.218E+13 4.516E+00 2.421E+01 2.000E+05 1.947E+05 6.007E+04 1.226E+06
1.18464165E+01  10257.8 9.445E+01 3.099E+13 3.954E+00 2.085E+01 2.000E+05 9.991E+03 1.801E+04 1.383E+06
1.22452744E+01  10875.9 9.108E+01 2.874E+13 3.120E+00 1.627E+01 2.000E+05 1.660E+02 6.631E+03 1.573E+06
1.29397447E+01  11562.8 8.826E+01 2.639E+13 2.359E+00 1.226E+01 2.000E+05 6.559E+00 3.335E+03 1.743E+06
1.41690937E+01  12321.7 8.758E+01 2.468E+13 1.782E+00 9.230E+00 2.000E+05 9.052E-01 2.108E+03 1.873E+06
1.62733730E+01  13158.0 9.132E+01 2.427E+13 1.436E+00 7.463E+00 2.000E+05 3.334E-01 1.712E+03 1.967E+06
1.96251653E+01  14073.2 1.017E+02 2.563E+13 1.247E+00 6.465E+00 2.000E+05 1.893E-01 1.472E+03 2.095E+06
2.45740202E+01  15070.1 1.204E+02 2.867E+13 1.161E+00 6.043E+00 2.000E+05 8.194E-02 9.701E+02 2.299E+06
3.15820995E+01  16150.3 1.493E+02 3.336E+13 1.104E+00 5.742E+00 2.000E+05 1.963E-02 5.061E+02 2.486E+06
4.12313377E+01  17320.7 1.908E+02 3.983E+13 1.084E+00 5.656E+00 2.000E+05 2.619E-03 1.905E+02 2.626E+06
5.43331935E+01  18582.5 2.486E+02 4.840E+13 1.065E+00 5.532E+00 2.000E+05 1.455E-04 0.000E+00 2.742E+06
7.19513095E+01  19948.1 3.270E+02 5.933E+13 1.064E+00 5.564E+00 2.000E+05 2.501E-01 0.000E+00 2.850E+06
9.57829004E+01  21414.3 4.377E+02 7.400E+13 1.035E+00 5.144E+00 2.000E+05 5.002E-01 1.862E+03 2.945E+06
PRADK 3.6975E+00
BEGIN                    ITERATION  15 COMPLETED
