TEFF   9500.  GRAVITY 4.00000 LTE
TITLE  [+0.2] N(He)/Ntot=0.07828 VTURB=2.0  L/H=1.25 NOVER
OPACITY IFOP 1 1 1 1 1 1 1 1 1 1 1 1 1 0 1 0 0 0 0 0
CONVECTION ON   1.25 TURBULENCE OFF  0.00  0.00  0.00  0.00
ABUNDANCE SCALE   1.58489 ABUNDANCE CHANGE 1 0.91970 2 0.07828
ABUNDANCE CHANGE  3 -10.94  4 -10.64  5  -9.49  6  -3.52  7  -4.12  8  -3.21
ABUNDANCE CHANGE  9  -7.48 10  -3.96 11  -5.71 12  -4.46 13  -5.57 14  -4.49
ABUNDANCE CHANGE 15  -6.59 16  -4.71 17  -6.54 18  -5.64 19  -6.92 20  -5.68
ABUNDANCE CHANGE 21  -8.87 22  -7.02 23  -8.04 24  -6.37 25  -6.65 26  -4.54
ABUNDANCE CHANGE 27  -7.12 28  -5.79 29  -7.83 30  -7.44 31  -9.16 32  -8.63
ABUNDANCE CHANGE 33  -9.67 34  -8.63 35  -9.41 36  -8.73 37  -9.44 38  -9.07
ABUNDANCE CHANGE 39  -9.80 40  -9.44 41 -10.62 42 -10.12 43 -20.00 44 -10.20
ABUNDANCE CHANGE 45 -10.92 46 -10.35 47 -11.10 48 -10.27 49 -10.38 50 -10.04
ABUNDANCE CHANGE 51 -11.04 52  -9.80 53 -10.53 54  -9.87 55 -10.91 56  -9.91
ABUNDANCE CHANGE 57 -10.87 58 -10.46 59 -11.33 60 -10.54 61 -20.00 62 -11.03
ABUNDANCE CHANGE 63 -11.53 64 -10.92 65 -11.69 66 -10.90 67 -11.78 68 -11.11
ABUNDANCE CHANGE 69 -12.04 70 -10.96 71 -11.98 72 -11.16 73 -12.17 74 -10.93
ABUNDANCE CHANGE 75 -11.76 76 -10.59 77 -10.69 78 -10.24 79 -11.03 80 -10.91
ABUNDANCE CHANGE 81 -11.14 82 -10.09 83 -11.33 84 -20.00 85 -20.00 86 -20.00
ABUNDANCE CHANGE 87 -20.00 88 -20.00 89 -20.00 90 -11.95 91 -20.00 92 -12.54
ABUNDANCE CHANGE 93 -20.00 94 -20.00 95 -20.00 96 -20.00 97 -20.00 98 -20.00
ABUNDANCE CHANGE 99 -20.00
READ DECK6 72 RHOX,T,P,XNE,ABROSS,ACCRAD,VTURB, FLXCNV,VCONV,VELSND
2.91542110E-06   5621.7 2.909E-02 4.178E+09 4.574E-02 2.349E+01 2.000E+05 0.000E+00 0.000E+00 5.832E+06
3.90468110E-06   5657.6 3.896E-02 5.329E+09 4.418E-02 2.320E+01 2.000E+05 0.000E+00 0.000E+00 5.110E+06
5.27901966E-06   5690.3 5.267E-02 6.775E+09 4.213E-02 2.276E+01 2.000E+05 0.000E+00 0.000E+00 4.465E+06
7.18284555E-06   5731.0 7.166E-02 8.785E+09 4.095E-02 2.223E+01 2.000E+05 0.000E+00 1.021E+07 3.893E+06
9.78313734E-06   5776.1 9.761E-02 1.149E+10 4.028E-02 2.160E+01 2.000E+05 0.000E+00 7.716E+06 3.398E+06
1.32862455E-05   5825.2 1.326E-01 1.510E+10 4.009E-02 2.089E+01 2.000E+05 0.000E+00 5.810E+06 2.973E+06
1.79538249E-05   5876.9 1.791E-01 1.986E+10 4.031E-02 2.014E+01 2.000E+05 0.000E+00 4.346E+06 2.612E+06
2.41166903E-05   5930.4 2.407E-01 2.608E+10 4.087E-02 1.938E+01 2.000E+05 0.000E+00 3.238E+06 2.306E+06
3.21927063E-05   5984.9 3.213E-01 3.413E+10 4.173E-02 1.861E+01 2.000E+05 0.000E+00 2.403E+06 2.048E+06
4.27094699E-05   6039.9 4.262E-01 4.448E+10 4.285E-02 1.785E+01 2.000E+05 0.000E+00 1.772E+06 1.830E+06
5.63302999E-05   6094.8 5.622E-01 5.765E+10 4.421E-02 1.710E+01 2.000E+05 0.000E+00 1.290E+06 1.646E+06
7.39050348E-05   6149.0 7.377E-01 7.426E+10 4.576E-02 1.637E+01 2.000E+05 0.000E+00 9.205E+05 1.491E+06
9.65192622E-05   6201.8 9.634E-01 9.501E+10 4.747E-02 1.571E+01 2.000E+05 0.000E+00 6.365E+05 1.361E+06
1.25557145E-04   6253.2 1.253E+00 1.207E+11 4.935E-02 1.514E+01 2.000E+05 0.000E+00 3.818E+05 1.251E+06
1.62764999E-04   6303.1 1.625E+00 1.525E+11 5.143E-02 1.470E+01 2.000E+05 0.000E+00 1.490E+05 1.159E+06
2.10270780E-04   6352.3 2.099E+00 1.918E+11 5.384E-02 1.440E+01 2.000E+05 0.000E+00 4.675E+04 1.082E+06
2.70571996E-04   6401.6 2.701E+00 2.403E+11 5.677E-02 1.420E+01 2.000E+05 0.000E+00 0.000E+00 1.019E+06
3.46488334E-04   6451.9 3.459E+00 3.005E+11 6.040E-02 1.409E+01 2.000E+05 0.000E+00 0.000E+00 9.667E+05
4.41117994E-04   6503.6 4.404E+00 3.748E+11 6.495E-02 1.405E+01 2.000E+05 0.000E+00 0.000E+00 9.244E+05
5.57868149E-04   6556.6 5.570E+00 4.663E+11 7.054E-02 1.404E+01 2.000E+05 0.000E+00 0.000E+00 8.904E+05
7.00504953E-04   6610.9 6.995E+00 5.783E+11 7.734E-02 1.408E+01 2.000E+05 0.000E+00 0.000E+00 8.633E+05
8.73164331E-04   6666.5 8.719E+00 7.147E+11 8.557E-02 1.415E+01 2.000E+05 0.000E+00 0.000E+00 8.421E+05
1.08042447E-03   6723.0 1.079E+01 8.798E+11 9.541E-02 1.426E+01 2.000E+05 0.000E+00 0.000E+00 8.255E+05
1.32750346E-03   6780.3 1.326E+01 1.078E+12 1.070E-01 1.440E+01 2.000E+05 0.000E+00 0.000E+00 8.127E+05
1.62042869E-03   6838.0 1.618E+01 1.316E+12 1.207E-01 1.456E+01 2.000E+05 0.000E+00 0.000E+00 8.030E+05
1.96628120E-03   6895.7 1.963E+01 1.599E+12 1.365E-01 1.474E+01 2.000E+05 0.000E+00 0.000E+00 7.956E+05
2.37366987E-03   6952.8 2.370E+01 1.932E+12 1.546E-01 1.495E+01 2.000E+05 0.000E+00 0.000E+00 7.902E+05
2.85310548E-03   7009.0 2.849E+01 2.323E+12 1.752E-01 1.520E+01 2.000E+05 0.000E+00 0.000E+00 7.863E+05
3.41746067E-03   7064.0 3.412E+01 2.779E+12 1.984E-01 1.551E+01 2.000E+05 0.000E+00 0.000E+00 7.835E+05
4.08203511E-03   7118.2 4.076E+01 3.311E+12 2.247E-01 1.590E+01 2.000E+05 0.000E+00 0.000E+00 7.816E+05
4.86501467E-03   7171.2 4.858E+01 3.929E+12 2.542E-01 1.637E+01 2.000E+05 0.000E+00 0.000E+00 7.804E+05
5.78784036E-03   7223.7 5.779E+01 4.649E+12 2.876E-01 1.692E+01 2.000E+05 0.000E+00 0.000E+00 7.799E+05
6.87551593E-03   7275.6 6.865E+01 5.488E+12 3.254E-01 1.756E+01 2.000E+05 0.000E+00 0.000E+00 7.798E+05
8.15733659E-03   7327.2 8.144E+01 6.464E+12 3.683E-01 1.830E+01 2.000E+05 0.000E+00 0.000E+00 7.802E+05
9.66790644E-03   7378.5 9.652E+01 7.598E+12 4.167E-01 1.914E+01 2.000E+05 0.000E+00 0.000E+00 7.810E+05
1.14474026E-02   7429.9 1.143E+02 8.920E+12 4.719E-01 2.012E+01 2.000E+05 0.000E+00 0.000E+00 7.820E+05
1.35430767E-02   7481.3 1.352E+02 1.046E+13 5.343E-01 2.124E+01 2.000E+05 0.000E+00 0.000E+00 7.834E+05
1.60108170E-02   7532.9 1.598E+02 1.225E+13 6.052E-01 2.255E+01 2.000E+05 0.000E+00 0.000E+00 7.849E+05
1.89149561E-02   7585.1 1.888E+02 1.433E+13 6.864E-01 2.410E+01 2.000E+05 0.000E+00 0.000E+00 7.867E+05
2.23221273E-02   7639.6 2.228E+02 1.680E+13 7.817E-01 2.593E+01 2.000E+05 0.000E+00 0.000E+00 7.889E+05
2.63027815E-02   7696.8 2.625E+02 1.972E+13 8.943E-01 2.814E+01 2.000E+05 0.000E+00 0.000E+00 7.914E+05
3.09289518E-02   7758.0 3.086E+02 2.321E+13 1.030E+00 3.083E+01 2.000E+05 0.000E+00 0.000E+00 7.944E+05
3.62619780E-02   7825.6 3.618E+02 2.745E+13 1.197E+00 3.417E+01 2.000E+05 0.000E+00 0.000E+00 7.981E+05
4.23475232E-02   7900.3 4.224E+02 3.261E+13 1.406E+00 3.833E+01 2.000E+05 0.000E+00 0.000E+00 8.024E+05
4.92128367E-02   7984.1 4.908E+02 3.897E+13 1.673E+00 4.360E+01 2.000E+05 7.178E-04 0.000E+00 8.077E+05
5.68533488E-02   8078.7 5.668E+02 4.688E+13 2.019E+00 5.039E+01 2.000E+05 1.873E-02 9.846E+01 8.142E+05
6.52190074E-02   8187.5 6.500E+02 5.684E+13 2.482E+00 5.924E+01 2.000E+05 1.187E-01 2.724E+02 8.222E+05
7.42069753E-02   8312.6 7.393E+02 6.951E+13 3.111E+00 7.099E+01 2.000E+05 4.483E-01 4.423E+02 8.321E+05
8.36697130E-02   8456.9 8.332E+02 8.568E+13 3.981E+00 8.687E+01 2.000E+05 1.374E+00 6.268E+02 8.446E+05
9.34178843E-02   8624.1 9.297E+02 1.065E+14 5.211E+00 1.088E+02 2.000E+05 4.163E+00 8.656E+02 8.604E+05
1.03240846E-01   8819.2 1.027E+03 1.333E+14 6.968E+00 1.389E+02 2.000E+05 1.470E+01 1.234E+03 8.810E+05
1.12955164E-01   9045.6 1.122E+03 1.675E+14 9.465E+00 1.800E+02 2.000E+05 6.678E+01 1.909E+03 9.075E+05
1.22438238E-01   9306.9 1.215E+03 2.101E+14 1.296E+01 2.361E+02 2.000E+05 3.403E+02 3.251E+03 9.418E+05
1.31717111E-01   9609.0 1.306E+03 2.612E+14 1.752E+01 3.055E+02 2.000E+05 1.366E+03 5.672E+03 9.858E+05
1.40979106E-01   9955.8 1.395E+03 3.185E+14 2.298E+01 3.872E+02 2.000E+05 3.091E+03 8.814E+03 1.040E+06
1.50750055E-01  10354.5 1.488E+03 3.778E+14 2.804E+01 4.571E+02 2.000E+05 3.648E+03 1.020E+04 1.105E+06
1.61884591E-01  10807.9 1.594E+03 4.329E+14 3.144E+01 5.020E+02 2.000E+05 2.156E+03 7.907E+03 1.176E+06
1.75795960E-01  11328.7 1.727E+03 4.818E+14 3.206E+01 5.071E+02 2.000E+05 5.696E+02 3.995E+03 1.251E+06
1.94993610E-01  11920.9 1.909E+03 5.290E+14 2.973E+01 4.657E+02 2.000E+05 5.329E+01 1.467E+03 1.332E+06
2.23182227E-01  12593.7 2.179E+03 5.851E+14 2.643E+01 4.158E+02 2.000E+05 2.016E+00 4.644E+02 1.423E+06
2.66226935E-01  13350.8 2.593E+03 6.648E+14 2.283E+01 3.581E+02 2.000E+05 4.977E-02 1.207E+02 1.517E+06
3.32323107E-01  14197.2 3.231E+03 7.846E+14 2.003E+01 3.142E+02 2.000E+05 7.502E-04 1.024E+01 1.588E+06
4.31197293E-01  15128.1 4.191E+03 9.608E+14 1.815E+01 2.831E+02 2.000E+05 6.850E-04 5.321E+00 1.618E+06
5.73535043E-01  16145.2 5.575E+03 1.207E+15 1.715E+01 2.655E+02 2.000E+05 7.685E-03 9.279E+01 1.645E+06
7.70616941E-01  17248.4 7.495E+03 1.535E+15 1.677E+01 2.584E+02 2.000E+05 1.368E-02 1.790E+02 1.702E+06
1.03699334E+00  18450.2 1.009E+04 1.951E+15 1.671E+01 2.577E+02 2.000E+05 7.038E-03 6.677E+01 1.798E+06
1.38379083E+00  19749.2 1.347E+04 2.448E+15 1.749E+01 2.647E+02 2.000E+05 3.611E-04 0.000E+00 1.925E+06
1.84608858E+00  21164.3 1.797E+04 3.058E+15 1.672E+01 2.564E+02 2.000E+05 0.000E+00 0.000E+00 2.058E+06
2.49109640E+00  22698.0 2.426E+04 3.855E+15 1.606E+01 2.470E+02 2.000E+05 0.000E+00 0.000E+00 2.173E+06
3.37276038E+00  24351.2 3.286E+04 4.871E+15 1.595E+01 2.454E+02 2.000E+05 0.000E+00 0.000E+00 2.273E+06
4.52685893E+00  26136.0 4.411E+04 6.096E+15 1.655E+01 2.522E+02 2.000E+05 0.000E+00 0.000E+00 2.366E+06
6.00857937E+00  28055.8 5.856E+04 7.541E+15 1.721E+01 2.466E+02 2.000E+05 0.000E+00 0.000E+00 2.458E+06
PRADK 1.0924E+01
BEGIN                    ITERATION  15 COMPLETED
