TEFF   9250.  GRAVITY 4.00000 LTE
TITLE  [+0.2] N(He)/Ntot=0.07828 VTURB=2.0  L/H=1.25 NOVER
OPACITY IFOP 1 1 1 1 1 1 1 1 1 1 1 1 1 0 1 0 0 0 0 0
CONVECTION ON   1.25 TURBULENCE OFF  0.00  0.00  0.00  0.00
ABUNDANCE SCALE   1.58489 ABUNDANCE CHANGE 1 0.91970 2 0.07828
ABUNDANCE CHANGE  3 -10.94  4 -10.64  5  -9.49  6  -3.52  7  -4.12  8  -3.21
ABUNDANCE CHANGE  9  -7.48 10  -3.96 11  -5.71 12  -4.46 13  -5.57 14  -4.49
ABUNDANCE CHANGE 15  -6.59 16  -4.71 17  -6.54 18  -5.64 19  -6.92 20  -5.68
ABUNDANCE CHANGE 21  -8.87 22  -7.02 23  -8.04 24  -6.37 25  -6.65 26  -4.54
ABUNDANCE CHANGE 27  -7.12 28  -5.79 29  -7.83 30  -7.44 31  -9.16 32  -8.63
ABUNDANCE CHANGE 33  -9.67 34  -8.63 35  -9.41 36  -8.73 37  -9.44 38  -9.07
ABUNDANCE CHANGE 39  -9.80 40  -9.44 41 -10.62 42 -10.12 43 -20.00 44 -10.20
ABUNDANCE CHANGE 45 -10.92 46 -10.35 47 -11.10 48 -10.27 49 -10.38 50 -10.04
ABUNDANCE CHANGE 51 -11.04 52  -9.80 53 -10.53 54  -9.87 55 -10.91 56  -9.91
ABUNDANCE CHANGE 57 -10.87 58 -10.46 59 -11.33 60 -10.54 61 -20.00 62 -11.03
ABUNDANCE CHANGE 63 -11.53 64 -10.92 65 -11.69 66 -10.90 67 -11.78 68 -11.11
ABUNDANCE CHANGE 69 -12.04 70 -10.96 71 -11.98 72 -11.16 73 -12.17 74 -10.93
ABUNDANCE CHANGE 75 -11.76 76 -10.59 77 -10.69 78 -10.24 79 -11.03 80 -10.91
ABUNDANCE CHANGE 81 -11.14 82 -10.09 83 -11.33 84 -20.00 85 -20.00 86 -20.00
ABUNDANCE CHANGE 87 -20.00 88 -20.00 89 -20.00 90 -11.95 91 -20.00 92 -12.54
ABUNDANCE CHANGE 93 -20.00 94 -20.00 95 -20.00 96 -20.00 97 -20.00 98 -20.00
ABUNDANCE CHANGE 99 -20.00
READ DECK6 72 RHOX,T,P,XNE,ABROSS,ACCRAD,VTURB, FLXCNV,VCONV,VELSND
4.93034307E-06   5515.2 4.923E-02 4.373E+09 2.705E-02 1.569E+01 2.000E+05 0.000E+00 0.000E+00 4.484E+06
6.60003718E-06   5550.9 6.590E-02 5.576E+09 2.623E-02 1.539E+01 2.000E+05 0.000E+00 0.000E+00 3.948E+06
8.89682305E-06   5587.3 8.883E-02 7.139E+09 2.542E-02 1.498E+01 2.000E+05 0.000E+00 0.000E+00 3.471E+06
1.20356292E-05   5629.1 1.202E-01 9.263E+09 2.498E-02 1.451E+01 2.000E+05 0.000E+00 4.732E+06 3.049E+06
1.62754474E-05   5674.6 1.625E-01 1.210E+10 2.482E-02 1.400E+01 2.000E+05 0.000E+00 3.562E+06 2.681E+06
2.19371115E-05   5722.7 2.190E-01 1.585E+10 2.489E-02 1.347E+01 2.000E+05 0.000E+00 2.655E+06 2.365E+06
2.94336341E-05   5772.4 2.939E-01 2.074E+10 2.516E-02 1.292E+01 2.000E+05 0.000E+00 1.965E+06 2.095E+06
3.92854901E-05   5823.4 3.923E-01 2.709E+10 2.562E-02 1.238E+01 2.000E+05 0.000E+00 1.442E+06 1.866E+06
5.21528062E-05   5874.7 5.208E-01 3.525E+10 2.623E-02 1.184E+01 2.000E+05 0.000E+00 1.043E+06 1.672E+06
6.88707124E-05   5925.9 6.878E-01 4.563E+10 2.697E-02 1.131E+01 2.000E+05 0.000E+00 7.363E+05 1.509E+06
9.05124329E-05   5976.2 9.040E-01 5.868E+10 2.782E-02 1.080E+01 2.000E+05 0.000E+00 4.969E+05 1.371E+06
1.18461182E-04   6025.2 1.183E+00 7.497E+10 2.876E-02 1.036E+01 2.000E+05 0.000E+00 2.594E+05 1.256E+06
1.54473483E-04   6072.7 1.543E+00 9.516E+10 2.980E-02 1.001E+01 2.000E+05 0.000E+00 8.648E+04 1.160E+06
2.00739601E-04   6119.1 2.005E+00 1.201E+11 3.099E-02 9.739E+00 2.000E+05 0.000E+00 0.000E+00 1.079E+06
2.59910970E-04   6165.1 2.596E+00 1.510E+11 3.241E-02 9.546E+00 2.000E+05 0.000E+00 0.000E+00 1.013E+06
3.34991931E-04   6211.8 3.346E+00 1.893E+11 3.422E-02 9.424E+00 2.000E+05 0.000E+00 0.000E+00 9.580E+05
4.29292686E-04   6259.9 4.289E+00 2.370E+11 3.652E-02 9.351E+00 2.000E+05 0.000E+00 0.000E+00 9.133E+05
5.46439387E-04   6309.3 5.459E+00 2.958E+11 3.941E-02 9.308E+00 2.000E+05 0.000E+00 0.000E+00 8.772E+05
6.90410126E-04   6360.0 6.897E+00 3.683E+11 4.298E-02 9.293E+00 2.000E+05 0.000E+00 0.000E+00 8.484E+05
8.65600870E-04   6411.7 8.648E+00 4.568E+11 4.731E-02 9.298E+00 2.000E+05 0.000E+00 0.000E+00 8.256E+05
1.07690355E-03   6464.4 1.076E+01 5.644E+11 5.252E-02 9.328E+00 2.000E+05 0.000E+00 0.000E+00 8.077E+05
1.32968252E-03   6518.2 1.328E+01 6.948E+11 5.876E-02 9.383E+00 2.000E+05 0.000E+00 0.000E+00 7.938E+05
1.62995441E-03   6572.8 1.628E+01 8.519E+11 6.616E-02 9.451E+00 2.000E+05 0.000E+00 0.000E+00 7.832E+05
1.98467615E-03   6627.8 1.983E+01 1.040E+12 7.485E-02 9.529E+00 2.000E+05 0.000E+00 0.000E+00 7.751E+05
2.40192833E-03   6682.9 2.400E+01 1.264E+12 8.500E-02 9.623E+00 2.000E+05 0.000E+00 0.000E+00 7.692E+05
2.89138912E-03   6737.7 2.889E+01 1.528E+12 9.670E-02 9.732E+00 2.000E+05 0.000E+00 0.000E+00 7.648E+05
3.46473016E-03   6792.2 3.461E+01 1.840E+12 1.101E-01 9.870E+00 2.000E+05 0.000E+00 0.000E+00 7.618E+05
4.13608205E-03   6845.7 4.132E+01 2.204E+12 1.254E-01 1.004E+01 2.000E+05 0.000E+00 0.000E+00 7.598E+05
4.92266630E-03   6898.3 4.918E+01 2.629E+12 1.427E-01 1.024E+01 2.000E+05 0.000E+00 0.000E+00 7.586E+05
5.84517656E-03   6949.9 5.839E+01 3.123E+12 1.621E-01 1.049E+01 2.000E+05 0.000E+00 0.000E+00 7.581E+05
6.92810422E-03   7000.7 6.921E+01 3.697E+12 1.841E-01 1.080E+01 2.000E+05 0.000E+00 0.000E+00 7.580E+05
8.20001100E-03   7051.0 8.192E+01 4.366E+12 2.090E-01 1.116E+01 2.000E+05 0.000E+00 0.000E+00 7.584E+05
9.69382541E-03   7101.1 9.684E+01 5.144E+12 2.374E-01 1.159E+01 2.000E+05 0.000E+00 0.000E+00 7.592E+05
1.14468167E-02   7151.3 1.143E+02 6.054E+12 2.699E-01 1.210E+01 2.000E+05 0.000E+00 0.000E+00 7.603E+05
1.35024300E-02   7201.7 1.349E+02 7.113E+12 3.070E-01 1.267E+01 2.000E+05 0.000E+00 0.000E+00 7.617E+05
1.59122891E-02   7252.1 1.589E+02 8.346E+12 3.492E-01 1.333E+01 2.000E+05 0.000E+00 0.000E+00 7.634E+05
1.87375277E-02   7302.5 1.872E+02 9.779E+12 3.972E-01 1.409E+01 2.000E+05 0.000E+00 0.000E+00 7.652E+05
2.20492959E-02   7353.3 2.202E+02 1.145E+13 4.520E-01 1.498E+01 2.000E+05 0.000E+00 0.000E+00 7.672E+05
2.59284786E-02   7404.8 2.590E+02 1.340E+13 5.149E-01 1.602E+01 2.000E+05 0.000E+00 0.000E+00 7.694E+05
3.04633693E-02   7457.9 3.042E+02 1.569E+13 5.881E-01 1.727E+01 2.000E+05 0.000E+00 0.000E+00 7.718E+05
3.57449170E-02   7514.4 3.570E+02 1.843E+13 6.753E-01 1.880E+01 2.000E+05 0.000E+00 0.000E+00 7.745E+05
4.18601827E-02   7574.9 4.180E+02 2.171E+13 7.802E-01 2.067E+01 2.000E+05 0.000E+00 0.000E+00 7.776E+05
4.88856046E-02   7641.2 4.881E+02 2.570E+13 9.100E-01 2.299E+01 2.000E+05 0.000E+00 0.000E+00 7.811E+05
5.68774674E-02   7714.4 5.678E+02 3.058E+13 1.072E+00 2.588E+01 2.000E+05 0.000E+00 0.000E+00 7.852E+05
6.58675818E-02   7796.2 6.575E+02 3.661E+13 1.279E+00 2.956E+01 2.000E+05 0.000E+00 0.000E+00 7.900E+05
7.58452300E-02   7888.6 7.569E+02 4.416E+13 1.548E+00 3.433E+01 2.000E+05 4.353E-03 0.000E+00 7.956E+05
8.67415566E-02   7994.2 8.655E+02 5.373E+13 1.907E+00 4.062E+01 2.000E+05 5.386E-02 1.595E+02 8.023E+05
9.84213582E-02   8115.4 9.818E+02 6.600E+13 2.397E+00 4.909E+01 2.000E+05 2.863E-01 3.333E+02 8.105E+05
1.10660980E-01   8257.0 1.103E+03 8.203E+13 3.089E+00 6.069E+01 2.000E+05 1.061E+00 5.188E+02 8.208E+05
1.23177272E-01   8420.2 1.228E+03 1.029E+14 4.076E+00 7.679E+01 2.000E+05 3.755E+00 7.459E+02 8.337E+05
1.35667593E-01   8609.3 1.352E+03 1.303E+14 5.515E+00 9.961E+01 2.000E+05 1.643E+01 1.113E+03 8.503E+05
1.47830348E-01   8829.2 1.472E+03 1.664E+14 7.638E+00 1.320E+02 2.000E+05 1.044E+02 1.846E+03 8.718E+05
1.59435143E-01   9083.3 1.586E+03 2.130E+14 1.076E+01 1.777E+02 2.000E+05 8.879E+02 3.507E+03 9.000E+05
1.70369417E-01   9376.3 1.693E+03 2.719E+14 1.525E+01 2.415E+02 2.000E+05 7.064E+03 7.287E+03 9.370E+05
1.80724766E-01   9713.3 1.794E+03 3.426E+14 2.122E+01 3.231E+02 2.000E+05 3.398E+04 1.461E+04 9.851E+05
1.90832782E-01  10099.8 1.891E+03 4.211E+14 2.827E+01 4.169E+02 2.000E+05 7.705E+04 2.386E+04 1.046E+06
2.01413316E-01  10538.6 1.992E+03 4.986E+14 3.450E+01 4.950E+02 2.000E+05 8.372E+04 2.671E+04 1.117E+06
2.13561735E-01  11041.7 2.107E+03 5.661E+14 3.809E+01 5.401E+02 2.000E+05 4.201E+04 1.827E+04 1.195E+06
2.29234980E-01  11613.4 2.256E+03 6.204E+14 3.718E+01 5.225E+02 2.000E+05 8.041E+03 7.616E+03 1.276E+06
2.51703198E-01  12264.1 2.469E+03 6.701E+14 3.322E+01 4.669E+02 2.000E+05 4.280E+02 2.349E+03 1.364E+06
2.86133932E-01  12996.8 2.799E+03 7.316E+14 2.829E+01 3.986E+02 2.000E+05 9.372E+00 6.543E+02 1.462E+06
3.40531096E-01  13819.5 3.323E+03 8.255E+14 2.385E+01 3.359E+02 2.000E+05 1.582E-01 1.691E+02 1.554E+06
4.25294277E-01  14726.5 4.144E+03 9.725E+14 2.076E+01 2.912E+02 2.000E+05 3.248E-03 4.892E+01 1.608E+06
5.52850768E-01  15720.8 5.385E+03 1.192E+15 1.876E+01 2.619E+02 2.000E+05 1.418E-02 9.529E+01 1.632E+06
7.34229862E-01  16796.6 7.152E+03 1.497E+15 1.807E+01 2.501E+02 2.000E+05 3.681E-02 2.269E+02 1.673E+06
9.85696948E-01  17968.0 9.605E+03 1.899E+15 1.738E+01 2.418E+02 2.000E+05 3.404E-02 2.027E+02 1.753E+06
1.31869487E+00  19232.0 1.285E+04 2.393E+15 1.824E+01 2.491E+02 2.000E+05 1.065E-02 0.000E+00 1.868E+06
1.75550954E+00  20606.4 1.711E+04 2.987E+15 1.791E+01 2.455E+02 2.000E+05 0.000E+00 0.000E+00 2.002E+06
2.35791670E+00  22100.0 2.299E+04 3.750E+15 1.710E+01 2.365E+02 2.000E+05 0.000E+00 0.000E+00 2.128E+06
3.19298790E+00  23712.0 3.115E+04 4.740E+15 1.671E+01 2.312E+02 2.000E+05 0.000E+00 0.000E+00 2.234E+06
4.29641507E+00  25448.2 4.192E+04 5.949E+15 1.729E+01 2.373E+02 2.000E+05 0.000E+00 0.000E+00 2.330E+06
5.71748633E+00  27317.3 5.580E+04 7.379E+15 1.791E+01 2.314E+02 2.000E+05 0.000E+00 0.000E+00 2.422E+06
PRADK 9.8023E+00
BEGIN                    ITERATION  15 COMPLETED
