TEFF   8750.  GRAVITY 3.00000 LTE
TITLE  [+0.2] N(He)/Ntot=0.07828 VTURB=2.0  L/H=1.25 NOVER
OPACITY IFOP 1 1 1 1 1 1 1 1 1 1 1 1 1 0 1 0 0 0 0 0
CONVECTION ON   1.25 TURBULENCE OFF  0.00  0.00  0.00  0.00
ABUNDANCE SCALE   1.58489 ABUNDANCE CHANGE 1 0.91970 2 0.07828
ABUNDANCE CHANGE  3 -10.94  4 -10.64  5  -9.49  6  -3.52  7  -4.12  8  -3.21
ABUNDANCE CHANGE  9  -7.48 10  -3.96 11  -5.71 12  -4.46 13  -5.57 14  -4.49
ABUNDANCE CHANGE 15  -6.59 16  -4.71 17  -6.54 18  -5.64 19  -6.92 20  -5.68
ABUNDANCE CHANGE 21  -8.87 22  -7.02 23  -8.04 24  -6.37 25  -6.65 26  -4.54
ABUNDANCE CHANGE 27  -7.12 28  -5.79 29  -7.83 30  -7.44 31  -9.16 32  -8.63
ABUNDANCE CHANGE 33  -9.67 34  -8.63 35  -9.41 36  -8.73 37  -9.44 38  -9.07
ABUNDANCE CHANGE 39  -9.80 40  -9.44 41 -10.62 42 -10.12 43 -20.00 44 -10.20
ABUNDANCE CHANGE 45 -10.92 46 -10.35 47 -11.10 48 -10.27 49 -10.38 50 -10.04
ABUNDANCE CHANGE 51 -11.04 52  -9.80 53 -10.53 54  -9.87 55 -10.91 56  -9.91
ABUNDANCE CHANGE 57 -10.87 58 -10.46 59 -11.33 60 -10.54 61 -20.00 62 -11.03
ABUNDANCE CHANGE 63 -11.53 64 -10.92 65 -11.69 66 -10.90 67 -11.78 68 -11.11
ABUNDANCE CHANGE 69 -12.04 70 -10.96 71 -11.98 72 -11.16 73 -12.17 74 -10.93
ABUNDANCE CHANGE 75 -11.76 76 -10.59 77 -10.69 78 -10.24 79 -11.03 80 -10.91
ABUNDANCE CHANGE 81 -11.14 82 -10.09 83 -11.33 84 -20.00 85 -20.00 86 -20.00
ABUNDANCE CHANGE 87 -20.00 88 -20.00 89 -20.00 90 -11.95 91 -20.00 92 -12.54
ABUNDANCE CHANGE 93 -20.00 94 -20.00 95 -20.00 96 -20.00 97 -20.00 98 -20.00
ABUNDANCE CHANGE 99 -20.00
READ DECK6 72 RHOX,T,P,XNE,ABROSS,ACCRAD,VTURB, FLXCNV,VCONV,VELSND
7.14888776E-06   5093.2 7.110E-03 5.091E+08 1.865E-02 5.388E+00 2.000E+05 0.000E+00 0.000E+00 1.010E+07
9.56447227E-06   5127.5 9.513E-03 6.555E+08 1.817E-02 5.255E+00 2.000E+05 0.000E+00 0.000E+00 8.867E+06
1.28930702E-05   5158.8 1.282E-02 8.394E+08 1.747E-02 5.070E+00 2.000E+05 0.000E+00 0.000E+00 7.779E+06
1.74819278E-05   5195.4 1.739E-02 1.093E+09 1.700E-02 4.874E+00 2.000E+05 0.000E+00 2.385E+07 6.798E+06
2.37499429E-05   5234.9 2.363E-02 1.433E+09 1.668E-02 4.670E+00 2.000E+05 0.000E+00 1.793E+07 5.932E+06
3.22422893E-05   5276.6 3.208E-02 1.888E+09 1.647E-02 4.464E+00 2.000E+05 0.000E+00 1.339E+07 5.177E+06
4.36853416E-05   5320.0 4.348E-02 2.490E+09 1.633E-02 4.256E+00 2.000E+05 0.000E+00 9.958E+06 4.523E+06
5.90345827E-05   5364.5 5.876E-02 3.283E+09 1.627E-02 4.045E+00 2.000E+05 0.000E+00 7.364E+06 3.958E+06
7.95599366E-05   5409.4 7.921E-02 4.320E+09 1.623E-02 3.831E+00 2.000E+05 0.000E+00 5.391E+06 3.471E+06
1.06980269E-04   5454.1 1.065E-01 5.663E+09 1.621E-02 3.623E+00 2.000E+05 0.000E+00 3.893E+06 3.053E+06
1.43644901E-04   5497.9 1.431E-01 7.385E+09 1.615E-02 3.434E+00 2.000E+05 0.000E+00 2.766E+06 2.692E+06
1.92776374E-04   5540.5 1.920E-01 9.586E+09 1.605E-02 3.278E+00 2.000E+05 0.000E+00 1.932E+06 2.382E+06
2.58741209E-04   5582.1 2.578E-01 1.239E+10 1.593E-02 3.155E+00 2.000E+05 0.000E+00 1.334E+06 2.114E+06
3.47276119E-04   5624.2 3.460E-01 1.601E+10 1.586E-02 3.070E+00 2.000E+05 0.000E+00 9.202E+05 1.883E+06
4.65422094E-04   5668.0 4.638E-01 2.073E+10 1.591E-02 3.006E+00 2.000E+05 0.000E+00 6.292E+05 1.684E+06
6.21630840E-04   5714.3 6.196E-01 2.690E+10 1.613E-02 2.955E+00 2.000E+05 0.000E+00 1.875E+05 1.514E+06
8.25813698E-04   5763.0 8.232E-01 3.494E+10 1.655E-02 2.912E+00 2.000E+05 0.000E+00 8.894E+04 1.369E+06
1.08931501E-03   5814.3 1.086E+00 4.539E+10 1.722E-02 2.878E+00 2.000E+05 0.000E+00 4.083E+04 1.249E+06
1.42494592E-03   5867.7 1.421E+00 5.888E+10 1.813E-02 2.848E+00 2.000E+05 0.000E+00 1.572E+04 1.149E+06
1.84715353E-03   5923.0 1.842E+00 7.615E+10 1.933E-02 2.822E+00 2.000E+05 0.000E+00 3.166E+03 1.067E+06
2.37229527E-03   5979.4 2.365E+00 9.804E+10 2.083E-02 2.798E+00 2.000E+05 0.000E+00 0.000E+00 1.000E+06
3.01887269E-03   6036.6 3.010E+00 1.255E+11 2.267E-02 2.777E+00 2.000E+05 0.000E+00 0.000E+00 9.460E+05
3.80793883E-03   6094.3 3.797E+00 1.598E+11 2.486E-02 2.763E+00 2.000E+05 0.000E+00 0.000E+00 9.026E+05
4.76376506E-03   6152.0 4.750E+00 2.021E+11 2.746E-02 2.756E+00 2.000E+05 0.000E+00 0.000E+00 8.679E+05
5.91448359E-03   6209.5 5.898E+00 2.539E+11 3.050E-02 2.757E+00 2.000E+05 0.000E+00 0.000E+00 8.403E+05
7.29247936E-03   6266.6 7.272E+00 3.169E+11 3.404E-02 2.768E+00 2.000E+05 0.000E+00 0.000E+00 8.184E+05
8.93503079E-03   6323.4 8.910E+00 3.933E+11 3.816E-02 2.788E+00 2.000E+05 0.000E+00 0.000E+00 8.011E+05
1.08851620E-02   6379.9 1.085E+01 4.853E+11 4.293E-02 2.819E+00 2.000E+05 0.000E+00 0.000E+00 7.876E+05
1.31931689E-02   6435.8 1.316E+01 5.955E+11 4.844E-02 2.863E+00 2.000E+05 0.000E+00 0.000E+00 7.771E+05
1.59185099E-02   6491.1 1.587E+01 7.269E+11 5.474E-02 2.917E+00 2.000E+05 0.000E+00 0.000E+00 7.690E+05
1.91320238E-02   6545.5 1.908E+01 8.826E+11 6.195E-02 2.985E+00 2.000E+05 0.000E+00 0.000E+00 7.628E+05
2.29171694E-02   6599.3 2.285E+01 1.067E+12 7.017E-02 3.069E+00 2.000E+05 0.000E+00 0.000E+00 7.582E+05
2.73698166E-02   6652.5 2.729E+01 1.284E+12 7.960E-02 3.174E+00 2.000E+05 0.000E+00 0.000E+00 7.549E+05
3.26000695E-02   6705.4 3.250E+01 1.541E+12 9.043E-02 3.298E+00 2.000E+05 0.000E+00 0.000E+00 7.527E+05
3.87342726E-02   6758.4 3.862E+01 1.844E+12 1.029E-01 3.448E+00 2.000E+05 0.000E+00 0.000E+00 7.513E+05
4.59182142E-02   6811.2 4.578E+01 2.200E+12 1.172E-01 3.623E+00 2.000E+05 0.000E+00 0.000E+00 7.507E+05
5.43224138E-02   6864.1 5.415E+01 2.619E+12 1.337E-01 3.826E+00 2.000E+05 0.000E+00 0.000E+00 7.506E+05
6.41438059E-02   6917.1 6.393E+01 3.112E+12 1.527E-01 4.066E+00 2.000E+05 0.000E+00 0.000E+00 7.511E+05
7.56060818E-02   6970.6 7.534E+01 3.691E+12 1.746E-01 4.352E+00 2.000E+05 0.000E+00 0.000E+00 7.520E+05
8.89530179E-02   7025.3 8.863E+01 4.377E+12 2.002E-01 4.698E+00 2.000E+05 0.000E+00 0.000E+00 7.534E+05
1.04441430E-01   7082.1 1.040E+02 5.194E+12 2.306E-01 5.125E+00 2.000E+05 0.000E+00 0.000E+00 7.552E+05
1.22300941E-01   7142.8 1.218E+02 6.182E+12 2.679E-01 5.663E+00 2.000E+05 0.000E+00 0.000E+00 7.575E+05
1.42714838E-01   7208.5 1.421E+02 7.385E+12 3.139E-01 6.340E+00 2.000E+05 0.000E+00 0.000E+00 7.604E+05
1.65811323E-01   7280.9 1.650E+02 8.871E+12 3.722E-01 7.208E+00 2.000E+05 0.000E+00 0.000E+00 7.639E+05
1.91602161E-01   7361.9 1.906E+02 1.073E+13 4.478E-01 8.338E+00 2.000E+05 2.427E-05 0.000E+00 7.682E+05
2.19940140E-01   7453.8 2.187E+02 1.308E+13 5.484E-01 9.840E+00 2.000E+05 5.150E-04 4.338E+01 7.735E+05
2.50492588E-01   7558.9 2.489E+02 1.611E+13 6.853E-01 1.187E+01 2.000E+05 3.239E-03 1.111E+02 7.802E+05
2.82692147E-01   7680.4 2.807E+02 2.005E+13 8.782E-01 1.467E+01 2.000E+05 1.263E-02 1.808E+02 7.887E+05
3.15772375E-01   7820.3 3.132E+02 2.520E+13 1.155E+00 1.861E+01 2.000E+05 4.166E-02 2.598E+02 7.994E+05
3.48862339E-01   7982.1 3.456E+02 3.200E+13 1.561E+00 2.423E+01 2.000E+05 1.494E-01 3.699E+02 8.133E+05
3.81061966E-01   8169.0 3.769E+02 4.096E+13 2.168E+00 3.235E+01 2.000E+05 7.400E-01 5.656E+02 8.314E+05
4.11588160E-01   8385.0 4.063E+02 5.271E+13 3.085E+00 4.406E+01 2.000E+05 5.619E+00 9.916E+02 8.554E+05
4.39925965E-01   8632.8 4.332E+02 6.773E+13 4.462E+00 6.097E+01 2.000E+05 5.242E+01 2.009E+03 8.870E+05
4.66035996E-01   8917.1 4.574E+02 8.623E+13 6.438E+00 8.396E+01 2.000E+05 3.789E+02 4.312E+03 9.287E+05
4.90354783E-01   9241.2 4.793E+02 1.074E+14 9.061E+00 1.133E+02 2.000E+05 1.371E+03 8.342E+03 9.824E+05
5.14175355E-01   9609.9 5.001E+02 1.291E+14 1.194E+01 1.435E+02 2.000E+05 2.238E+03 1.197E+04 1.048E+06
5.39463727E-01  10028.2 5.214E+02 1.482E+14 1.427E+01 1.667E+02 2.000E+05 1.695E+03 1.071E+04 1.123E+06
5.69645459E-01  10501.5 5.465E+02 1.627E+14 1.496E+01 1.702E+02 2.000E+05 5.477E+02 5.570E+03 1.202E+06
6.10167554E-01  11036.7 5.803E+02 1.733E+14 1.421E+01 1.602E+02 2.000E+05 5.255E+01 1.990E+03 1.287E+06
6.69509011E-01  11642.4 6.308E+02 1.834E+14 1.245E+01 1.393E+02 2.000E+05 1.722E+00 6.054E+02 1.386E+06
7.61776187E-01  12324.5 7.112E+02 1.979E+14 1.055E+01 1.181E+02 2.000E+05 3.557E-02 1.816E+02 1.492E+06
9.07089792E-01  13089.5 8.408E+02 2.217E+14 8.961E+00 1.004E+02 2.000E+05 7.895E-04 5.204E+01 1.576E+06
1.13318907E+00  13939.4 1.046E+03 2.602E+14 7.773E+00 8.684E+01 2.000E+05 6.564E-05 2.323E+01 1.609E+06
1.47127553E+00  14872.2 1.356E+03 3.185E+14 7.108E+00 7.918E+01 2.000E+05 5.775E-04 5.872E+01 1.622E+06
1.95725707E+00  15891.6 1.805E+03 4.009E+14 6.707E+00 7.468E+01 2.000E+05 1.295E-03 1.187E+02 1.664E+06
2.61159823E+00  16993.1 2.410E+03 5.059E+14 6.887E+00 7.611E+01 2.000E+05 1.039E-03 9.444E+01 1.755E+06
3.46163604E+00  18190.9 3.195E+03 6.310E+14 7.047E+00 7.702E+01 2.000E+05 2.760E-04 0.000E+00 1.882E+06
4.60101295E+00  19492.7 4.247E+03 7.855E+14 6.836E+00 7.571E+01 2.000E+05 0.000E+00 0.000E+00 2.013E+06
6.15228067E+00  20905.0 5.682E+03 9.814E+14 6.775E+00 7.462E+01 2.000E+05 0.000E+00 0.000E+00 2.123E+06
8.22880462E+00  22426.7 7.604E+03 1.225E+15 6.771E+00 7.449E+01 2.000E+05 0.000E+00 0.000E+00 2.215E+06
1.10755013E+01  24079.9 1.024E+04 1.538E+15 6.406E+00 7.054E+01 2.000E+05 0.000E+00 0.000E+00 2.302E+06
1.50447174E+01  25849.4 1.394E+04 1.950E+15 6.196E+00 6.624E+01 2.000E+05 0.000E+00 0.000E+00 2.389E+06
PRADK 7.8363E+00
BEGIN                    ITERATION  15 COMPLETED
