TEFF   6000.  GRAVITY 2.00000 LTE
TITLE  [+0.2] N(He)/Ntot=0.07828 VTURB=2.0  L/H=1.25 NOVER
OPACITY IFOP 1 1 1 1 1 1 1 1 1 1 1 1 1 0 1 0 0 0 0 0
CONVECTION ON   1.25 TURBULENCE OFF  0.00  0.00  0.00  0.00
ABUNDANCE SCALE   1.58489 ABUNDANCE CHANGE 1 0.91970 2 0.07828
ABUNDANCE CHANGE  3 -10.94  4 -10.64  5  -9.49  6  -3.52  7  -4.12  8  -3.21
ABUNDANCE CHANGE  9  -7.48 10  -3.96 11  -5.71 12  -4.46 13  -5.57 14  -4.49
ABUNDANCE CHANGE 15  -6.59 16  -4.71 17  -6.54 18  -5.64 19  -6.92 20  -5.68
ABUNDANCE CHANGE 21  -8.87 22  -7.02 23  -8.04 24  -6.37 25  -6.65 26  -4.54
ABUNDANCE CHANGE 27  -7.12 28  -5.79 29  -7.83 30  -7.44 31  -9.16 32  -8.63
ABUNDANCE CHANGE 33  -9.67 34  -8.63 35  -9.41 36  -8.73 37  -9.44 38  -9.07
ABUNDANCE CHANGE 39  -9.80 40  -9.44 41 -10.62 42 -10.12 43 -20.00 44 -10.20
ABUNDANCE CHANGE 45 -10.92 46 -10.35 47 -11.10 48 -10.27 49 -10.38 50 -10.04
ABUNDANCE CHANGE 51 -11.04 52  -9.80 53 -10.53 54  -9.87 55 -10.91 56  -9.91
ABUNDANCE CHANGE 57 -10.87 58 -10.46 59 -11.33 60 -10.54 61 -20.00 62 -11.03
ABUNDANCE CHANGE 63 -11.53 64 -10.92 65 -11.69 66 -10.90 67 -11.78 68 -11.11
ABUNDANCE CHANGE 69 -12.04 70 -10.96 71 -11.98 72 -11.16 73 -12.17 74 -10.93
ABUNDANCE CHANGE 75 -11.76 76 -10.59 77 -10.69 78 -10.24 79 -11.03 80 -10.91
ABUNDANCE CHANGE 81 -11.14 82 -10.09 83 -11.33 84 -20.00 85 -20.00 86 -20.00
ABUNDANCE CHANGE 87 -20.00 88 -20.00 89 -20.00 90 -11.95 91 -20.00 92 -12.54
ABUNDANCE CHANGE 93 -20.00 94 -20.00 95 -20.00 96 -20.00 97 -20.00 98 -20.00
ABUNDANCE CHANGE 99 -20.00
READ DECK6 72 RHOX,T,P,XNE,ABROSS,ACCRAD,VTURB, FLXCNV,VCONV,VELSND
1.20682322E-03   3623.5 1.207E-01 4.023E+07 1.105E-04 1.286E-02 2.000E+05 0.000E+00 0.000E+00 3.053E+06
1.60514932E-03   3641.7 1.605E-01 5.308E+07 1.128E-04 1.353E-02 2.000E+05 0.000E+00 0.000E+00 2.671E+06
2.12239064E-03   3663.3 2.122E-01 6.965E+07 1.165E-04 1.463E-02 2.000E+05 0.000E+00 0.000E+00 2.350E+06
2.78789722E-03   3689.2 2.788E-01 9.082E+07 1.212E-04 1.572E-02 2.000E+05 0.000E+00 0.000E+00 2.081E+06
3.63788870E-03   3718.7 3.637E-01 1.177E+08 1.270E-04 1.697E-02 2.000E+05 0.000E+00 0.000E+00 1.855E+06
4.71478451E-03   3751.3 4.714E-01 1.515E+08 1.342E-04 1.841E-02 2.000E+05 0.000E+00 0.000E+00 1.665E+06
6.06711914E-03   3785.6 6.066E-01 1.938E+08 1.431E-04 1.995E-02 2.000E+05 0.000E+00 0.000E+00 1.505E+06
7.76374758E-03   3819.4 7.762E-01 2.465E+08 1.512E-04 2.040E-02 2.000E+05 0.000E+00 0.000E+00 1.370E+06
9.91931844E-03   3852.3 9.918E-01 3.132E+08 1.581E-04 1.966E-02 2.000E+05 0.000E+00 0.000E+00 1.254E+06
1.26634288E-02   3884.8 1.266E+00 3.976E+08 1.660E-04 1.920E-02 2.000E+05 0.000E+00 0.000E+00 1.155E+06
1.61395071E-02   3916.8 1.614E+00 5.040E+08 1.751E-04 1.867E-02 2.000E+05 0.000E+00 0.000E+00 1.070E+06
2.05215582E-02   3948.0 2.052E+00 6.374E+08 1.857E-04 1.813E-02 2.000E+05 0.000E+00 0.000E+00 9.997E+05
2.60181578E-02   3978.6 2.601E+00 8.038E+08 1.979E-04 1.760E-02 2.000E+05 0.000E+00 0.000E+00 9.409E+05
3.28698669E-02   4009.0 3.286E+00 1.010E+09 2.125E-04 1.743E-02 2.000E+05 0.000E+00 0.000E+00 8.925E+05
4.13556152E-02   4040.2 4.135E+00 1.265E+09 2.294E-04 1.748E-02 2.000E+05 0.000E+00 0.000E+00 8.530E+05
5.18110095E-02   4072.3 5.180E+00 1.578E+09 2.488E-04 1.740E-02 2.000E+05 0.000E+00 0.000E+00 8.212E+05
6.46342584E-02   4105.0 6.462E+00 1.961E+09 2.711E-04 1.717E-02 2.000E+05 0.000E+00 0.000E+00 7.956E+05
8.02912822E-02   4138.3 8.028E+00 2.429E+09 2.968E-04 1.681E-02 2.000E+05 0.000E+00 0.000E+00 7.752E+05
9.93272881E-02   4171.9 9.931E+00 2.997E+09 3.263E-04 1.635E-02 2.000E+05 0.000E+00 0.000E+00 7.590E+05
1.22319678E-01   4205.6 1.223E+01 3.685E+09 3.616E-04 1.640E-02 2.000E+05 0.000E+00 0.000E+00 7.463E+05
1.49934671E-01   4240.0 1.499E+01 4.512E+09 4.020E-04 1.632E-02 2.000E+05 0.000E+00 0.000E+00 7.365E+05
1.83005021E-01   4274.4 1.830E+01 5.507E+09 4.483E-04 1.613E-02 2.000E+05 0.000E+00 0.000E+00 7.290E+05
2.22490810E-01   4308.6 2.225E+01 6.698E+09 5.014E-04 1.587E-02 2.000E+05 0.000E+00 0.000E+00 7.233E+05
2.69519459E-01   4342.3 2.695E+01 8.120E+09 5.622E-04 1.555E-02 2.000E+05 0.000E+00 0.000E+00 7.190E+05
3.25275967E-01   4375.5 3.252E+01 9.811E+09 6.341E-04 1.543E-02 2.000E+05 0.000E+00 0.000E+00 7.159E+05
3.90858536E-01   4408.2 3.908E+01 1.181E+10 7.222E-04 1.599E-02 2.000E+05 0.000E+00 0.000E+00 7.138E+05
4.67600839E-01   4441.7 4.675E+01 1.417E+10 8.231E-04 1.651E-02 2.000E+05 0.000E+00 0.000E+00 7.125E+05
5.57353988E-01   4475.8 5.573E+01 1.696E+10 9.389E-04 1.701E-02 2.000E+05 0.000E+00 0.000E+00 7.119E+05
6.62248614E-01   4510.3 6.621E+01 2.026E+10 1.072E-03 1.749E-02 2.000E+05 0.000E+00 0.000E+00 7.118E+05
7.84742872E-01   4545.3 7.846E+01 2.417E+10 1.224E-03 1.796E-02 2.000E+05 0.000E+00 0.000E+00 7.122E+05
9.27846358E-01   4581.1 9.277E+01 2.881E+10 1.396E-03 1.828E-02 2.000E+05 0.000E+00 0.000E+00 7.130E+05
1.09557614E+00   4618.0 1.095E+02 3.436E+10 1.586E-03 1.829E-02 2.000E+05 0.000E+00 0.000E+00 7.140E+05
1.29217240E+00   4654.9 1.292E+02 4.098E+10 1.807E-03 1.838E-02 2.000E+05 0.000E+00 0.000E+00 7.153E+05
1.52212350E+00   4692.0 1.522E+02 4.885E+10 2.061E-03 1.845E-02 2.000E+05 0.000E+00 0.000E+00 7.169E+05
1.79075226E+00   4729.0 1.790E+02 5.820E+10 2.354E-03 1.853E-02 2.000E+05 0.000E+00 0.000E+00 7.185E+05
2.10431332E+00   4765.7 2.104E+02 6.928E+10 2.691E-03 1.863E-02 2.000E+05 0.000E+00 0.000E+00 7.203E+05
2.46943536E+00   4801.5 2.469E+02 8.232E+10 3.088E-03 1.908E-02 2.000E+05 0.000E+00 0.000E+00 7.221E+05
2.89274702E+00   4837.0 2.892E+02 9.764E+10 3.558E-03 2.003E-02 2.000E+05 0.000E+00 0.000E+00 7.239E+05
3.38232085E+00   4873.6 3.382E+02 1.158E+11 4.104E-03 2.118E-02 2.000E+05 0.000E+00 0.000E+00 7.259E+05
3.94785747E+00   4911.2 3.947E+02 1.375E+11 4.741E-03 2.256E-02 2.000E+05 0.000E+00 0.000E+00 7.281E+05
4.60046350E+00   4950.3 4.600E+02 1.634E+11 5.481E-03 2.409E-02 2.000E+05 0.000E+00 0.000E+00 7.303E+05
5.35304027E+00   4990.8 5.352E+02 1.945E+11 6.341E-03 2.581E-02 2.000E+05 0.000E+00 0.000E+00 7.327E+05
6.21933378E+00   5033.0 6.218E+02 2.319E+11 7.358E-03 2.798E-02 2.000E+05 0.000E+00 0.000E+00 7.352E+05
7.21246674E+00   5078.0 7.211E+02 2.774E+11 8.579E-03 3.075E-02 2.000E+05 0.000E+00 0.000E+00 7.378E+05
8.34623803E+00   5126.8 8.344E+02 3.338E+11 1.004E-02 3.404E-02 2.000E+05 0.000E+00 0.000E+00 7.406E+05
9.63503754E+00   5180.3 9.633E+02 4.047E+11 1.181E-02 3.800E-02 2.000E+05 0.000E+00 0.000E+00 7.437E+05
1.10901404E+01   5240.2 1.109E+03 4.959E+11 1.401E-02 4.306E-02 2.000E+05 0.000E+00 0.000E+00 7.470E+05
1.27176640E+01   5307.9 1.271E+03 6.161E+11 1.679E-02 4.943E-02 2.000E+05 0.000E+00 0.000E+00 7.506E+05
1.45165660E+01   5385.1 1.451E+03 7.788E+11 2.041E-02 5.778E-02 2.000E+05 0.000E+00 0.000E+00 7.545E+05
1.64661532E+01   5475.4 1.646E+03 1.009E+12 2.544E-02 6.990E-02 2.000E+05 0.000E+00 0.000E+00 7.587E+05
1.85277462E+01   5581.4 1.852E+03 1.345E+12 3.246E-02 8.670E-02 2.000E+05 0.000E+00 0.000E+00 7.632E+05
2.06541481E+01   5705.5 2.064E+03 1.854E+12 4.256E-02 1.108E-01 2.000E+05 0.000E+00 0.000E+00 7.676E+05
2.27758419E+01   5852.1 2.276E+03 2.658E+12 5.803E-02 1.481E-01 2.000E+05 1.282E-03 0.000E+00 7.718E+05
2.48086096E+01   6025.1 2.479E+03 3.973E+12 8.249E-02 2.074E-01 2.000E+05 2.231E-01 1.026E+02 7.752E+05
2.66733210E+01   6229.7 2.665E+03 6.205E+12 1.227E-01 3.055E-01 2.000E+05 1.155E+01 5.516E+02 7.773E+05
2.83024171E+01   6469.9 2.828E+03 1.010E+13 1.924E-01 4.778E-01 2.000E+05 5.538E+02 1.960E+03 7.777E+05
2.96434032E+01   6756.2 2.961E+03 1.720E+13 3.218E-01 8.018E-01 2.000E+05 3.630E+04 6.785E+03 7.770E+05
3.06809862E+01   7087.2 3.063E+03 3.011E+13 5.717E-01 1.445E+00 2.000E+05 1.622E+06 2.593E+04 7.775E+05
3.14146159E+01   7494.5 3.135E+03 5.563E+13 1.138E+00 2.947E+00 2.000E+05 2.391E+07 8.541E+04 7.831E+05
3.18724971E+01   7982.0 3.179E+03 1.056E+14 2.527E+00 6.172E+00 2.000E+05 4.321E+08 1.893E+05 7.998E+05
3.21612892E+01   8418.2 3.206E+03 1.736E+14 4.983E+00 8.991E+00 2.000E+05 1.630E+09 4.826E+05 8.243E+05
3.23828524E+01   8717.0 3.226E+03 2.348E+14 7.713E+00 8.506E+00 2.000E+05 3.084E+09 6.126E+05 8.465E+05
3.25912858E+01   8926.5 3.245E+03 2.850E+14 1.028E+01 7.148E+00 2.000E+05 4.084E+09 6.555E+05 8.649E+05
3.28056517E+01   9110.6 3.265E+03 3.339E+14 1.305E+01 6.221E+00 2.000E+05 4.658E+09 6.872E+05 8.829E+05
3.30355479E+01   9274.3 3.287E+03 3.808E+14 1.595E+01 5.453E+00 2.000E+05 5.017E+09 7.003E+05 9.005E+05
3.32894682E+01   9431.7 3.311E+03 4.285E+14 1.908E+01 5.030E+00 2.000E+05 5.213E+09 7.195E+05 9.187E+05
3.35741695E+01   9591.4 3.338E+03 4.790E+14 2.258E+01 4.862E+00 2.000E+05 5.331E+09 7.377E+05 9.481E+05
3.38955521E+01   9761.0 3.369E+03 5.342E+14 2.663E+01 4.480E+00 2.000E+05 5.450E+09 7.441E+05 9.611E+05
3.42640712E+01   9917.1 3.404E+03 5.861E+14 3.060E+01 4.158E+00 2.000E+05 5.518E+09 7.428E+05 9.829E+05
3.46916322E+01  10097.2 3.445E+03 6.456E+14 3.518E+01 4.190E+00 2.000E+05 5.568E+09 7.653E+05 1.009E+06
3.51908644E+01  10288.4 3.493E+03 7.075E+14 3.987E+01 4.120E+00 2.000E+05 5.596E+09 7.728E+05 1.039E+06
3.57814228E+01  10504.6 3.549E+03 7.740E+14 4.483E+01 4.385E+00 2.000E+05 5.618E+09 7.937E+05 1.073E+06
PRADK 1.7319E+00
BEGIN                    ITERATION  15 COMPLETED
