TEFF   7250.  GRAVITY 3.00000 LTE
TITLE  [+0.2] N(He)/Ntot=0.07828 VTURB=2.0  L/H=1.25 NOVER
OPACITY IFOP 1 1 1 1 1 1 1 1 1 1 1 1 1 0 1 0 0 0 0 0
CONVECTION ON   1.25 TURBULENCE OFF  0.00  0.00  0.00  0.00
ABUNDANCE SCALE   1.58489 ABUNDANCE CHANGE 1 0.91970 2 0.07828
ABUNDANCE CHANGE  3 -10.94  4 -10.64  5  -9.49  6  -3.52  7  -4.12  8  -3.21
ABUNDANCE CHANGE  9  -7.48 10  -3.96 11  -5.71 12  -4.46 13  -5.57 14  -4.49
ABUNDANCE CHANGE 15  -6.59 16  -4.71 17  -6.54 18  -5.64 19  -6.92 20  -5.68
ABUNDANCE CHANGE 21  -8.87 22  -7.02 23  -8.04 24  -6.37 25  -6.65 26  -4.54
ABUNDANCE CHANGE 27  -7.12 28  -5.79 29  -7.83 30  -7.44 31  -9.16 32  -8.63
ABUNDANCE CHANGE 33  -9.67 34  -8.63 35  -9.41 36  -8.73 37  -9.44 38  -9.07
ABUNDANCE CHANGE 39  -9.80 40  -9.44 41 -10.62 42 -10.12 43 -20.00 44 -10.20
ABUNDANCE CHANGE 45 -10.92 46 -10.35 47 -11.10 48 -10.27 49 -10.38 50 -10.04
ABUNDANCE CHANGE 51 -11.04 52  -9.80 53 -10.53 54  -9.87 55 -10.91 56  -9.91
ABUNDANCE CHANGE 57 -10.87 58 -10.46 59 -11.33 60 -10.54 61 -20.00 62 -11.03
ABUNDANCE CHANGE 63 -11.53 64 -10.92 65 -11.69 66 -10.90 67 -11.78 68 -11.11
ABUNDANCE CHANGE 69 -12.04 70 -10.96 71 -11.98 72 -11.16 73 -12.17 74 -10.93
ABUNDANCE CHANGE 75 -11.76 76 -10.59 77 -10.69 78 -10.24 79 -11.03 80 -10.91
ABUNDANCE CHANGE 81 -11.14 82 -10.09 83 -11.33 84 -20.00 85 -20.00 86 -20.00
ABUNDANCE CHANGE 87 -20.00 88 -20.00 89 -20.00 90 -11.95 91 -20.00 92 -12.54
ABUNDANCE CHANGE 93 -20.00 94 -20.00 95 -20.00 96 -20.00 97 -20.00 98 -20.00
ABUNDANCE CHANGE 99 -20.00
READ DECK6 72 RHOX,T,P,XNE,ABROSS,ACCRAD,VTURB, FLXCNV,VCONV,VELSND
2.37273222E-04   4469.9 2.372E-01 4.149E+08 5.620E-04 2.223E-01 2.000E+05 0.000E+00 0.000E+00 3.025E+06
3.17871427E-04   4486.1 3.178E-01 5.165E+08 5.416E-04 2.264E-01 2.000E+05 0.000E+00 0.000E+00 2.668E+06
4.28731956E-04   4505.5 4.287E-01 6.524E+08 5.283E-04 2.284E-01 2.000E+05 0.000E+00 0.000E+00 2.348E+06
5.79193852E-04   4528.5 5.791E-01 8.340E+08 5.229E-04 2.299E-01 2.000E+05 0.000E+00 0.000E+00 2.069E+06
7.80544676E-04   4554.8 7.804E-01 1.076E+09 5.256E-04 2.309E-01 2.000E+05 0.000E+00 0.000E+00 1.830E+06
1.04595759E-03   4583.6 1.046E+00 1.393E+09 5.347E-04 2.292E-01 2.000E+05 0.000E+00 0.000E+00 1.628E+06
1.39187194E-03   4614.6 1.392E+00 1.807E+09 5.500E-04 2.246E-01 2.000E+05 0.000E+00 0.000E+00 1.460E+06
1.83754467E-03   4647.3 1.837E+00 2.343E+09 5.726E-04 2.191E-01 2.000E+05 0.000E+00 0.000E+00 1.322E+06
2.40491315E-03   4681.5 2.404E+00 3.033E+09 6.031E-04 2.129E-01 2.000E+05 0.000E+00 0.000E+00 1.208E+06
3.11930847E-03   4716.7 3.119E+00 3.912E+09 6.420E-04 2.061E-01 2.000E+05 0.000E+00 0.000E+00 1.115E+06
4.00958165E-03   4752.6 4.009E+00 5.022E+09 6.904E-04 1.999E-01 2.000E+05 0.000E+00 0.000E+00 1.040E+06
5.10856386E-03   4788.8 5.108E+00 6.411E+09 7.489E-04 1.935E-01 2.000E+05 0.000E+00 0.000E+00 9.791E+05
6.45074341E-03   4825.4 6.450E+00 8.139E+09 8.226E-04 1.907E-01 2.000E+05 0.000E+00 0.000E+00 9.303E+05
8.07421273E-03   4861.8 8.073E+00 1.026E+10 9.096E-04 1.877E-01 2.000E+05 0.000E+00 0.000E+00 8.912E+05
1.00264885E-02   4898.1 1.002E+01 1.286E+10 1.011E-03 1.848E-01 2.000E+05 0.000E+00 0.000E+00 8.600E+05
1.23608445E-02   4934.1 1.236E+01 1.601E+10 1.131E-03 1.832E-01 2.000E+05 0.000E+00 0.000E+00 8.349E+05
1.51379923E-02   4970.0 1.514E+01 1.983E+10 1.270E-03 1.816E-01 2.000E+05 0.000E+00 0.000E+00 8.150E+05
1.84284035E-02   5005.9 1.843E+01 2.445E+10 1.433E-03 1.801E-01 2.000E+05 0.000E+00 0.000E+00 7.990E+05
2.23098005E-02   5041.9 2.231E+01 3.001E+10 1.623E-03 1.795E-01 2.000E+05 0.000E+00 0.000E+00 7.863E+05
2.68693165E-02   5078.0 2.686E+01 3.670E+10 1.846E-03 1.791E-01 2.000E+05 0.000E+00 0.000E+00 7.762E+05
3.22072495E-02   5114.3 3.220E+01 4.474E+10 2.106E-03 1.790E-01 2.000E+05 0.000E+00 0.000E+00 7.682E+05
3.84355359E-02   5151.1 3.843E+01 5.439E+10 2.411E-03 1.799E-01 2.000E+05 0.000E+00 0.000E+00 7.620E+05
4.56816477E-02   5188.1 4.567E+01 6.596E+10 2.766E-03 1.808E-01 2.000E+05 0.000E+00 0.000E+00 7.571E+05
5.40939408E-02   5225.6 5.409E+01 7.981E+10 3.180E-03 1.818E-01 2.000E+05 0.000E+00 0.000E+00 7.534E+05
6.38449051E-02   5263.3 6.383E+01 9.633E+10 3.661E-03 1.829E-01 2.000E+05 0.000E+00 0.000E+00 7.506E+05
7.51339638E-02   5301.4 7.512E+01 1.160E+11 4.219E-03 1.843E-01 2.000E+05 0.000E+00 0.000E+00 7.486E+05
8.81902226E-02   5339.8 8.818E+01 1.395E+11 4.867E-03 1.859E-01 2.000E+05 0.000E+00 0.000E+00 7.472E+05
1.03275448E-01   5378.5 1.033E+02 1.675E+11 5.620E-03 1.881E-01 2.000E+05 0.000E+00 0.000E+00 7.464E+05
1.20674401E-01   5417.6 1.207E+02 2.008E+11 6.505E-03 1.923E-01 2.000E+05 0.000E+00 0.000E+00 7.459E+05
1.40707340E-01   5457.4 1.407E+02 2.405E+11 7.538E-03 1.969E-01 2.000E+05 0.000E+00 0.000E+00 7.459E+05
1.63756397E-01   5497.6 1.637E+02 2.877E+11 8.738E-03 2.019E-01 2.000E+05 0.000E+00 0.000E+00 7.461E+05
1.90264383E-01   5538.4 1.902E+02 3.439E+11 1.013E-02 2.076E-01 2.000E+05 0.000E+00 0.000E+00 7.466E+05
2.20747427E-01   5579.4 2.207E+02 4.106E+11 1.175E-02 2.139E-01 2.000E+05 0.000E+00 0.000E+00 7.473E+05
2.55810239E-01   5620.7 2.558E+02 4.894E+11 1.362E-02 2.212E-01 2.000E+05 0.000E+00 0.000E+00 7.483E+05
2.96160127E-01   5662.2 2.961E+02 5.826E+11 1.578E-02 2.295E-01 2.000E+05 0.000E+00 0.000E+00 7.493E+05
3.42613501E-01   5703.7 3.425E+02 6.925E+11 1.827E-02 2.396E-01 2.000E+05 0.000E+00 0.000E+00 7.506E+05
3.96104252E-01   5745.6 3.960E+02 8.223E+11 2.116E-02 2.518E-01 2.000E+05 0.000E+00 0.000E+00 7.519E+05
4.57676227E-01   5787.8 4.576E+02 9.758E+11 2.453E-02 2.667E-01 2.000E+05 0.000E+00 0.000E+00 7.534E+05
5.28491770E-01   5830.7 5.284E+02 1.158E+12 2.845E-02 2.845E-01 2.000E+05 0.000E+00 0.000E+00 7.549E+05
6.09883731E-01   5874.5 6.097E+02 1.374E+12 3.302E-02 3.054E-01 2.000E+05 0.000E+00 0.000E+00 7.566E+05
7.03334095E-01   5919.6 7.032E+02 1.633E+12 3.838E-02 3.302E-01 2.000E+05 0.000E+00 0.000E+00 7.583E+05
8.10442511E-01   5966.5 8.102E+02 1.945E+12 4.470E-02 3.599E-01 2.000E+05 0.000E+00 0.000E+00 7.601E+05
9.32889483E-01   6015.9 9.326E+02 2.323E+12 5.223E-02 3.958E-01 2.000E+05 0.000E+00 0.000E+00 7.619E+05
1.07232665E+00   6068.7 1.072E+03 2.788E+12 6.132E-02 4.402E-01 2.000E+05 0.000E+00 0.000E+00 7.637E+05
1.23020416E+00   6126.1 1.230E+03 3.369E+12 7.246E-02 4.957E-01 2.000E+05 0.000E+00 0.000E+00 7.655E+05
1.40760353E+00   6189.6 1.407E+03 4.106E+12 8.638E-02 5.664E-01 2.000E+05 0.000E+00 0.000E+00 7.674E+05
1.60487348E+00   6260.9 1.604E+03 5.061E+12 1.042E-01 6.592E-01 2.000E+05 0.000E+00 0.000E+00 7.691E+05
1.82135143E+00   6342.6 1.821E+03 6.329E+12 1.276E-01 7.822E-01 2.000E+05 0.000E+00 0.000E+00 7.707E+05
2.05505595E+00   6437.4 2.054E+03 8.060E+12 1.591E-01 9.498E-01 2.000E+05 0.000E+00 0.000E+00 7.722E+05
2.30231718E+00   6548.6 2.301E+03 1.048E+13 2.029E-01 1.185E+00 2.000E+05 0.000E+00 0.000E+00 7.735E+05
2.55720620E+00   6680.5 2.556E+03 1.399E+13 2.665E-01 1.533E+00 2.000E+05 1.179E-03 0.000E+00 7.747E+05
2.81144220E+00   6837.9 2.809E+03 1.923E+13 3.629E-01 2.067E+00 2.000E+05 1.083E-01 8.876E+01 7.757E+05
3.05530612E+00   7026.7 3.053E+03 2.732E+13 5.158E-01 2.926E+00 2.000E+05 4.084E+00 3.780E+02 7.772E+05
3.27801825E+00   7254.4 3.275E+03 4.022E+13 7.749E-01 4.409E+00 2.000E+05 1.859E+02 1.189E+03 7.798E+05
3.46952273E+00   7528.4 3.465E+03 6.139E+13 1.241E+00 7.121E+00 2.000E+05 1.261E+04 4.025E+03 7.851E+05
3.62303153E+00   7856.8 3.617E+03 9.679E+13 2.141E+00 1.238E+01 2.000E+05 1.062E+06 1.558E+04 7.952E+05
3.73752166E+00   8243.1 3.730E+03 1.556E+14 3.955E+00 2.306E+01 2.000E+05 2.883E+07 6.505E+04 8.132E+05
3.81620319E+00   8713.2 3.806E+03 2.562E+14 7.948E+00 4.560E+01 2.000E+05 2.649E+08 1.857E+05 8.443E+05
3.86824921E+00   9223.6 3.855E+03 4.022E+14 1.555E+01 7.782E+01 2.000E+05 1.429E+09 3.672E+05 8.906E+05
3.90780653E+00   9631.8 3.891E+03 5.408E+14 2.444E+01 9.008E+01 2.000E+05 3.708E+09 6.233E+05 9.378E+05
3.94468679E+00   9948.1 3.924E+03 6.546E+14 3.275E+01 8.547E+01 2.000E+05 5.947E+09 7.394E+05 9.803E+05
3.98317071E+00  10225.7 3.960E+03 7.532E+14 4.016E+01 7.983E+01 2.000E+05 7.491E+09 8.138E+05 1.021E+06
4.02595488E+00  10511.9 3.999E+03 8.478E+14 4.731E+01 7.910E+01 2.000E+05 8.346E+09 8.763E+05 1.066E+06
4.07527313E+00  10826.7 4.045E+03 9.380E+14 5.377E+01 8.227E+01 2.000E+05 8.758E+09 9.048E+05 1.116E+06
4.13433357E+00  11196.4 4.098E+03 1.020E+15 5.848E+01 1.087E+02 2.000E+05 8.035E+09 9.830E+05 1.174E+06
4.21097811E+00  11891.7 4.164E+03 1.098E+15 5.629E+01 1.794E+02 2.000E+05 4.786E+09 8.827E+05 1.276E+06
4.33619706E+00  13193.2 4.266E+03 1.094E+15 3.844E+01 1.807E+02 2.000E+05 1.229E+09 1.909E+05 1.455E+06
4.60419947E+00  14694.7 4.494E+03 1.056E+15 2.266E+01 1.177E+02 2.000E+05 6.123E+06 2.962E+04 1.605E+06
5.17877213E+00  16214.6 5.014E+03 1.083E+15 1.530E+01 7.960E+01 2.000E+05 1.995E+04 1.314E+04 1.647E+06
6.20745607E+00  17697.4 5.969E+03 1.201E+15 1.253E+01 6.486E+01 2.000E+05 2.066E+03 5.676E+03 1.754E+06
7.78294083E+00  19258.4 7.448E+03 1.390E+15 1.146E+01 5.926E+01 2.000E+05 1.494E+02 1.495E+03 1.922E+06
1.00067815E+01  20858.6 9.544E+03 1.650E+15 1.103E+01 5.567E+01 2.000E+05 1.472E+02 5.551E+02 2.077E+06
PRADK 3.6920E+00
BEGIN                    ITERATION  15 COMPLETED
