TEFF   4000.  GRAVITY 3.00000 LTE
TITLE  [+0.2] N(He)/Ntot=0.07828 VTURB=2.0  L/H=1.25 NOVER
OPACITY IFOP 1 1 1 1 1 1 1 1 1 1 1 1 1 0 1 0 0 0 0 0
CONVECTION ON   1.25 TURBULENCE OFF  0.00  0.00  0.00  0.00
ABUNDANCE SCALE   1.58489 ABUNDANCE CHANGE 1 0.91970 2 0.07828
ABUNDANCE CHANGE  3 -10.94  4 -10.64  5  -9.49  6  -3.52  7  -4.12  8  -3.21
ABUNDANCE CHANGE  9  -7.48 10  -3.96 11  -5.71 12  -4.46 13  -5.57 14  -4.49
ABUNDANCE CHANGE 15  -6.59 16  -4.71 17  -6.54 18  -5.64 19  -6.92 20  -5.68
ABUNDANCE CHANGE 21  -8.87 22  -7.02 23  -8.04 24  -6.37 25  -6.65 26  -4.54
ABUNDANCE CHANGE 27  -7.12 28  -5.79 29  -7.83 30  -7.44 31  -9.16 32  -8.63
ABUNDANCE CHANGE 33  -9.67 34  -8.63 35  -9.41 36  -8.73 37  -9.44 38  -9.07
ABUNDANCE CHANGE 39  -9.80 40  -9.44 41 -10.62 42 -10.12 43 -20.00 44 -10.20
ABUNDANCE CHANGE 45 -10.92 46 -10.35 47 -11.10 48 -10.27 49 -10.38 50 -10.04
ABUNDANCE CHANGE 51 -11.04 52  -9.80 53 -10.53 54  -9.87 55 -10.91 56  -9.91
ABUNDANCE CHANGE 57 -10.87 58 -10.46 59 -11.33 60 -10.54 61 -20.00 62 -11.03
ABUNDANCE CHANGE 63 -11.53 64 -10.92 65 -11.69 66 -10.90 67 -11.78 68 -11.11
ABUNDANCE CHANGE 69 -12.04 70 -10.96 71 -11.98 72 -11.16 73 -12.17 74 -10.93
ABUNDANCE CHANGE 75 -11.76 76 -10.59 77 -10.69 78 -10.24 79 -11.03 80 -10.91
ABUNDANCE CHANGE 81 -11.14 82 -10.09 83 -11.33 84 -20.00 85 -20.00 86 -20.00
ABUNDANCE CHANGE 87 -20.00 88 -20.00 89 -20.00 90 -11.95 91 -20.00 92 -12.54
ABUNDANCE CHANGE 93 -20.00 94 -20.00 95 -20.00 96 -20.00 97 -20.00 98 -20.00
ABUNDANCE CHANGE 99 -20.00
READ DECK6 72 RHOX,T,P,XNE,ABROSS,ACCRAD,VTURB, FLXCNV,VCONV,VELSND
1.54602310E-03   2475.7 1.546E+00 4.275E+07 8.625E-05 1.580E-02 2.000E+05 0.000E+00 0.000E+00 5.335E+05
2.04377012E-03   2502.1 2.044E+00 5.655E+07 9.245E-05 1.514E-02 2.000E+05 0.000E+00 0.000E+00 5.224E+05
2.65808707E-03   2526.5 2.658E+00 7.350E+07 1.006E-04 1.445E-02 2.000E+05 0.000E+00 0.000E+00 5.143E+05
3.40878817E-03   2549.5 3.409E+00 9.413E+07 1.101E-04 1.368E-02 2.000E+05 0.000E+00 0.000E+00 5.085E+05
4.31868671E-03   2571.6 4.319E+00 1.191E+08 1.218E-04 1.289E-02 2.000E+05 0.000E+00 0.000E+00 5.044E+05
5.42538788E-03   2594.7 5.425E+00 1.499E+08 1.318E-04 1.215E-02 2.000E+05 0.000E+00 0.000E+00 5.020E+05
6.80307445E-03   2619.0 6.803E+00 1.886E+08 1.404E-04 1.147E-02 2.000E+05 0.000E+00 0.000E+00 5.008E+05
8.51841433E-03   2643.4 8.518E+00 2.371E+08 1.512E-04 1.077E-02 2.000E+05 0.000E+00 0.000E+00 5.003E+05
1.06289186E-02   2667.0 1.063E+01 2.967E+08 1.650E-04 1.008E-02 2.000E+05 0.000E+00 0.000E+00 4.999E+05
1.31846184E-02   2689.7 1.318E+01 3.686E+08 1.831E-04 9.431E-03 2.000E+05 0.000E+00 0.000E+00 4.998E+05
1.62686949E-02   2712.5 1.627E+01 4.561E+08 2.010E-04 8.888E-03 2.000E+05 0.000E+00 0.000E+00 5.002E+05
2.00314393E-02   2735.6 2.003E+01 5.635E+08 2.190E-04 8.424E-03 2.000E+05 0.000E+00 0.000E+00 5.008E+05
2.46379629E-02   2759.1 2.464E+01 6.959E+08 2.389E-04 8.014E-03 2.000E+05 0.000E+00 0.000E+00 5.017E+05
3.02204669E-02   2782.0 3.022E+01 8.562E+08 2.653E-04 7.612E-03 2.000E+05 0.000E+00 0.000E+00 5.026E+05
3.68762262E-02   2803.5 3.688E+01 1.046E+09 2.983E-04 7.246E-03 2.000E+05 0.000E+00 0.000E+00 5.032E+05
4.47637889E-02   2824.4 4.476E+01 1.271E+09 3.354E-04 6.946E-03 2.000E+05 0.000E+00 0.000E+00 5.032E+05
5.41482645E-02   2845.2 5.415E+01 1.539E+09 3.746E-04 6.704E-03 2.000E+05 0.000E+00 0.000E+00 5.046E+05
6.53874838E-02   2866.2 6.539E+01 1.861E+09 4.161E-04 6.501E-03 2.000E+05 0.000E+00 0.000E+00 5.054E+05
7.88998572E-02   2887.5 7.890E+01 2.249E+09 4.617E-04 6.326E-03 2.000E+05 0.000E+00 0.000E+00 5.063E+05
9.50202605E-02   2908.8 9.502E+01 2.714E+09 5.198E-04 6.154E-03 2.000E+05 0.000E+00 0.000E+00 5.072E+05
1.14027587E-01   2929.1 1.140E+02 3.258E+09 5.899E-04 5.992E-03 2.000E+05 0.000E+00 0.000E+00 5.079E+05
1.36348642E-01   2949.1 1.363E+02 3.895E+09 6.696E-04 5.858E-03 2.000E+05 0.000E+00 0.000E+00 5.086E+05
1.62652086E-01   2969.1 1.627E+02 4.648E+09 7.551E-04 5.746E-03 2.000E+05 0.000E+00 0.000E+00 5.094E+05
1.93841585E-01   2989.4 1.938E+02 5.543E+09 8.471E-04 5.646E-03 2.000E+05 0.000E+00 0.000E+00 5.102E+05
2.31049560E-01   3010.2 2.310E+02 6.615E+09 9.457E-04 5.556E-03 2.000E+05 0.000E+00 0.000E+00 5.110E+05
2.75298278E-01   3031.4 2.753E+02 7.895E+09 1.065E-03 5.489E-03 2.000E+05 0.000E+00 0.000E+00 5.120E+05
3.27504258E-01   3052.0 3.275E+02 9.399E+09 1.208E-03 5.445E-03 2.000E+05 0.000E+00 0.000E+00 5.128E+05
3.88518654E-01   3071.6 3.885E+02 1.113E+10 1.385E-03 5.437E-03 2.000E+05 0.000E+00 0.000E+00 5.134E+05
4.59669104E-01   3091.0 4.597E+02 1.316E+10 1.578E-03 5.456E-03 2.000E+05 0.000E+00 0.000E+00 5.140E+05
5.43159195E-01   3110.5 5.432E+02 1.552E+10 1.789E-03 5.493E-03 2.000E+05 0.000E+00 0.000E+00 5.145E+05
6.41589693E-01   3130.3 6.416E+02 1.832E+10 2.019E-03 5.543E-03 2.000E+05 0.000E+00 0.000E+00 5.152E+05
7.58212028E-01   3150.6 7.582E+02 2.163E+10 2.270E-03 5.603E-03 2.000E+05 0.000E+00 0.000E+00 5.159E+05
8.96198888E-01   3171.3 8.962E+02 2.557E+10 2.564E-03 5.702E-03 2.000E+05 0.000E+00 0.000E+00 5.166E+05
1.05818226E+00   3191.4 1.058E+03 3.014E+10 2.929E-03 5.864E-03 2.000E+05 0.000E+00 0.000E+00 5.172E+05
1.24668686E+00   3210.7 1.247E+03 3.540E+10 3.364E-03 6.079E-03 2.000E+05 0.000E+00 0.000E+00 5.177E+05
1.46617906E+00   3230.5 1.466E+03 4.154E+10 3.838E-03 6.312E-03 2.000E+05 0.000E+00 0.000E+00 5.182E+05
1.72348270E+00   3251.1 1.723E+03 4.880E+10 4.354E-03 6.556E-03 2.000E+05 0.000E+00 0.000E+00 5.189E+05
2.02667396E+00   3272.6 2.027E+03 5.742E+10 4.916E-03 6.813E-03 2.000E+05 0.000E+00 0.000E+00 5.198E+05
2.38573848E+00   3295.3 2.386E+03 6.774E+10 5.527E-03 7.086E-03 2.000E+05 0.000E+00 0.000E+00 5.209E+05
2.81113037E+00   3319.4 2.811E+03 8.017E+10 6.232E-03 7.425E-03 2.000E+05 0.000E+00 0.000E+00 5.223E+05
3.31140644E+00   3344.4 3.311E+03 9.496E+10 7.102E-03 7.892E-03 2.000E+05 0.000E+00 0.000E+00 5.237E+05
3.89600276E+00   3370.5 3.896E+03 1.126E+11 8.113E-03 8.437E-03 2.000E+05 0.000E+00 0.000E+00 5.254E+05
4.58049600E+00   3399.6 4.580E+03 1.342E+11 9.202E-03 9.017E-03 2.000E+05 0.000E+00 0.000E+00 5.277E+05
5.38728002E+00   3432.2 5.387E+03 1.610E+11 1.038E-02 9.660E-03 2.000E+05 0.000E+00 0.000E+00 5.307E+05
6.34400668E+00   3470.6 6.344E+03 1.956E+11 1.162E-02 1.031E-02 2.000E+05 0.000E+00 0.000E+00 5.348E+05
7.51457712E+00   3510.4 7.515E+03 2.391E+11 1.241E-02 1.037E-02 2.000E+05 0.000E+00 0.000E+00 5.389E+05
8.96295036E+00   3552.8 8.963E+03 2.951E+11 1.351E-02 1.087E-02 2.000E+05 0.000E+00 0.000E+00 5.433E+05
1.07136289E+01   3599.7 1.071E+04 3.679E+11 1.515E-02 1.178E-02 2.000E+05 0.000E+00 0.000E+00 5.484E+05
1.27010507E+01   3662.1 1.270E+04 4.709E+11 1.877E-02 1.390E-02 2.000E+05 0.000E+00 0.000E+00 5.568E+05
1.47520987E+01   3731.8 1.475E+04 6.030E+11 2.504E-02 1.778E-02 2.000E+05 0.000E+00 0.000E+00 5.671E+05
1.67716702E+01   3819.7 1.677E+04 7.898E+11 3.380E-02 2.327E-02 2.000E+05 0.000E+00 0.000E+00 5.815E+05
1.88320416E+01   3920.9 1.883E+04 1.050E+12 4.308E-02 2.774E-02 2.000E+05 0.000E+00 0.000E+00 5.984E+05
2.09814153E+01   4032.7 2.098E+04 1.405E+12 5.562E-02 3.375E-02 2.000E+05 8.051E+00 0.000E+00 6.167E+05
2.31858360E+01   4158.5 2.319E+04 1.890E+12 7.265E-02 4.162E-02 2.000E+05 3.409E+02 7.762E+02 6.359E+05
2.54452557E+01   4299.8 2.544E+04 2.534E+12 9.409E-02 5.099E-02 2.000E+05 3.709E+03 2.665E+03 6.552E+05
2.77699456E+01   4459.4 2.777E+04 3.358E+12 1.211E-01 6.310E-02 2.000E+05 1.669E+04 5.611E+03 6.739E+05
3.02370543E+01   4641.8 3.024E+04 4.370E+12 1.491E-01 7.516E-02 2.000E+05 3.851E+04 8.370E+03 6.927E+05
3.30168418E+01   4845.6 3.302E+04 5.541E+12 1.701E-01 8.253E-02 2.000E+05 5.764E+04 9.429E+03 7.126E+05
3.62967643E+01   5076.9 3.630E+04 6.899E+12 1.911E-01 9.152E-02 2.000E+05 8.148E+04 9.872E+03 7.344E+05
4.02091153E+01   5339.6 4.021E+04 8.697E+12 2.132E-01 1.014E-01 2.000E+05 2.994E+05 1.187E+04 7.565E+05
4.47066336E+01   5640.3 4.470E+04 1.216E+13 2.619E-01 1.245E-01 2.000E+05 4.054E+06 2.227E+04 7.777E+05
4.91909377E+01   5978.0 4.919E+04 2.037E+13 3.829E-01 1.780E-01 2.000E+05 3.040E+07 5.557E+04 7.971E+05
5.29942355E+01   6342.8 5.299E+04 3.865E+13 6.359E-01 2.731E-01 2.000E+05 1.191E+08 1.016E+05 8.137E+05
5.60029590E+01   6699.2 5.600E+04 7.231E+13 1.071E+00 3.821E-01 2.000E+05 2.960E+08 1.443E+05 8.251E+05
5.84454649E+01   7018.1 5.844E+04 1.232E+14 1.704E+00 4.515E-01 2.000E+05 5.194E+08 1.759E+05 8.315E+05
6.05812321E+01   7284.4 6.057E+04 1.876E+14 2.496E+00 4.640E-01 2.000E+05 7.092E+08 1.902E+05 8.349E+05
6.25940542E+01   7509.8 6.259E+04 2.633E+14 3.427E+00 4.553E-01 2.000E+05 8.381E+08 1.953E+05 8.369E+05
6.45911723E+01   7709.5 6.458E+04 3.509E+14 4.522E+00 4.395E-01 2.000E+05 9.223E+08 1.968E+05 8.386E+05
6.66372863E+01   7892.5 6.663E+04 4.521E+14 5.812E+00 4.188E-01 2.000E+05 9.829E+08 1.951E+05 8.404E+05
6.87857326E+01   8061.9 6.878E+04 5.671E+14 7.309E+00 4.010E-01 2.000E+05 1.025E+09 1.944E+05 8.420E+05
7.10701007E+01   8228.1 7.106E+04 7.031E+14 9.129E+00 3.781E-01 2.000E+05 1.055E+09 1.892E+05 8.449E+05
7.35353655E+01   8379.4 7.352E+04 8.512E+14 1.116E+01 3.877E-01 2.000E+05 1.073E+09 1.890E+05 8.476E+05
PRADK 3.4093E-01
BEGIN                    ITERATION  15 COMPLETED
