
       Teff log g  [M]a Vturb  l/H  E(B-V)    U       B       V      BOL     BC      U-B     B-V(J)  B-V(H) 
    1  3500  0.00  0.20  2.00  1.25  0.00  -9.261 -11.417 -12.381 -22.077  -2.724   1.798   1.567   1.551
    2  3500  0.50  0.20  2.00  1.25  0.00  -9.567 -11.431 -12.252 -22.077  -2.853   1.497   1.424   1.408
    3  3500  1.00  0.20  2.00  1.25  0.00  -9.882 -11.473 -12.152 -22.077  -2.953   1.214   1.283   1.267
    4  3500  1.50  0.20  2.00  1.25  0.00 -10.205 -11.541 -12.079 -22.077  -3.026   0.948   1.142   1.126
    5  3500  2.00  0.20  2.00  1.25  0.00 -10.535 -11.646 -12.045 -22.077  -3.060   0.714   1.002   0.986
    6  3500  2.50  0.20  2.00  1.25  0.00 -10.864 -11.790 -12.059 -22.077  -3.046   0.520   0.873   0.857
    7  3500  3.00  0.20  2.00  1.25  0.00 -11.169 -11.969 -12.137 -22.077  -2.968   0.390   0.771   0.755
    8  3500  3.50  0.20  2.00  1.25  0.00 -11.435 -12.178 -12.287 -22.077  -2.818   0.331   0.712   0.696
    9  3500  4.00  0.20  2.00  1.25  0.00 -11.657 -12.400 -12.506 -22.077  -2.599   0.333   0.709   0.693
   10  3500  4.50  0.20  2.00  1.25  0.00 -11.843 -12.616 -12.762 -22.077  -2.343   0.366   0.750   0.734
   11  3500  5.00  0.20  2.00  1.25  0.00 -11.962 -12.780 -12.988 -22.077  -2.117   0.416   0.811   0.795
   12  3750  0.00  0.20  2.00  1.25  0.00  -9.931 -12.579 -13.733 -22.376  -1.671   2.304   1.757   1.741
   13  3750  0.50  0.20  2.00  1.25  0.00 -10.209 -12.621 -13.676 -22.376  -1.729   2.063   1.658   1.642
   14  3750  1.00  0.20  2.00  1.25  0.00 -10.489 -12.673 -13.619 -22.376  -1.786   1.828   1.550   1.534
   15  3750  1.50  0.20  2.00  1.25  0.00 -10.781 -12.738 -13.563 -22.376  -1.841   1.595   1.429   1.413
   16  3750  2.00  0.20  2.00  1.25  0.00 -11.074 -12.806 -13.509 -22.376  -1.895   1.363   1.307   1.291
   17  3750  2.50  0.20  2.00  1.25  0.00 -11.363 -12.878 -13.457 -22.376  -1.948   1.139   1.182   1.166
   18  3750  3.00  0.20  2.00  1.25  0.00 -11.620 -12.939 -13.407 -22.376  -1.997   0.936   1.071   1.055
   19  3750  3.50  0.20  2.00  1.25  0.00 -11.838 -13.004 -13.379 -22.376  -2.025   0.778   0.979   0.963
   20  3750  4.00  0.20  2.00  1.25  0.00 -12.024 -13.083 -13.394 -22.376  -2.011   0.667   0.914   0.898
   21  3750  4.50  0.20  2.00  1.25  0.00 -12.180 -13.184 -13.475 -22.376  -1.929   0.611   0.894   0.878
   22  3750  5.00  0.20  2.00  1.25  0.00 -12.307 -13.296 -13.612 -22.376  -1.792   0.597   0.920   0.904
   23  4000  0.00  0.20  2.00  1.25  0.00 -10.724 -13.427 -14.522 -22.656  -1.162   2.361   1.699   1.683
   24  4000  0.50  0.20  2.00  1.25  0.00 -10.971 -13.467 -14.502 -22.656  -1.183   2.151   1.638   1.622
   25  4000  1.00  0.20  2.00  1.25  0.00 -11.219 -13.514 -14.481 -22.656  -1.204   1.945   1.570   1.554
   26  4000  1.50  0.20  2.00  1.25  0.00 -11.481 -13.582 -14.464 -22.656  -1.221   1.747   1.486   1.470
   27  4000  2.00  0.20  2.00  1.25  0.00 -11.737 -13.649 -14.443 -22.656  -1.241   1.553   1.398   1.382
   28  4000  2.50  0.20  2.00  1.25  0.00 -11.976 -13.714 -14.418 -22.656  -1.267   1.373   1.307   1.291
   29  4000  3.00  0.20  2.00  1.25  0.00 -12.182 -13.760 -14.380 -22.656  -1.304   1.208   1.224   1.208
   30  4000  3.50  0.20  2.00  1.25  0.00 -12.347 -13.791 -14.337 -22.656  -1.348   1.069   1.150   1.134
   31  4000  4.00  0.20  2.00  1.25  0.00 -12.480 -13.814 -14.298 -22.656  -1.387   0.956   1.087   1.071
   32  4000  4.50  0.20  2.00  1.25  0.00 -12.591 -13.839 -14.280 -22.656  -1.405   0.867   1.044   1.028
   33  4000  5.00  0.20  2.00  1.25  0.00 -12.688 -13.874 -14.308 -22.656  -1.376   0.804   1.038   1.022
   34  4250  0.00  0.20  2.00  1.25  0.00 -11.728 -14.139 -15.094 -22.920  -0.854   2.066   1.559   1.543
   35  4250  0.50  0.20  2.00  1.25  0.00 -11.925 -14.173 -15.082 -22.920  -0.866   1.901   1.512   1.496
   36  4250  1.00  0.20  2.00  1.25  0.00 -12.128 -14.212 -15.069 -22.920  -0.878   1.732   1.461   1.445
   37  4250  1.50  0.20  2.00  1.25  0.00 -12.340 -14.266 -15.063 -22.920  -0.885   1.571   1.400   1.384
   38  4250  2.00  0.20  2.00  1.25  0.00 -12.552 -14.328 -15.058 -22.920  -0.890   1.416   1.333   1.317
   39  4250  2.50  0.20  2.00  1.25  0.00 -12.728 -14.381 -15.050 -22.920  -0.898   1.290   1.273   1.257
   40  4250  3.00  0.20  2.00  1.25  0.00 -12.874 -14.423 -15.036 -22.920  -0.912   1.182   1.217   1.201
   41  4250  3.50  0.20  2.00  1.25  0.00 -12.977 -14.442 -15.010 -22.920  -0.938   1.096   1.172   1.156
   42  4250  4.00  0.20  2.00  1.25  0.00 -13.049 -14.450 -14.981 -22.920  -0.967   1.029   1.134   1.118
   43  4250  4.50  0.20  2.00  1.25  0.00 -13.103 -14.450 -14.950 -22.920  -0.998   0.972   1.104   1.088
   44  4250  5.00  0.20  2.00  1.25  0.00 -13.153 -14.448 -14.930 -22.920  -1.018   0.920   1.085   1.069
   45  4500  0.00  0.20  2.00  1.25  0.00 -12.671 -14.742 -15.559 -23.168  -0.638   1.722   1.420   1.404
   46  4500  0.50  0.20  2.00  1.25  0.00 -12.826 -14.774 -15.549 -23.168  -0.647   1.596   1.378   1.362
   47  4500  1.00  0.20  2.00  1.25  0.00 -12.984 -14.804 -15.538 -23.168  -0.658   1.465   1.337   1.321
   48  4500  1.50  0.20  2.00  1.25  0.00 -13.152 -14.843 -15.529 -23.168  -0.667   1.332   1.289   1.273
   49  4500  2.00  0.20  2.00  1.25  0.00 -13.326 -14.895 -15.525 -23.168  -0.671   1.208   1.233   1.217
   50  4500  2.50  0.20  2.00  1.25  0.00 -13.472 -14.943 -15.521 -23.168  -0.675   1.105   1.182   1.166
   51  4500  3.00  0.20  2.00  1.25  0.00 -13.579 -14.980 -15.516 -23.168  -0.680   1.034   1.139   1.123
   52  4500  3.50  0.20  2.00  1.25  0.00 -13.647 -15.000 -15.503 -23.168  -0.693   0.983   1.107   1.091
   53  4500  4.00  0.20  2.00  1.25  0.00 -13.681 -15.004 -15.485 -23.168  -0.711   0.952   1.085   1.069
   54  4500  4.50  0.20  2.00  1.25  0.00 -13.692 -14.998 -15.464 -23.168  -0.732   0.933   1.069   1.053
   55  4500  5.00  0.20  2.00  1.25  0.00 -13.694 -14.984 -15.441 -23.168  -0.755   0.916   1.060   1.044
   56  4750  0.00  0.20  2.00  1.25  0.00 -13.488 -15.275 -15.954 -23.403  -0.477   1.432   1.283   1.267
   57  4750  0.50  0.20  2.00  1.25  0.00 -13.624 -15.307 -15.947 -23.403  -0.484   1.325   1.244   1.228
   58  4750  1.00  0.20  2.00  1.25  0.00 -13.756 -15.333 -15.938 -23.403  -0.493   1.217   1.208   1.192
   59  4750  1.50  0.20  2.00  1.25  0.00 -13.892 -15.362 -15.929 -23.403  -0.502   1.107   1.171   1.155
   60  4750  2.00  0.20  2.00  1.25  0.00 -14.030 -15.399 -15.923 -23.403  -0.507   1.003   1.128   1.112
   61  4750  2.50  0.20  2.00  1.25  0.00 -14.155 -15.438 -15.919 -23.403  -0.512   0.915   1.085   1.069
   62  4750  3.00  0.20  2.00  1.25  0.00 -14.246 -15.470 -15.915 -23.403  -0.516   0.853   1.049   1.033
   63  4750  3.50  0.20  2.00  1.25  0.00 -14.307 -15.492 -15.908 -23.403  -0.523   0.813   1.019   1.003
   64  4750  4.00  0.20  2.00  1.25  0.00 -14.333 -15.500 -15.896 -23.403  -0.535   0.794   0.999   0.983
   65  4750  4.50  0.20  2.00  1.25  0.00 -14.330 -15.497 -15.881 -23.403  -0.550   0.792   0.988   0.972
   66  4750  5.00  0.20  2.00  1.25  0.00 -14.307 -15.484 -15.865 -23.403  -0.566   0.802   0.984   0.968
   67  5000  0.00  0.20  2.00  1.25  0.00 -14.207 -15.759 -16.302 -23.626  -0.352   1.191   1.146   1.130
   68  5000  0.50  0.20  2.00  1.25  0.00 -14.339 -15.789 -16.294 -23.626  -0.359   1.087   1.109   1.093
   69  5000  1.00  0.20  2.00  1.25  0.00 -14.459 -15.813 -16.286 -23.626  -0.368   0.988   1.076   1.060
   70  5000  1.50  0.20  2.00  1.25  0.00 -14.572 -15.835 -16.278 -23.626  -0.376   0.894   1.046   1.030
   71  5000  2.00  0.20  2.00  1.25  0.00 -14.682 -15.859 -16.270 -23.626  -0.383   0.806   1.015   0.999
   72  5000  2.50  0.20  2.00  1.25  0.00 -14.781 -15.885 -16.265 -23.626  -0.389   0.731   0.983   0.967
   73  5000  3.00  0.20  2.00  1.25  0.00 -14.859 -15.908 -16.260 -23.626  -0.394   0.675   0.955   0.939
   74  5000  3.50  0.20  2.00  1.25  0.00 -14.912 -15.926 -16.254 -23.626  -0.399   0.638   0.931   0.915
   75  5000  4.00  0.20  2.00  1.25  0.00 -14.941 -15.937 -16.246 -23.626  -0.407   0.619   0.913   0.897
   76  5000  4.50  0.20  2.00  1.25  0.00 -14.947 -15.939 -16.236 -23.626  -0.418   0.615   0.900   0.884
   77  5000  5.00  0.20  2.00  1.25  0.00 -14.929 -15.933 -16.224 -23.626  -0.430   0.627   0.894   0.878
   78  5250  0.00  0.20  2.00  1.25  0.00 -14.839 -16.207 -16.615 -23.837  -0.251   1.001   1.012   0.996
   79  5250  0.50  0.20  2.00  1.25  0.00 -14.960 -16.229 -16.605 -23.837  -0.261   0.901   0.979   0.963
   80  5250  1.00  0.20  2.00  1.25  0.00 -15.070 -16.248 -16.595 -23.837  -0.270   0.806   0.951   0.935
   81  5250  1.50  0.20  2.00  1.25  0.00 -15.171 -16.263 -16.586 -23.837  -0.280   0.719   0.926   0.910
   82  5250  2.00  0.20  2.00  1.25  0.00 -15.263 -16.278 -16.577 -23.837  -0.289   0.640   0.902   0.886
   83  5250  2.50  0.20  2.00  1.25  0.00 -15.342 -16.293 -16.569 -23.837  -0.296   0.573   0.880   0.864
   84  5250  3.00  0.20  2.00  1.25  0.00 -15.405 -16.306 -16.563 -23.837  -0.302   0.521   0.861   0.845
   85  5250  3.50  0.20  2.00  1.25  0.00 -15.450 -16.316 -16.558 -23.837  -0.308   0.486   0.845   0.829
   86  5250  4.00  0.20  2.00  1.25  0.00 -15.477 -16.323 -16.552 -23.837  -0.314   0.466   0.832   0.816
   87  5250  4.50  0.20  2.00  1.25  0.00 -15.486 -16.326 -16.544 -23.837  -0.321   0.460   0.822   0.806
   88  5250  5.00  0.20  2.00  1.25  0.00 -15.477 -16.325 -16.536 -23.837  -0.329   0.468   0.815   0.799
   89  5500  0.00  0.20  2.00  1.25  0.00 -15.407 -16.624 -16.900 -24.039  -0.168   0.844   0.879   0.863
   90  5500  0.50  0.20  2.00  1.25  0.00 -15.504 -16.635 -16.887 -24.039  -0.181   0.756   0.856   0.840
   91  5500  1.00  0.20  2.00  1.25  0.00 -15.598 -16.645 -16.875 -24.039  -0.193   0.670   0.834   0.818
   92  5500  1.50  0.20  2.00  1.25  0.00 -15.687 -16.653 -16.863 -24.039  -0.204   0.588   0.814   0.798
   93  5500  2.00  0.20  2.00  1.25  0.00 -15.767 -16.660 -16.853 -24.039  -0.215   0.513   0.796   0.780
   94  5500  2.50  0.20  2.00  1.25  0.00 -15.835 -16.666 -16.843 -24.039  -0.225   0.449   0.780   0.764
   95  5500  3.00  0.20  2.00  1.25  0.00 -15.890 -16.670 -16.835 -24.039  -0.233   0.397   0.768   0.752
   96  5500  3.50  0.20  2.00  1.25  0.00 -15.929 -16.673 -16.828 -24.039  -0.239   0.360   0.759   0.743
   97  5500  4.00  0.20  2.00  1.25  0.00 -15.954 -16.674 -16.822 -24.039  -0.245   0.336   0.752   0.736
   98  5500  4.50  0.20  2.00  1.25  0.00 -15.964 -16.674 -16.817 -24.039  -0.251   0.325   0.747   0.731
   99  5500  5.00  0.20  2.00  1.25  0.00 -15.959 -16.672 -16.811 -24.039  -0.256   0.329   0.743   0.727
  100  5750  0.00  0.20  2.00  1.25  0.00 -15.923 -17.015 -17.160 -24.233  -0.101   0.713   0.748   0.732
  101  5750  0.50  0.20  2.00  1.25  0.00 -15.986 -17.011 -17.145 -24.233  -0.116   0.644   0.737   0.721
  102  5750  1.00  0.20  2.00  1.25  0.00 -16.060 -17.010 -17.131 -24.233  -0.130   0.569   0.724   0.708
  103  5750  1.50  0.20  2.00  1.25  0.00 -16.134 -17.011 -17.117 -24.233  -0.143   0.493   0.710   0.694
  104  5750  2.00  0.20  2.00  1.25  0.00 -16.202 -17.010 -17.105 -24.233  -0.156   0.423   0.698   0.682
  105  5750  2.50  0.20  2.00  1.25  0.00 -16.263 -17.008 -17.093 -24.233  -0.168   0.359   0.688   0.672
  106  5750  3.00  0.20  2.00  1.25  0.00 -16.313 -17.005 -17.083 -24.233  -0.178   0.305   0.681   0.665
  107  5750  3.50  0.20  2.00  1.25  0.00 -16.351 -17.001 -17.074 -24.233  -0.187   0.262   0.676   0.660
  108  5750  4.00  0.20  2.00  1.25  0.00 -16.377 -16.996 -17.067 -24.233  -0.194   0.231   0.674   0.658
  109  5750  4.50  0.20  2.00  1.25  0.00 -16.390 -16.991 -17.061 -24.233  -0.200   0.214   0.673   0.657
  110  5750  5.00  0.20  2.00  1.25  0.00 -16.389 -16.987 -17.056 -24.233  -0.204   0.210   0.673   0.657
  111  6000  0.00  0.20  2.00  1.25  0.00 -16.397 -17.383 -17.393 -24.417  -0.052   0.601   0.614   0.598
  112  6000  0.50  0.20  2.00  1.25  0.00 -16.420 -17.361 -17.379 -24.417  -0.066   0.556   0.622   0.606
  113  6000  1.00  0.20  2.00  1.25  0.00 -16.468 -17.349 -17.365 -24.417  -0.080   0.495   0.619   0.603
  114  6000  1.50  0.20  2.00  1.25  0.00 -16.525 -17.341 -17.351 -24.417  -0.095   0.428   0.613   0.597
  115  6000  2.00  0.20  2.00  1.25  0.00 -16.581 -17.332 -17.337 -24.417  -0.109   0.362   0.608   0.592
  116  6000  2.50  0.20  2.00  1.25  0.00 -16.634 -17.323 -17.323 -24.417  -0.122   0.299   0.604   0.588
  117  6000  3.00  0.20  2.00  1.25  0.00 -16.680 -17.314 -17.311 -24.417  -0.135   0.243   0.601   0.585
  118  6000  3.50  0.20  2.00  1.25  0.00 -16.718 -17.303 -17.300 -24.417  -0.146   0.194   0.600   0.584
  119  6000  4.00  0.20  2.00  1.25  0.00 -16.747 -17.293 -17.290 -24.417  -0.155   0.155   0.601   0.585
  120  6000  4.50  0.20  2.00  1.25  0.00 -16.764 -17.283 -17.283 -24.417  -0.162   0.128   0.603   0.587
  121  6000  5.00  0.20  2.00  1.25  0.00 -16.770 -17.275 -17.278 -24.417  -0.168   0.114   0.607   0.591
  122  6250  0.50  0.20  2.00  1.25  0.00 -16.818 -17.692 -17.591 -24.595  -0.031   0.483   0.503   0.487
  123  6250  1.00  0.20  2.00  1.25  0.00 -16.835 -17.666 -17.580 -24.595  -0.043   0.440   0.518   0.502
  124  6250  1.50  0.20  2.00  1.25  0.00 -16.872 -17.648 -17.566 -24.595  -0.056   0.384   0.522   0.506
  125  6250  2.00  0.20  2.00  1.25  0.00 -16.915 -17.632 -17.552 -24.595  -0.071   0.323   0.523   0.507
  126  6250  2.50  0.20  2.00  1.25  0.00 -16.960 -17.616 -17.537 -24.595  -0.086   0.262   0.525   0.509
  127  6250  3.00  0.20  2.00  1.25  0.00 -17.001 -17.600 -17.523 -24.595  -0.100   0.204   0.527   0.511
  128  6250  3.50  0.20  2.00  1.25  0.00 -17.038 -17.583 -17.510 -24.595  -0.113   0.151   0.530   0.514
  129  6250  4.00  0.20  2.00  1.25  0.00 -17.069 -17.567 -17.498 -24.595  -0.125   0.104   0.534   0.518
  130  6250  4.50  0.20  2.00  1.25  0.00 -17.092 -17.553 -17.489 -24.595  -0.134   0.067   0.539   0.523
  131  6250  5.00  0.20  2.00  1.25  0.00 -17.105 -17.540 -17.481 -24.595  -0.141   0.041   0.545   0.529
  132  6500  0.50  0.20  2.00  1.25  0.00 -17.180 -17.994 -17.786 -24.765  -0.007   0.418   0.396   0.380
  133  6500  1.00  0.20  2.00  1.25  0.00 -17.174 -17.967 -17.775 -24.765  -0.018   0.397   0.412   0.396
  134  6500  1.50  0.20  2.00  1.25  0.00 -17.186 -17.936 -17.765 -24.765  -0.028   0.354   0.433   0.417
  135  6500  2.00  0.20  2.00  1.25  0.00 -17.215 -17.911 -17.751 -24.765  -0.042   0.300   0.444   0.428
  136  6500  2.50  0.20  2.00  1.25  0.00 -17.249 -17.889 -17.736 -24.765  -0.057   0.243   0.451   0.435
  137  6500  3.00  0.20  2.00  1.25  0.00 -17.285 -17.866 -17.720 -24.765  -0.073   0.184   0.458   0.442
  138  6500  3.50  0.20  2.00  1.25  0.00 -17.320 -17.844 -17.705 -24.765  -0.088   0.127   0.465   0.449
  139  6500  4.00  0.20  2.00  1.25  0.00 -17.351 -17.822 -17.692 -24.765  -0.102   0.074   0.473   0.457
  140  6500  4.50  0.20  2.00  1.25  0.00 -17.378 -17.803 -17.680 -24.765  -0.114   0.028   0.481   0.465
  141  6500  5.00  0.20  2.00  1.25  0.00 -17.399 -17.785 -17.670 -24.765  -0.123  -0.010   0.488   0.472
  142  6750  0.50  0.20  2.00  1.25  0.00 -17.510 -18.263 -17.965 -24.929   0.008   0.352   0.306   0.290
  143  6750  1.00  0.20  2.00  1.25  0.00 -17.488 -18.242 -17.955 -24.929  -0.002   0.353   0.317   0.301
  144  6750  1.50  0.20  2.00  1.25  0.00 -17.480 -18.211 -17.946 -24.929  -0.011   0.331   0.338   0.322
  145  6750  2.00  0.20  2.00  1.25  0.00 -17.487 -18.174 -17.936 -24.929  -0.021   0.287   0.365   0.349
  146  6750  2.50  0.20  2.00  1.25  0.00 -17.509 -18.144 -17.922 -24.929  -0.035   0.235   0.381   0.365
  147  6750  3.00  0.20  2.00  1.25  0.00 -17.538 -18.115 -17.905 -24.929  -0.052   0.178   0.394   0.378
  148  6750  3.50  0.20  2.00  1.25  0.00 -17.569 -18.087 -17.889 -24.929  -0.068   0.119   0.405   0.389
  149  6750  4.00  0.20  2.00  1.25  0.00 -17.600 -18.060 -17.873 -24.929  -0.084   0.061   0.416   0.400
  150  6750  4.50  0.20  2.00  1.25  0.00 -17.630 -18.035 -17.858 -24.929  -0.099   0.006   0.427   0.411
  151  6750  5.00  0.20  2.00  1.25  0.00 -17.655 -18.013 -17.846 -24.929  -0.111  -0.042   0.437   0.421
  152  7000  0.50  0.20  2.00  1.25  0.00 -17.812 -18.502 -18.130 -25.087   0.015   0.285   0.231   0.215
  153  7000  1.00  0.20  2.00  1.25  0.00 -17.777 -18.487 -18.122 -25.087   0.007   0.306   0.238   0.222
  154  7000  1.50  0.20  2.00  1.25  0.00 -17.753 -18.463 -18.114 -25.087  -0.001   0.306   0.254   0.238
  155  7000  2.00  0.20  2.00  1.25  0.00 -17.742 -18.426 -18.105 -25.087  -0.010   0.281   0.282   0.266
  156  7000  2.50  0.20  2.00  1.25  0.00 -17.748 -18.384 -18.094 -25.087  -0.020   0.233   0.314   0.298
  157  7000  3.00  0.20  2.00  1.25  0.00 -17.767 -18.348 -18.079 -25.087  -0.036   0.179   0.334   0.318
  158  7000  3.50  0.20  2.00  1.25  0.00 -17.791 -18.314 -18.061 -25.087  -0.054   0.121   0.350   0.334
  159  7000  4.00  0.20  2.00  1.25  0.00 -17.821 -18.282 -18.043 -25.087  -0.072   0.059   0.365   0.349
  160  7000  4.50  0.20  2.00  1.25  0.00 -17.851 -18.251 -18.026 -25.087  -0.089  -0.002   0.379   0.363
  161  7000  5.00  0.20  2.00  1.25  0.00 -17.881 -18.224 -18.011 -25.087  -0.104  -0.058   0.391   0.375
  162  7250  0.50  0.20  2.00  1.25  0.00 -18.081 -18.705 -18.283 -25.239   0.015   0.216   0.181   0.165
  163  7250  1.00  0.20  2.00  1.25  0.00 -18.045 -18.707 -18.276 -25.239   0.008   0.254   0.172   0.156
  164  7250  1.50  0.20  2.00  1.25  0.00 -18.008 -18.686 -18.270 -25.239   0.002   0.271   0.187   0.171
  165  7250  2.00  0.20  2.00  1.25  0.00 -17.984 -18.657 -18.262 -25.239  -0.006   0.267   0.208   0.192
  166  7250  2.50  0.20  2.00  1.25  0.00 -17.972 -18.614 -18.253 -25.239  -0.015   0.237   0.242   0.226
  167  7250  3.00  0.20  2.00  1.25  0.00 -17.977 -18.568 -18.240 -25.239  -0.027   0.186   0.276   0.260
  168  7250  3.50  0.20  2.00  1.25  0.00 -17.994 -18.527 -18.223 -25.239  -0.044   0.129   0.299   0.283
  169  7250  4.00  0.20  2.00  1.25  0.00 -18.018 -18.489 -18.204 -25.239  -0.063   0.067   0.318   0.302
  170  7250  4.50  0.20  2.00  1.25  0.00 -18.048 -18.454 -18.185 -25.239  -0.083   0.003   0.335   0.319
  171  7250  5.00  0.20  2.00  1.25  0.00 -18.080 -18.421 -18.167 -25.239  -0.100  -0.061   0.349   0.333
  172  7500  0.50  0.20  2.00  1.25  0.00 -18.310 -18.849 -18.420 -25.386   0.005   0.129   0.174   0.158
  173  7500  1.00  0.20  2.00  1.25  0.00 -18.294 -18.899 -18.416 -25.386   0.001   0.193   0.120   0.104
  174  7500  1.50  0.20  2.00  1.25  0.00 -18.250 -18.887 -18.412 -25.386  -0.002   0.227   0.129   0.113
  175  7500  2.00  0.20  2.00  1.25  0.00 -18.211 -18.861 -18.407 -25.386  -0.007   0.241   0.150   0.134
  176  7500  2.50  0.20  2.00  1.25  0.00 -18.185 -18.827 -18.399 -25.386  -0.016   0.234   0.176   0.160
  177  7500  3.00  0.20  2.00  1.25  0.00 -18.175 -18.778 -18.389 -25.386  -0.026   0.196   0.215   0.199
  178  7500  3.50  0.20  2.00  1.25  0.00 -18.182 -18.728 -18.375 -25.386  -0.040   0.141   0.250   0.234
  179  7500  4.00  0.20  2.00  1.25  0.00 -18.199 -18.684 -18.355 -25.386  -0.059   0.080   0.274   0.258
  180  7500  4.50  0.20  2.00  1.25  0.00 -18.225 -18.644 -18.335 -25.386  -0.080   0.014   0.295   0.279
  181  7500  5.00  0.20  2.00  1.25  0.00 -18.258 -18.606 -18.315 -25.386  -0.100  -0.056   0.312   0.296
  182  7750  1.00  0.20  2.00  1.25  0.00 -18.517 -19.059 -18.543 -25.529  -0.014   0.128   0.088   0.072
  183  7750  1.50  0.20  2.00  1.25  0.00 -18.475 -19.065 -18.543 -25.529  -0.014   0.176   0.082   0.066
  184  7750  2.00  0.20  2.00  1.25  0.00 -18.427 -19.045 -18.541 -25.529  -0.016   0.206   0.100   0.084
  185  7750  2.50  0.20  2.00  1.25  0.00 -18.389 -19.014 -18.535 -25.529  -0.022   0.214   0.125   0.109
  186  7750  3.00  0.20  2.00  1.25  0.00 -18.365 -18.974 -18.526 -25.529  -0.031   0.200   0.155   0.139
  187  7750  3.50  0.20  2.00  1.25  0.00 -18.358 -18.920 -18.514 -25.529  -0.043   0.154   0.198   0.182
  188  7750  4.00  0.20  2.00  1.25  0.00 -18.368 -18.868 -18.498 -25.529  -0.059   0.094   0.233   0.217
  189  7750  4.50  0.20  2.00  1.25  0.00 -18.389 -18.822 -18.477 -25.529  -0.080   0.028   0.258   0.242
  190  7750  5.00  0.20  2.00  1.25  0.00 -18.419 -18.780 -18.455 -25.529  -0.102  -0.044   0.279   0.263
  191  8000  1.00  0.20  2.00  1.25  0.00 -18.716 -19.177 -18.652 -25.667  -0.043   0.046   0.078   0.062
  192  8000  1.50  0.20  2.00  1.25  0.00 -18.684 -19.215 -18.659 -25.667  -0.036   0.116   0.047   0.031
  193  8000  2.00  0.20  2.00  1.25  0.00 -18.634 -19.208 -18.661 -25.667  -0.034   0.160   0.057   0.041
  194  8000  2.50  0.20  2.00  1.25  0.00 -18.586 -19.182 -18.659 -25.667  -0.036   0.183   0.081   0.065
  195  8000  3.00  0.20  2.00  1.25  0.00 -18.550 -19.146 -18.652 -25.667  -0.042   0.185   0.110   0.094
  196  8000  3.50  0.20  2.00  1.25  0.00 -18.528 -19.101 -18.642 -25.667  -0.053   0.164   0.145   0.129
  197  8000  4.00  0.20  2.00  1.25  0.00 -18.527 -19.044 -18.629 -25.667  -0.065   0.109   0.189   0.173
  198  8000  4.50  0.20  2.00  1.25  0.00 -18.542 -18.991 -18.610 -25.667  -0.085   0.043   0.223   0.207
  199  8000  5.00  0.20  2.00  1.25  0.00 -18.568 -18.944 -18.588 -25.667  -0.107  -0.030   0.248   0.232
  200  8250  1.00  0.20  2.00  1.25  0.00 -18.895 -19.260 -18.737 -25.800  -0.092  -0.052   0.081   0.065
  201  8250  1.50  0.20  2.00  1.25  0.00 -18.872 -19.341 -18.763 -25.800  -0.065   0.052   0.025   0.009
  202  8250  2.00  0.20  2.00  1.25  0.00 -18.826 -19.347 -18.768 -25.800  -0.060   0.105   0.025   0.009
  203  8250  2.50  0.20  2.00  1.25  0.00 -18.774 -19.328 -18.769 -25.800  -0.059   0.140   0.045   0.029
  204  8250  3.00  0.20  2.00  1.25  0.00 -18.727 -19.299 -18.767 -25.800  -0.061   0.159   0.071   0.055
  205  8250  3.50  0.20  2.00  1.25  0.00 -18.694 -19.260 -18.760 -25.800  -0.068   0.154   0.104   0.088
  206  8250  4.00  0.20  2.00  1.25  0.00 -18.679 -19.209 -18.749 -25.800  -0.079   0.121   0.143   0.127
  207  8250  4.50  0.20  2.00  1.25  0.00 -18.686 -19.151 -18.734 -25.800  -0.094   0.057   0.187   0.171
  208  8250  5.00  0.20  2.00  1.25  0.00 -18.707 -19.099 -18.713 -25.800  -0.115  -0.015   0.218   0.202
  209  8500  1.50  0.20  2.00  1.25  0.00 -19.042 -19.444 -18.854 -25.930  -0.104  -0.016   0.013  -0.003
  210  8500  2.00  0.20  2.00  1.25  0.00 -19.002 -19.468 -18.864 -25.930  -0.094   0.048   0.000  -0.016
  211  8500  2.50  0.20  2.00  1.25  0.00 -18.950 -19.458 -18.869 -25.930  -0.090   0.092   0.014  -0.002
  212  8500  3.00  0.20  2.00  1.25  0.00 -18.900 -19.433 -18.869 -25.930  -0.089   0.119   0.039   0.023
  213  8500  3.50  0.20  2.00  1.25  0.00 -18.858 -19.398 -18.866 -25.930  -0.092   0.127   0.071   0.055
  214  8500  4.00  0.20  2.00  1.25  0.00 -18.831 -19.355 -18.858 -25.930  -0.100   0.113   0.106   0.090
  215  8500  4.50  0.20  2.00  1.25  0.00 -18.823 -19.302 -18.847 -25.930  -0.111   0.070   0.148   0.132
  216  8500  5.00  0.20  2.00  1.25  0.00 -18.839 -19.245 -18.831 -25.930  -0.128  -0.001   0.189   0.173
  217  8750  1.50  0.20  2.00  1.25  0.00 -19.195 -19.529 -18.932 -26.056  -0.152  -0.085   0.007  -0.009
  218  8750  2.00  0.20  2.00  1.25  0.00 -19.163 -19.571 -18.950 -26.056  -0.134  -0.012  -0.017  -0.033
  219  8750  2.50  0.20  2.00  1.25  0.00 -19.115 -19.572 -18.957 -26.056  -0.127   0.039  -0.011  -0.027
  220  8750  3.00  0.20  2.00  1.25  0.00 -19.063 -19.554 -18.961 -26.056  -0.123   0.075   0.010  -0.006
  221  8750  3.50  0.20  2.00  1.25  0.00 -19.015 -19.524 -18.961 -26.056  -0.123   0.095   0.041   0.025
  222  8750  4.00  0.20  2.00  1.25  0.00 -18.978 -19.485 -18.957 -26.056  -0.127   0.094   0.076   0.060
  223  8750  4.50  0.20  2.00  1.25  0.00 -18.959 -19.437 -18.948 -26.056  -0.136   0.068   0.114   0.098
  224  8750  5.00  0.20  2.00  1.25  0.00 -18.965 -19.382 -18.937 -26.056  -0.147   0.009   0.158   0.142
  225  9000  1.50  0.20  2.00  0.00  0.00 -19.335 -19.605 -19.003 -26.178  -0.204  -0.149   0.002  -0.014
  226  9000  2.00  0.20  2.00  0.00  0.00 -19.306 -19.659 -19.027 -26.178  -0.179  -0.067  -0.028  -0.044
  227  9000  2.50  0.20  2.00  0.00  0.00 -19.265 -19.670 -19.037 -26.178  -0.169  -0.014  -0.029  -0.045
  228  9000  3.00  0.20  2.00  0.00  0.00 -19.214 -19.659 -19.043 -26.178  -0.164   0.027  -0.013  -0.029
  229  9000  3.50  0.20  2.00  0.00  0.00 -19.164 -19.635 -19.046 -26.178  -0.161   0.055   0.014  -0.002
  230  9000  4.00  0.20  2.00  0.00  0.00 -19.123 -19.601 -19.045 -26.178  -0.161   0.065   0.048   0.032
  231  9000  4.50  0.20  2.00  0.00  0.00 -19.095 -19.559 -19.041 -26.178  -0.166   0.053   0.085   0.069
  232  9000  5.00  0.20  2.00  0.00  0.00 -19.086 -19.509 -19.032 -26.178  -0.175   0.013   0.126   0.110
  233  9250  2.00  0.20  2.00  0.00  0.00 -19.436 -19.739 -19.099 -26.297  -0.227  -0.118  -0.037  -0.053
  234  9250  2.50  0.20  2.00  0.00  0.00 -19.399 -19.757 -19.110 -26.297  -0.216  -0.062  -0.043  -0.059
  235  9250  3.00  0.20  2.00  0.00  0.00 -19.353 -19.752 -19.116 -26.297  -0.209  -0.020  -0.032  -0.048
  236  9250  3.50  0.20  2.00  0.00  0.00 -19.306 -19.733 -19.121 -26.297  -0.204   0.011  -0.009  -0.025
  237  9250  4.00  0.20  2.00  0.00  0.00 -19.262 -19.705 -19.124 -26.297  -0.202   0.028   0.023   0.007
  238  9250  4.50  0.20  2.00  0.00  0.00 -19.227 -19.667 -19.123 -26.297  -0.202   0.028   0.060   0.044
  239  9250  5.00  0.20  2.00  0.00  0.00 -19.208 -19.621 -19.118 -26.297  -0.207   0.003   0.100   0.084
  240  9500  2.00  0.20  2.00  0.00  0.00 -19.558 -19.813 -19.165 -26.413  -0.276  -0.166  -0.044  -0.060
  241  9500  2.50  0.20  2.00  0.00  0.00 -19.521 -19.835 -19.178 -26.413  -0.264  -0.106  -0.054  -0.070
  242  9500  3.00  0.20  2.00  0.00  0.00 -19.478 -19.834 -19.184 -26.413  -0.257  -0.063  -0.047  -0.063
  243  9500  3.50  0.20  2.00  0.00  0.00 -19.432 -19.820 -19.189 -26.413  -0.252  -0.030  -0.027  -0.043
  244  9500  4.00  0.20  2.00  0.00  0.00 -19.389 -19.796 -19.194 -26.413  -0.248  -0.009   0.001  -0.015
  245  9500  4.50  0.20  2.00  0.00  0.00 -19.352 -19.763 -19.197 -26.413  -0.245  -0.002   0.037   0.021
  246  9500  5.00  0.20  2.00  0.00  0.00 -19.328 -19.722 -19.196 -26.413  -0.245  -0.017   0.077   0.061
  247  9750  2.00  0.20  2.00  0.00  0.00 -19.673 -19.882 -19.229 -26.526  -0.325  -0.212  -0.049  -0.065
  248  9750  2.50  0.20  2.00  0.00  0.00 -19.635 -19.907 -19.242 -26.526  -0.312  -0.148  -0.062  -0.078
  249  9750  3.00  0.20  2.00  0.00  0.00 -19.592 -19.909 -19.248 -26.526  -0.306  -0.103  -0.058  -0.074
  250  9750  3.50  0.20  2.00  0.00  0.00 -19.548 -19.898 -19.252 -26.526  -0.302  -0.068  -0.042  -0.058
  251  9750  4.00  0.20  2.00  0.00  0.00 -19.505 -19.877 -19.257 -26.526  -0.297  -0.045  -0.017  -0.033
  252  9750  4.50  0.20  2.00  0.00  0.00 -19.469 -19.849 -19.261 -26.526  -0.293  -0.035   0.016   0.000
  253  9750  5.00  0.20  2.00  0.00  0.00 -19.444 -19.813 -19.264 -26.526  -0.290  -0.043   0.055   0.039
  254 10000  2.00  0.20  2.00  0.00  0.00 -19.783 -19.947 -19.289 -26.636  -0.375  -0.256  -0.055  -0.071
  255 10000  2.50  0.20  2.00  0.00  0.00 -19.743 -19.975 -19.303 -26.636  -0.361  -0.189  -0.069  -0.085
  256 10000  3.00  0.20  2.00  0.00  0.00 -19.700 -19.979 -19.308 -26.636  -0.356  -0.141  -0.068  -0.084
  257 10000  3.50  0.20  2.00  0.00  0.00 -19.655 -19.970 -19.312 -26.636  -0.352  -0.105  -0.054  -0.070
  258 10000  4.00  0.20  2.00  0.00  0.00 -19.613 -19.951 -19.316 -26.636  -0.348  -0.079  -0.032  -0.048
  259 10000  4.50  0.20  2.00  0.00  0.00 -19.577 -19.926 -19.320 -26.636  -0.344  -0.066  -0.002  -0.018
  260 10000  5.00  0.20  2.00  0.00  0.00 -19.550 -19.894 -19.325 -26.636  -0.339  -0.069   0.035   0.019
  261 10250  2.00  0.20  2.00  0.00  0.00 -19.887 -20.010 -19.347 -26.743  -0.424  -0.298  -0.060  -0.076
  262 10250  2.50  0.20  2.00  0.00  0.00 -19.846 -20.040 -19.361 -26.743  -0.410  -0.228  -0.075  -0.091
  263 10250  3.00  0.20  2.00  0.00  0.00 -19.802 -20.045 -19.366 -26.743  -0.405  -0.178  -0.075  -0.091
  264 10250  3.50  0.20  2.00  0.00  0.00 -19.757 -20.037 -19.369 -26.743  -0.403  -0.140  -0.065  -0.081
  265 10250  4.00  0.20  2.00  0.00  0.00 -19.714 -20.020 -19.371 -26.743  -0.400  -0.112  -0.045  -0.061
  266 10250  4.50  0.20  2.00  0.00  0.00 -19.677 -19.996 -19.376 -26.743  -0.396  -0.097  -0.017  -0.033
  267 10250  5.00  0.20  2.00  0.00  0.00 -19.648 -19.967 -19.381 -26.743  -0.390  -0.095   0.018   0.002
  268 10500  2.00  0.20  2.00  0.00  0.00 -19.985 -20.070 -19.402 -26.848  -0.474  -0.337  -0.064  -0.080
  269 10500  2.50  0.20  2.00  0.00  0.00 -19.945 -20.101 -19.417 -26.848  -0.459  -0.265  -0.081  -0.097
  270 10500  3.00  0.20  2.00  0.00  0.00 -19.900 -20.107 -19.421 -26.848  -0.454  -0.214  -0.082  -0.098
  271 10500  3.50  0.20  2.00  0.00  0.00 -19.854 -20.100 -19.423 -26.848  -0.453  -0.174  -0.073  -0.089
  272 10500  4.00  0.20  2.00  0.00  0.00 -19.810 -20.084 -19.425 -26.848  -0.451  -0.145  -0.056  -0.072
  273 10500  4.50  0.20  2.00  0.00  0.00 -19.771 -20.062 -19.428 -26.848  -0.448  -0.126  -0.030  -0.046
  274 10500  5.00  0.20  2.00  0.00  0.00 -19.741 -20.034 -19.433 -26.848  -0.443  -0.121   0.002  -0.014
  275 10750  2.00  0.20  2.00  0.00  0.00 -20.079 -20.127 -19.454 -26.950  -0.524  -0.374  -0.069  -0.085
  276 10750  2.50  0.20  2.00  0.00  0.00 -20.038 -20.159 -19.470 -26.950  -0.508  -0.301  -0.086  -0.102
  277 10750  3.00  0.20  2.00  0.00  0.00 -19.993 -20.166 -19.475 -26.950  -0.503  -0.248  -0.088  -0.104
  278 10750  3.50  0.20  2.00  0.00  0.00 -19.947 -20.160 -19.476 -26.950  -0.503  -0.208  -0.081  -0.097
  279 10750  4.00  0.20  2.00  0.00  0.00 -19.902 -20.145 -19.476 -26.950  -0.502  -0.177  -0.065  -0.081
  280 10750  4.50  0.20  2.00  0.00  0.00 -19.862 -20.124 -19.478 -26.950  -0.500  -0.156  -0.042  -0.058
  281 10750  5.00  0.20  2.00  0.00  0.00 -19.830 -20.097 -19.483 -26.950  -0.496  -0.148  -0.011  -0.027
  282 11000  2.00  0.20  2.00  0.00  0.00 -20.167 -20.181 -19.504 -27.050  -0.574  -0.408  -0.073  -0.089
  283 11000  2.50  0.20  2.00  0.00  0.00 -20.128 -20.215 -19.521 -27.050  -0.557  -0.335  -0.091  -0.107
  284 11000  3.00  0.20  2.00  0.00  0.00 -20.083 -20.223 -19.526 -27.050  -0.552  -0.282  -0.094  -0.110
  285 11000  3.50  0.20  2.00  0.00  0.00 -20.036 -20.217 -19.526 -27.050  -0.552  -0.240  -0.088  -0.104
  286 11000  4.00  0.20  2.00  0.00  0.00 -19.991 -20.203 -19.526 -27.050  -0.552  -0.208  -0.073  -0.089
  287 11000  4.50  0.20  2.00  0.00  0.00 -19.949 -20.182 -19.527 -27.050  -0.551  -0.185  -0.052  -0.068
  288 11000  5.00  0.20  2.00  0.00  0.00 -19.915 -20.157 -19.530 -27.050  -0.548  -0.174  -0.023  -0.039
  289 11250  2.00  0.20  2.00  0.00  0.00 -20.250 -20.233 -19.552 -27.147  -0.623  -0.439  -0.078  -0.094
  290 11250  2.50  0.20  2.00  0.00  0.00 -20.213 -20.269 -19.570 -27.147  -0.606  -0.366  -0.096  -0.112
  291 11250  3.00  0.20  2.00  0.00  0.00 -20.169 -20.277 -19.575 -27.147  -0.601  -0.313  -0.099  -0.115
  292 11250  3.50  0.20  2.00  0.00  0.00 -20.122 -20.272 -19.575 -27.147  -0.601  -0.271  -0.094  -0.110
  293 11250  4.00  0.20  2.00  0.00  0.00 -20.076 -20.258 -19.574 -27.147  -0.602  -0.238  -0.081  -0.097
  294 11250  4.50  0.20  2.00  0.00  0.00 -20.034 -20.238 -19.574 -27.147  -0.602  -0.214  -0.061  -0.077
  295 11250  5.00  0.20  2.00  0.00  0.00 -19.998 -20.213 -19.576 -27.147  -0.600  -0.201  -0.034  -0.050
  296 11500  2.00  0.20  2.00  0.00  0.00 -20.330 -20.283 -19.598 -27.243  -0.673  -0.469  -0.082  -0.098
  297 11500  2.50  0.20  2.00  0.00  0.00 -20.294 -20.320 -19.617 -27.243  -0.654  -0.396  -0.100  -0.116
  298 11500  3.00  0.20  2.00  0.00  0.00 -20.251 -20.329 -19.622 -27.243  -0.649  -0.343  -0.104  -0.120
  299 11500  3.50  0.20  2.00  0.00  0.00 -20.205 -20.325 -19.622 -27.243  -0.649  -0.301  -0.099  -0.115
  300 11500  4.00  0.20  2.00  0.00  0.00 -20.158 -20.311 -19.620 -27.243  -0.651  -0.268  -0.087  -0.103
  301 11500  4.50  0.20  2.00  0.00  0.00 -20.115 -20.291 -19.619 -27.243  -0.652  -0.243  -0.069  -0.085
  302 11500  5.00  0.20  2.00  0.00  0.00 -20.078 -20.267 -19.620 -27.243  -0.651  -0.228  -0.044  -0.060
  303 11750  2.00  0.20  2.00  0.00  0.00 -20.405 -20.331 -19.642 -27.336  -0.722  -0.496  -0.086  -0.102
  304 11750  2.50  0.20  2.00  0.00  0.00 -20.371 -20.370 -19.662 -27.336  -0.703  -0.424  -0.104  -0.120
  305 11750  3.00  0.20  2.00  0.00  0.00 -20.329 -20.379 -19.667 -27.336  -0.697  -0.372  -0.109  -0.125
  306 11750  3.50  0.20  2.00  0.00  0.00 -20.284 -20.375 -19.667 -27.336  -0.697  -0.330  -0.104  -0.120
  307 11750  4.00  0.20  2.00  0.00  0.00 -20.238 -20.362 -19.665 -27.336  -0.699  -0.297  -0.093  -0.109
  308 11750  4.50  0.20  2.00  0.00  0.00 -20.194 -20.343 -19.663 -27.336  -0.701  -0.271  -0.076  -0.092
  309 11750  5.00  0.20  2.00  0.00  0.00 -20.156 -20.319 -19.663 -27.336  -0.701  -0.254  -0.052  -0.068
  310 12000  2.50  0.20  2.00  0.00  0.00 -20.444 -20.417 -19.705 -27.428  -0.751  -0.450  -0.109  -0.125
  311 12000  3.00  0.20  2.00  0.00  0.00 -20.403 -20.427 -19.710 -27.428  -0.745  -0.399  -0.113  -0.129
  312 12000  3.50  0.20  2.00  0.00  0.00 -20.359 -20.424 -19.711 -27.428  -0.745  -0.358  -0.109  -0.125
  313 12000  4.00  0.20  2.00  0.00  0.00 -20.314 -20.411 -19.708 -27.428  -0.747  -0.324  -0.099  -0.115
  314 12000  4.50  0.20  2.00  0.00  0.00 -20.271 -20.392 -19.706 -27.428  -0.750  -0.298  -0.082  -0.098
  315 12000  5.00  0.20  2.00  0.00  0.00 -20.232 -20.369 -19.705 -27.428  -0.751  -0.281  -0.060  -0.076
  316 12250  2.50  0.20  2.00  0.00  0.00 -20.513 -20.463 -19.747 -27.517  -0.799  -0.474  -0.113  -0.129
  317 12250  3.00  0.20  2.00  0.00  0.00 -20.475 -20.474 -19.752 -27.517  -0.793  -0.424  -0.118  -0.134
  318 12250  3.50  0.20  2.00  0.00  0.00 -20.432 -20.470 -19.753 -27.517  -0.793  -0.384  -0.114  -0.130
  319 12250  4.00  0.20  2.00  0.00  0.00 -20.388 -20.458 -19.750 -27.517  -0.795  -0.351  -0.104  -0.120
  320 12250  4.50  0.20  2.00  0.00  0.00 -20.344 -20.439 -19.748 -27.517  -0.798  -0.325  -0.088  -0.104
  321 12250  5.00  0.20  2.00  0.00  0.00 -20.305 -20.417 -19.746 -27.517  -0.799  -0.306  -0.067  -0.083
  322 12500  2.50  0.20  2.00  0.00  0.00 -20.580 -20.507 -19.787 -27.605  -0.846  -0.497  -0.117  -0.133
  323 12500  3.00  0.20  2.00  0.00  0.00 -20.543 -20.518 -19.793 -27.605  -0.840  -0.447  -0.122  -0.138
  324 12500  3.50  0.20  2.00  0.00  0.00 -20.501 -20.515 -19.793 -27.605  -0.840  -0.408  -0.119  -0.135
  325 12500  4.00  0.20  2.00  0.00  0.00 -20.458 -20.503 -19.791 -27.605  -0.842  -0.376  -0.109  -0.125
  326 12500  4.50  0.20  2.00  0.00  0.00 -20.415 -20.485 -19.788 -27.605  -0.845  -0.350  -0.094  -0.110
  327 12500  5.00  0.20  2.00  0.00  0.00 -20.376 -20.463 -19.786 -27.605  -0.847  -0.332  -0.074  -0.090
  328 12750  2.50  0.20  2.00  0.00  0.00 -20.645 -20.550 -19.826 -27.691  -0.893  -0.518  -0.120  -0.136
  329 12750  3.00  0.20  2.00  0.00  0.00 -20.608 -20.562 -19.832 -27.691  -0.887  -0.469  -0.126  -0.142
  330 12750  3.50  0.20  2.00  0.00  0.00 -20.568 -20.559 -19.832 -27.691  -0.887  -0.431  -0.123  -0.139
  331 12750  4.00  0.20  2.00  0.00  0.00 -20.526 -20.547 -19.830 -27.691  -0.889  -0.400  -0.114  -0.130
  332 12750  4.50  0.20  2.00  0.00  0.00 -20.484 -20.529 -19.827 -27.691  -0.892  -0.375  -0.099  -0.115
  333 12750  5.00  0.20  2.00  0.00  0.00 -20.445 -20.508 -19.824 -27.691  -0.895  -0.356  -0.080  -0.096
  334 13000  2.50  0.20  2.00  0.00  0.00 -20.707 -20.592 -19.864 -27.775  -0.939  -0.539  -0.124  -0.140
  335 13000  3.00  0.20  2.00  0.00  0.00 -20.670 -20.604 -19.870 -27.775  -0.934  -0.490  -0.130  -0.146
  336 13000  3.50  0.20  2.00  0.00  0.00 -20.631 -20.601 -19.870 -27.775  -0.933  -0.453  -0.127  -0.143
  337 13000  4.00  0.20  2.00  0.00  0.00 -20.591 -20.590 -19.868 -27.775  -0.935  -0.423  -0.118  -0.134
  338 13000  4.50  0.20  2.00  0.00  0.00 -20.550 -20.572 -19.865 -27.775  -0.939  -0.398  -0.104  -0.120
  339 13000  5.00  0.20  2.00  0.00  0.00 -20.511 -20.551 -19.862 -27.775  -0.941  -0.380  -0.085  -0.101
  340 14000  2.00  0.20  2.00  0.00  0.00 -20.976 -20.704 -19.987 -28.097  -1.138  -0.696  -0.113  -0.129
  341 14000  2.50  0.20  2.00  0.00  0.00 -20.936 -20.748 -20.007 -28.097  -1.119  -0.613  -0.137  -0.153
  342 14000  3.00  0.20  2.00  0.00  0.00 -20.899 -20.759 -20.011 -28.097  -1.114  -0.564  -0.145  -0.161
  343 14000  3.50  0.20  2.00  0.00  0.00 -20.863 -20.758 -20.011 -28.097  -1.114  -0.529  -0.143  -0.159
  344 14000  4.00  0.20  2.00  0.00  0.00 -20.827 -20.748 -20.009 -28.097  -1.116  -0.501  -0.135  -0.151
  345 14000  4.50  0.20  2.00  0.00  0.00 -20.790 -20.731 -20.005 -28.097  -1.120  -0.481  -0.122  -0.138
  346 14000  5.00  0.20  2.00  0.00  0.00 -20.754 -20.709 -20.002 -28.097  -1.124  -0.465  -0.104  -0.120
  347 15000  2.50  0.20  2.00  0.00  0.00 -21.143 -20.891 -20.139 -28.397  -1.286  -0.677  -0.149  -0.165
  348 15000  3.00  0.20  2.00  0.00  0.00 -21.102 -20.901 -20.140 -28.397  -1.285  -0.626  -0.158  -0.174
  349 15000  3.50  0.20  2.00  0.00  0.00 -21.067 -20.900 -20.139 -28.397  -1.286  -0.591  -0.157  -0.173
  350 15000  4.00  0.20  2.00  0.00  0.00 -21.034 -20.891 -20.137 -28.397  -1.288  -0.566  -0.151  -0.167
  351 15000  4.50  0.20  2.00  0.00  0.00 -20.999 -20.873 -20.132 -28.397  -1.293  -0.548  -0.138  -0.154
  352 15000  5.00  0.20  2.00  0.00  0.00 -20.965 -20.851 -20.127 -28.397  -1.298  -0.535  -0.121  -0.137
  353 16000  2.50  0.20  2.00  0.00  0.00 -21.336 -21.026 -20.263 -28.677  -1.442  -0.735  -0.159  -0.175
  354 16000  3.00  0.20  2.00  0.00  0.00 -21.287 -21.032 -20.259 -28.677  -1.446  -0.681  -0.169  -0.185
  355 16000  3.50  0.20  2.00  0.00  0.00 -21.250 -21.029 -20.256 -28.677  -1.449  -0.646  -0.170  -0.186
  356 16000  4.00  0.20  2.00  0.00  0.00 -21.218 -21.021 -20.254 -28.677  -1.451  -0.621  -0.164  -0.180
  357 16000  4.50  0.20  2.00  0.00  0.00 -21.185 -21.005 -20.249 -28.677  -1.456  -0.604  -0.152  -0.168
  358 16000  5.00  0.20  2.00  0.00  0.00 -21.152 -20.981 -20.242 -28.677  -1.463  -0.593  -0.136  -0.152
  359 17000  2.50  0.20  2.00  0.00  0.00 -21.519 -21.154 -20.383 -28.940  -1.585  -0.790  -0.167  -0.183
  360 17000  3.00  0.20  2.00  0.00  0.00 -21.460 -21.155 -20.373 -28.940  -1.596  -0.730  -0.179  -0.195
  361 17000  3.50  0.20  2.00  0.00  0.00 -21.419 -21.150 -20.366 -28.940  -1.602  -0.694  -0.180  -0.196
  362 17000  4.00  0.20  2.00  0.00  0.00 -21.387 -21.142 -20.363 -28.940  -1.605  -0.669  -0.176  -0.192
  363 17000  4.50  0.20  2.00  0.00  0.00 -21.356 -21.127 -20.358 -28.940  -1.610  -0.652  -0.166  -0.182
  364 17000  5.00  0.20  2.00  0.00  0.00 -21.322 -21.102 -20.349 -28.940  -1.620  -0.642  -0.150  -0.166
  365 18000  2.50  0.20  2.00  0.00  0.00 -21.694 -21.275 -20.499 -29.189  -1.717  -0.845  -0.172  -0.188
  366 18000  3.00  0.20  2.00  0.00  0.00 -21.623 -21.273 -20.482 -29.189  -1.735  -0.776  -0.188  -0.204
  367 18000  3.50  0.20  2.00  0.00  0.00 -21.577 -21.264 -20.471 -29.189  -1.746  -0.738  -0.190  -0.206
  368 18000  4.00  0.20  2.00  0.00  0.00 -21.544 -21.256 -20.466 -29.189  -1.751  -0.713  -0.186  -0.202
  369 18000  4.50  0.20  2.00  0.00  0.00 -21.514 -21.242 -20.461 -29.189  -1.756  -0.696  -0.177  -0.193
  370 18000  5.00  0.20  2.00  0.00  0.00 -21.479 -21.216 -20.450 -29.189  -1.767  -0.686  -0.162  -0.178
  371 19000  2.50  0.20  2.00  0.00  0.00 -21.861 -21.389 -20.611 -29.423  -1.841  -0.899  -0.175  -0.191
  372 19000  3.00  0.20  2.00  0.00  0.00 -21.779 -21.387 -20.588 -29.423  -1.863  -0.819  -0.195  -0.211
  373 19000  3.50  0.20  2.00  0.00  0.00 -21.725 -21.373 -20.571 -29.423  -1.881  -0.778  -0.198  -0.214
  374 19000  4.00  0.20  2.00  0.00  0.00 -21.690 -21.362 -20.563 -29.423  -1.888  -0.754  -0.195  -0.211
  375 19000  4.50  0.20  2.00  0.00  0.00 -21.662 -21.349 -20.559 -29.423  -1.893  -0.737  -0.187  -0.203
  376 19000  5.00  0.20  2.00  0.00  0.00 -21.628 -21.325 -20.548 -29.423  -1.904  -0.727  -0.174  -0.190
  377 20000  3.00  0.20  2.00  0.00  0.00 -21.930 -21.496 -20.692 -29.646  -1.982  -0.861  -0.200  -0.216
  378 20000  3.50  0.20  2.00  0.00  0.00 -21.866 -21.476 -20.667 -29.646  -2.007  -0.816  -0.206  -0.222
  379 20000  4.00  0.20  2.00  0.00  0.00 -21.828 -21.463 -20.656 -29.646  -2.018  -0.791  -0.203  -0.219
  380 20000  4.50  0.20  2.00  0.00  0.00 -21.801 -21.451 -20.651 -29.646  -2.023  -0.775  -0.196  -0.212
  381 20000  5.00  0.20  2.00  0.00  0.00 -21.769 -21.429 -20.641 -29.646  -2.033  -0.765  -0.184  -0.200
  382 21000  3.00  0.20  2.00  0.00  0.00 -22.075 -21.601 -20.793 -29.858  -2.094  -0.901  -0.205  -0.221
  383 21000  3.50  0.20  2.00  0.00  0.00 -22.002 -21.577 -20.762 -29.858  -2.125  -0.852  -0.212  -0.228
  384 21000  4.00  0.20  2.00  0.00  0.00 -21.958 -21.559 -20.746 -29.858  -2.140  -0.825  -0.210  -0.226
  385 21000  4.50  0.20  2.00  0.00  0.00 -21.931 -21.546 -20.739 -29.858  -2.147  -0.810  -0.203  -0.219
  386 21000  5.00  0.20  2.00  0.00  0.00 -21.903 -21.527 -20.731 -29.858  -2.155  -0.801  -0.193  -0.209
  387 22000  3.00  0.20  2.00  0.00  0.00 -22.210 -21.700 -20.888 -30.060  -2.200  -0.937  -0.209  -0.225
  388 22000  3.50  0.20  2.00  0.00  0.00 -22.133 -21.674 -20.854 -30.060  -2.235  -0.886  -0.217  -0.233
  389 22000  4.00  0.20  2.00  0.00  0.00 -22.082 -21.652 -20.832 -30.060  -2.256  -0.857  -0.216  -0.232
  390 22000  4.50  0.20  2.00  0.00  0.00 -22.053 -21.637 -20.823 -30.060  -2.265  -0.842  -0.210  -0.226
  391 22000  5.00  0.20  2.00  0.00  0.00 -22.028 -21.620 -20.816 -30.060  -2.273  -0.833  -0.200  -0.216
  392 23000  3.00  0.20  2.00  0.00  0.00 -22.334 -21.795 -20.977 -30.253  -2.304  -0.966  -0.214  -0.230
  393 23000  3.50  0.20  2.00  0.00  0.00 -22.257 -21.768 -20.943 -30.253  -2.339  -0.917  -0.222  -0.238
  394 23000  4.00  0.20  2.00  0.00  0.00 -22.201 -21.741 -20.916 -30.253  -2.365  -0.887  -0.222  -0.238
  395 23000  4.50  0.20  2.00  0.00  0.00 -22.167 -21.723 -20.903 -30.253  -2.378  -0.871  -0.216  -0.232
  396 23000  5.00  0.20  2.00  0.00  0.00 -22.144 -21.707 -20.896 -30.253  -2.386  -0.863  -0.208  -0.224
  397 24000  3.00  0.20  2.00  0.00  0.00 -22.452 -21.888 -21.064 -30.438  -2.402  -0.992  -0.220  -0.236
  398 24000  3.50  0.20  2.00  0.00  0.00 -22.375 -21.858 -21.028 -30.438  -2.438  -0.944  -0.227  -0.243
  399 24000  4.00  0.20  2.00  0.00  0.00 -22.315 -21.828 -20.998 -30.438  -2.468  -0.914  -0.227  -0.243
  400 24000  4.50  0.20  2.00  0.00  0.00 -22.276 -21.806 -20.981 -30.438  -2.485  -0.897  -0.222  -0.238
  401 24000  5.00  0.20  2.00  0.00  0.00 -22.252 -21.789 -20.972 -30.438  -2.494  -0.889  -0.214  -0.230
  402 25000  3.00  0.20  2.00  0.00  0.00 -22.567 -21.979 -21.151 -30.615  -2.493  -1.017  -0.225  -0.241
  403 25000  3.50  0.20  2.00  0.00  0.00 -22.485 -21.945 -21.109 -30.615  -2.534  -0.968  -0.233  -0.249
  404 25000  4.00  0.20  2.00  0.00  0.00 -22.424 -21.913 -21.077 -30.615  -2.566  -0.939  -0.232  -0.248
  405 25000  4.50  0.20  2.00  0.00  0.00 -22.382 -21.888 -21.057 -30.615  -2.587  -0.921  -0.228  -0.244
  406 25000  5.00  0.20  2.00  0.00  0.00 -22.355 -21.869 -21.045 -30.615  -2.598  -0.912  -0.220  -0.236
  407 26000  3.00  0.20  2.00  0.00  0.00 -22.679 -22.066 -21.235 -30.786  -2.578  -1.041  -0.227  -0.243
  408 26000  3.50  0.20  2.00  0.00  0.00 -22.592 -22.032 -21.189 -30.786  -2.624  -0.988  -0.239  -0.255
  409 26000  4.00  0.20  2.00  0.00  0.00 -22.528 -21.995 -21.154 -30.786  -2.660  -0.961  -0.238  -0.254
  410 26000  4.50  0.20  2.00  0.00  0.00 -22.483 -21.967 -21.131 -30.786  -2.683  -0.943  -0.233  -0.249
  411 26000  5.00  0.20  2.00  0.00  0.00 -22.454 -21.946 -21.117 -30.786  -2.697  -0.934  -0.226  -0.242
  412 27000  3.50  0.20  2.00  0.00  0.00 -22.698 -22.119 -21.270 -30.949  -2.707  -1.007  -0.245  -0.261
  413 27000  4.00  0.20  2.00  0.00  0.00 -22.629 -22.077 -21.230 -30.949  -2.748  -0.980  -0.244  -0.260
  414 27000  4.50  0.20  2.00  0.00  0.00 -22.582 -22.046 -21.204 -30.949  -2.774  -0.964  -0.239  -0.255
  415 27000  5.00  0.20  2.00  0.00  0.00 -22.550 -22.023 -21.187 -30.949  -2.790  -0.955  -0.232  -0.248
  416 28000  3.50  0.20  2.00  0.00  0.00 -22.802 -22.206 -21.351 -31.107  -2.784  -1.026  -0.251  -0.267
  417 28000  4.00  0.20  2.00  0.00  0.00 -22.728 -22.159 -21.305 -31.107  -2.830  -0.997  -0.250  -0.266
  418 28000  4.50  0.20  2.00  0.00  0.00 -22.678 -22.124 -21.276 -31.107  -2.860  -0.982  -0.245  -0.261
  419 28000  5.00  0.20  2.00  0.00  0.00 -22.644 -22.098 -21.257 -31.107  -2.878  -0.973  -0.237  -0.253
  420 29000  3.50  0.20  2.00  0.00  0.00 -22.902 -22.288 -21.429 -31.260  -2.859  -1.043  -0.256  -0.272
  421 29000  4.00  0.20  2.00  0.00  0.00 -22.827 -22.242 -21.381 -31.260  -2.907  -1.014  -0.257  -0.273
  422 29000  4.50  0.20  2.00  0.00  0.00 -22.772 -22.202 -21.348 -31.260  -2.940  -0.998  -0.251  -0.267
  423 29000  5.00  0.20  2.00  0.00  0.00 -22.736 -22.174 -21.327 -31.260  -2.961  -0.990  -0.243  -0.259
  424 30000  3.50  0.20  2.00  0.00  0.00 -22.991 -22.363 -21.500 -31.407  -2.935  -1.058  -0.259  -0.275
  425 30000  4.00  0.20  2.00  0.00  0.00 -22.923 -22.323 -21.457 -31.407  -2.979  -1.030  -0.263  -0.279
  426 30000  4.50  0.20  2.00  0.00  0.00 -22.866 -22.281 -21.420 -31.407  -3.015  -1.014  -0.257  -0.273
  427 30000  5.00  0.20  2.00  0.00  0.00 -22.828 -22.250 -21.396 -31.407  -3.039  -1.006  -0.250  -0.266
  428 31000  3.50  0.20  2.00  0.00  0.00 -23.069 -22.428 -21.562 -31.549  -3.016  -1.070  -0.262  -0.278
  429 31000  4.00  0.20  2.00  0.00  0.00 -23.015 -22.400 -21.529 -31.549  -3.049  -1.044  -0.268  -0.284
  430 31000  4.50  0.20  2.00  0.00  0.00 -22.958 -22.359 -21.492 -31.549  -3.086  -1.028  -0.264  -0.280
  431 31000  5.00  0.20  2.00  0.00  0.00 -22.918 -22.325 -21.466 -31.549  -3.112  -1.021  -0.256  -0.272
  432 32000  4.00  0.20  2.00  0.00  0.00 -23.098 -22.471 -21.595 -31.687  -3.120  -1.056  -0.272  -0.288
  433 32000  4.50  0.20  2.00  0.00  0.00 -23.047 -22.434 -21.561 -31.687  -3.154  -1.042  -0.269  -0.285
  434 32000  5.00  0.20  2.00  0.00  0.00 -23.006 -22.400 -21.534 -31.687  -3.181  -1.035  -0.262  -0.278
  435 33000  4.00  0.20  2.00  0.00  0.00 -23.172 -22.535 -21.655 -31.821  -3.194  -1.066  -0.277  -0.293
  436 33000  4.50  0.20  2.00  0.00  0.00 -23.129 -22.505 -21.627 -31.821  -3.222  -1.054  -0.274  -0.290
  437 33000  5.00  0.20  2.00  0.00  0.00 -23.090 -22.472 -21.601 -31.821  -3.248  -1.047  -0.268  -0.284
  438 34000  4.00  0.20  2.00  0.00  0.00 -23.237 -22.592 -21.708 -31.951  -3.271  -1.075  -0.281  -0.297
  439 34000  4.50  0.20  2.00  0.00  0.00 -23.203 -22.569 -21.686 -31.951  -3.292  -1.063  -0.279  -0.295
  440 34000  5.00  0.20  2.00  0.00  0.00 -23.169 -22.540 -21.663 -31.951  -3.315  -1.058  -0.273  -0.289
  441 35000  4.00  0.20  2.00  0.00  0.00 -23.294 -22.643 -21.755 -32.077  -3.350  -1.081  -0.284  -0.300
  442 35000  4.50  0.20  2.00  0.00  0.00 -23.269 -22.628 -21.741 -32.077  -3.364  -1.072  -0.284  -0.300
  443 35000  5.00  0.20  2.00  0.00  0.00 -23.240 -22.603 -21.721 -32.077  -3.384  -1.067  -0.278  -0.294
  444 36000  4.00  0.20  2.00  0.00  0.00 -23.344 -22.687 -21.796 -32.199  -3.431  -1.086  -0.288  -0.304
  445 36000  4.50  0.20  2.00  0.00  0.00 -23.328 -22.680 -21.789 -32.199  -3.438  -1.078  -0.288  -0.304
  446 36000  5.00  0.20  2.00  0.00  0.00 -23.305 -22.660 -21.774 -32.199  -3.453  -1.074  -0.283  -0.299
  447 37000  4.00  0.20  2.00  0.00  0.00 -23.388 -22.728 -21.833 -32.318  -3.513  -1.091  -0.292  -0.308
  448 37000  4.50  0.20  2.00  0.00  0.00 -23.380 -22.727 -21.832 -32.318  -3.514  -1.083  -0.292  -0.308
  449 37000  5.00  0.20  2.00  0.00  0.00 -23.363 -22.712 -21.821 -32.318  -3.525  -1.080  -0.287  -0.303
  450 38000  4.00  0.20  2.00  0.00  0.00 -23.430 -22.765 -21.867 -32.434  -3.595  -1.095  -0.295  -0.311
  451 38000  4.50  0.20  2.00  0.00  0.00 -23.427 -22.769 -21.870 -32.434  -3.592  -1.087  -0.296  -0.312
  452 38000  5.00  0.20  2.00  0.00  0.00 -23.414 -22.759 -21.864 -32.434  -3.598  -1.085  -0.292  -0.308
  453 39000  4.00  0.20  2.00  0.00  0.00 -23.469 -22.801 -21.900 -32.546  -3.674  -1.098  -0.297  -0.313
  454 39000  4.50  0.20  2.00  0.00  0.00 -23.468 -22.808 -21.905 -32.546  -3.670  -1.091  -0.299  -0.315
  455 39000  5.00  0.20  2.00  0.00  0.00 -23.460 -22.801 -21.902 -32.546  -3.673  -1.089  -0.296  -0.312
  456 40000  4.50  0.20  2.00  0.00  0.00 -23.507 -22.844 -21.937 -32.656  -3.747  -1.094  -0.303  -0.319
  457 40000  5.00  0.20  2.00  0.00  0.00 -23.502 -22.839 -21.936 -32.656  -3.748  -1.092  -0.299  -0.315
  458 41000  4.50  0.20  2.00  0.00  0.00 -23.545 -22.878 -21.968 -32.764  -3.823  -1.097  -0.306  -0.322
  459 41000  5.00  0.20  2.00  0.00  0.00 -23.540 -22.875 -21.968 -32.764  -3.824  -1.095  -0.303  -0.319
  460 42000  4.50  0.20  2.00  0.00  0.00 -23.581 -22.911 -21.999 -32.868  -3.898  -1.100  -0.309  -0.325
  461 42000  5.00  0.20  2.00  0.00  0.00 -23.576 -22.908 -21.998 -32.868  -3.898  -1.098  -0.306  -0.322
  462 43000  4.50  0.20  2.00  0.00  0.00 -23.616 -22.943 -22.028 -32.971  -3.970  -1.103  -0.311  -0.327
  463 43000  5.00  0.20  2.00  0.00  0.00 -23.610 -22.940 -22.027 -32.971  -3.971  -1.100  -0.309  -0.325
  464 44000  4.50  0.20  2.00  0.00  0.00 -23.650 -22.974 -22.057 -33.070  -4.041  -1.106  -0.313  -0.329
  465 44000  5.00  0.20  2.00  0.00  0.00 -23.644 -22.971 -22.055 -33.070  -4.043  -1.103  -0.312  -0.328
  466 45000  4.50  0.20  2.00  0.00  0.00 -23.683 -23.004 -22.086 -33.168  -4.110  -1.109  -0.315  -0.331
  467 45000  5.00  0.20  2.00  0.00  0.00 -23.676 -23.001 -22.083 -33.168  -4.113  -1.105  -0.315  -0.331
  468 46000  4.50  0.20  2.00  0.00  0.00 -23.715 -23.033 -22.113 -33.263  -4.178  -1.112  -0.317  -0.333
  469 46000  5.00  0.20  2.00  0.00  0.00 -23.708 -23.030 -22.110 -33.263  -4.181  -1.108  -0.317  -0.333
  470 47000  4.50  0.20  2.00  0.00  0.00 -23.746 -23.062 -22.140 -33.357  -4.245  -1.115  -0.318  -0.334
  471 47000  5.00  0.20  2.00  0.00  0.00 -23.739 -23.059 -22.136 -33.357  -4.248  -1.111  -0.319  -0.335
  472 48000  4.50  0.20  2.00  0.00  0.00 -23.776 -23.089 -22.166 -33.448  -4.310  -1.118  -0.319  -0.335
  473 48000  5.00  0.20  2.00  0.00  0.00 -23.768 -23.086 -22.162 -33.448  -4.314  -1.113  -0.320  -0.336
  474 49000  4.50  0.20  2.00  0.00  0.00 -23.805 -23.116 -22.191 -33.538  -4.374  -1.120  -0.321  -0.337
  475 49000  5.00  0.20  2.00  0.00  0.00 -23.797 -23.113 -22.187 -33.538  -4.379  -1.116  -0.322  -0.338
  476 50000  5.00  0.20  2.00  0.00  0.00 -23.826 -23.138 -22.211 -33.626  -4.442  -1.118  -0.323  -0.339