TEFF   9500.  GRAVITY 3.50000 LTE
TITLE  [-2.5] N(He)/Ntot=0.0784 VTURB=2  L/H=1.25 NOVER
OPACITY IFOP 1 1 1 1 1 1 1 1 1 1 1 1 1 0 1 0 0 0 0 0
CONVECTION ON   1.25 TURBULENCE OFF  0.00  0.00  0.00  0.00
ABUNDANCE SCALE   0.00316 ABUNDANCE CHANGE 1 0.92160 2 0.07840
ABUNDANCE CHANGE  3 -10.94  4 -10.64  5  -9.49  6  -3.52  7  -4.12  8  -3.21
ABUNDANCE CHANGE  9  -7.48 10  -3.96 11  -5.71 12  -4.46 13  -5.57 14  -4.49
ABUNDANCE CHANGE 15  -6.59 16  -4.71 17  -6.54 18  -5.64 19  -6.92 20  -5.68
ABUNDANCE CHANGE 21  -8.87 22  -7.02 23  -8.04 24  -6.37 25  -6.65 26  -4.54
ABUNDANCE CHANGE 27  -7.12 28  -5.79 29  -7.83 30  -7.44 31  -9.16 32  -8.63
ABUNDANCE CHANGE 33  -9.67 34  -8.63 35  -9.41 36  -8.73 37  -9.44 38  -9.07
ABUNDANCE CHANGE 39  -9.80 40  -9.44 41 -10.62 42 -10.12 43 -20.00 44 -10.20
ABUNDANCE CHANGE 45 -10.92 46 -10.35 47 -11.10 48 -10.27 49 -10.38 50 -10.04
ABUNDANCE CHANGE 51 -11.04 52  -9.80 53 -10.53 54  -9.87 55 -10.91 56  -9.91
ABUNDANCE CHANGE 57 -10.87 58 -10.46 59 -11.33 60 -10.54 61 -20.00 62 -11.03
ABUNDANCE CHANGE 63 -11.53 64 -10.92 65 -11.69 66 -10.90 67 -11.78 68 -11.11
ABUNDANCE CHANGE 69 -12.04 70 -10.96 71 -11.98 72 -11.16 73 -12.17 74 -10.93
ABUNDANCE CHANGE 75 -11.76 76 -10.59 77 -10.69 78 -10.24 79 -11.03 80 -10.91
ABUNDANCE CHANGE 81 -11.14 82 -10.09 83 -11.33 84 -20.00 85 -20.00 86 -20.00
ABUNDANCE CHANGE 87 -20.00 88 -20.00 89 -20.00 90 -11.95 91 -20.00 92 -12.54
ABUNDANCE CHANGE 93 -20.00 94 -20.00 95 -20.00 96 -20.00 97 -20.00 98 -20.00
ABUNDANCE CHANGE 99 -20.00
READ DECK6 72 RHOX,T,P,XNE,ABROSS,ACCRAD,VTURB, FLXCNV,VCONV,VELSND
4.53489331E-07   6468.9 1.433E-03 7.600E+08 2.938E-01 4.892E+00 2.000E+05 0.000E+00 0.000E+00 6.207E+07
6.05220736E-07   6468.9 1.912E-03 1.010E+09 2.922E-01 4.924E+00 2.000E+05 0.000E+00 0.000E+00 4.929E+07
8.08971233E-07   6469.2 2.555E-03 1.343E+09 2.900E-01 4.958E+00 2.000E+05 0.000E+00 0.000E+00 3.931E+07
1.08268115E-06   6483.8 3.420E-03 1.783E+09 2.879E-01 4.980E+00 2.000E+05 0.000E+00 1.530E+08 3.206E+07
1.45040039E-06   6505.2 4.581E-03 2.367E+09 2.858E-01 4.982E+00 2.000E+05 0.000E+00 1.392E+08 2.645E+07
1.94420023E-06   6533.8 6.140E-03 3.140E+09 2.839E-01 4.975E+00 2.000E+05 0.000E+00 1.188E+08 2.206E+07
2.60692920E-06   6566.4 8.232E-03 4.162E+09 2.822E-01 4.961E+00 2.000E+05 0.000E+00 9.459E+07 1.853E+07
3.49624643E-06   6600.1 1.104E-02 5.514E+09 2.804E-01 4.937E+00 2.000E+05 0.000E+00 7.193E+07 1.561E+07
4.69049536E-06   6632.3 1.481E-02 7.298E+09 2.782E-01 4.897E+00 2.000E+05 0.000E+00 5.268E+07 1.316E+07
6.29673710E-06   6661.2 1.988E-02 9.649E+09 2.756E-01 4.861E+00 2.000E+05 0.000E+00 3.763E+07 1.108E+07
8.46180320E-06   6686.7 2.672E-02 1.274E+10 2.723E-01 4.830E+00 2.000E+05 0.000E+00 2.624E+07 9.331E+06
1.13891878E-05   6707.9 3.596E-02 1.679E+10 2.680E-01 4.796E+00 2.000E+05 0.000E+00 1.686E+07 7.851E+06
1.53695410E-05   6721.5 4.853E-02 2.208E+10 2.619E-01 4.755E+00 2.000E+05 0.000E+00 9.507E+06 6.582E+06
2.08226585E-05   6730.6 6.575E-02 2.895E+10 2.540E-01 4.717E+00 2.000E+05 0.000E+00 4.132E+06 5.518E+06
2.83632564E-05   6733.9 8.956E-02 3.780E+10 2.436E-01 4.676E+00 2.000E+05 0.000E+00 1.150E+06 4.619E+06
3.88568307E-05   6744.2 1.227E-01 4.939E+10 2.336E-01 4.647E+00 2.000E+05 0.000E+00 2.873E+06 3.887E+06
5.34624015E-05   6757.4 1.688E-01 6.442E+10 2.235E-01 4.624E+00 2.000E+05 0.000E+00 8.816E+05 3.284E+06
7.38877314E-05   6768.3 2.333E-01 8.358E+10 2.123E-01 4.605E+00 2.000E+05 0.000E+00 0.000E+00 2.781E+06
1.02762744E-04   6773.7 3.245E-01 1.076E+11 1.992E-01 4.584E+00 2.000E+05 0.000E+00 0.000E+00 2.359E+06
1.43313985E-04   6797.0 4.525E-01 1.400E+11 1.913E-01 4.626E+00 2.000E+05 0.000E+00 6.969E+04 2.028E+06
1.99799455E-04   6815.3 6.309E-01 1.801E+11 1.826E-01 4.668E+00 2.000E+05 0.000E+00 0.000E+00 1.758E+06
2.78600482E-04   6835.5 8.797E-01 2.309E+11 1.752E-01 4.743E+00 2.000E+05 0.000E+00 0.000E+00 1.540E+06
3.86791571E-04   6866.5 1.221E+00 2.973E+11 1.722E-01 4.878E+00 2.000E+05 0.000E+00 0.000E+00 1.372E+06
5.32173323E-04   6903.2 1.680E+00 3.817E+11 1.723E-01 5.054E+00 2.000E+05 0.000E+00 0.000E+00 1.242E+06
7.24177527E-04   6943.5 2.287E+00 4.874E+11 1.753E-01 5.272E+00 2.000E+05 0.000E+00 0.000E+00 1.143E+06
9.74580972E-04   6984.4 3.077E+00 6.171E+11 1.802E-01 5.514E+00 2.000E+05 0.000E+00 0.000E+00 1.066E+06
1.29627510E-03   7030.0 4.092E+00 7.787E+11 1.886E-01 5.796E+00 2.000E+05 0.000E+00 0.000E+00 1.008E+06
1.70692722E-03   7068.4 5.389E+00 9.664E+11 1.963E-01 6.057E+00 2.000E+05 0.000E+00 0.000E+00 9.618E+05
2.23342344E-03   7102.1 7.050E+00 1.186E+12 2.039E-01 6.322E+00 2.000E+05 0.000E+00 0.000E+00 9.247E+05
2.91292647E-03   7127.5 9.195E+00 1.436E+12 2.099E-01 6.575E+00 2.000E+05 0.000E+00 0.000E+00 8.940E+05
3.79207281E-03   7151.6 1.197E+01 1.730E+12 2.168E-01 6.856E+00 2.000E+05 0.000E+00 0.000E+00 8.693E+05
4.92197394E-03   7177.0 1.553E+01 2.081E+12 2.259E-01 7.179E+00 2.000E+05 0.000E+00 0.000E+00 8.498E+05
6.36028316E-03   7204.2 2.007E+01 2.500E+12 2.379E-01 7.546E+00 2.000E+05 0.000E+00 0.000E+00 8.346E+05
8.17121598E-03   7234.1 2.578E+01 3.000E+12 2.533E-01 7.969E+00 2.000E+05 0.000E+00 0.000E+00 8.231E+05
1.04271675E-02   7266.4 3.290E+01 3.593E+12 2.725E-01 8.447E+00 2.000E+05 0.000E+00 0.000E+00 8.144E+05
1.32034763E-02   7303.4 4.166E+01 4.308E+12 2.973E-01 9.014E+00 2.000E+05 0.000E+00 0.000E+00 8.083E+05
1.65896242E-02   7340.4 5.233E+01 5.138E+12 3.254E-01 9.630E+00 2.000E+05 0.000E+00 0.000E+00 8.038E+05
2.07041118E-02   7378.3 6.530E+01 6.107E+12 3.580E-01 1.033E+01 2.000E+05 0.000E+00 0.000E+00 8.007E+05
2.56784700E-02   7417.5 8.098E+01 7.241E+12 3.959E-01 1.113E+01 2.000E+05 0.000E+00 0.000E+00 7.986E+05
3.16620348E-02   7458.6 9.983E+01 8.572E+12 4.401E-01 1.206E+01 2.000E+05 0.000E+00 0.000E+00 7.974E+05
3.87941517E-02   7505.6 1.223E+02 1.018E+13 4.956E-01 1.323E+01 2.000E+05 0.000E+00 0.000E+00 7.975E+05
4.71982188E-02   7557.7 1.488E+02 1.212E+13 5.635E-01 1.464E+01 2.000E+05 0.000E+00 0.000E+00 7.985E+05
5.69792478E-02   7618.2 1.795E+02 1.449E+13 6.508E-01 1.643E+01 2.000E+05 0.000E+00 0.000E+00 8.006E+05
6.81768492E-02   7688.7 2.147E+02 1.744E+13 7.645E-01 1.872E+01 2.000E+05 0.000E+00 0.000E+00 8.040E+05
8.07783586E-02   7770.1 2.543E+02 2.112E+13 9.138E-01 2.168E+01 2.000E+05 9.523E-05 0.000E+00 8.087E+05
9.46993434E-02   7864.5 2.980E+02 2.574E+13 1.114E+00 2.560E+01 2.000E+05 4.360E-03 6.172E+01 8.149E+05
1.09747854E-01   7975.3 3.452E+02 3.166E+13 1.391E+00 3.090E+01 2.000E+05 3.186E-02 2.077E+02 8.232E+05
1.25634953E-01   8104.4 3.949E+02 3.926E+13 1.778E+00 3.818E+01 2.000E+05 1.292E-01 3.542E+02 8.339E+05
1.41991834E-01   8256.8 4.459E+02 4.918E+13 2.332E+00 4.824E+01 2.000E+05 4.026E-01 5.104E+02 8.479E+05
1.58425053E-01   8433.2 4.970E+02 6.197E+13 3.130E+00 6.231E+01 2.000E+05 1.235E+00 7.033E+02 8.661E+05
1.74570255E-01   8637.7 5.469E+02 7.840E+13 4.291E+00 8.219E+01 2.000E+05 4.504E+00 1.015E+03 8.898E+05
1.90175609E-01   8875.0 5.947E+02 9.922E+13 5.946E+00 1.093E+02 2.000E+05 2.021E+01 1.598E+03 9.208E+05
2.05190615E-01   9147.3 6.403E+02 1.246E+14 8.213E+00 1.450E+02 2.000E+05 8.751E+01 2.707E+03 9.609E+05
2.19810359E-01   9459.1 6.841E+02 1.538E+14 1.106E+01 1.880E+02 2.000E+05 2.477E+02 4.420E+03 1.011E+06
2.34747079E-01   9816.1 7.282E+02 1.849E+14 1.406E+01 2.312E+02 2.000E+05 3.731E+02 5.838E+03 1.073E+06
2.51099746E-01  10222.3 7.759E+02 2.147E+14 1.632E+01 2.614E+02 2.000E+05 2.845E+02 5.271E+03 1.142E+06
2.70976206E-01  10687.2 8.334E+02 2.411E+14 1.699E+01 2.672E+02 2.000E+05 1.005E+02 3.002E+03 1.216E+06
2.97787633E-01  11214.1 9.113E+02 2.652E+14 1.608E+01 2.521E+02 2.000E+05 1.287E+01 1.195E+03 1.295E+06
3.37165850E-01  11823.3 1.026E+03 2.920E+14 1.404E+01 2.205E+02 2.000E+05 6.100E-01 3.743E+02 1.385E+06
3.98346848E-01  12510.7 1.207E+03 3.295E+14 1.197E+01 1.891E+02 2.000E+05 1.429E-02 9.881E+01 1.484E+06
4.94113339E-01  13293.8 1.494E+03 3.867E+14 1.023E+01 1.625E+02 2.000E+05 2.141E-04 6.482E+00 1.573E+06
6.41266709E-01  14158.0 1.937E+03 4.732E+14 9.028E+00 1.427E+02 2.000E+05 5.984E-08 0.000E+00 1.620E+06
8.58964053E-01  15105.7 2.596E+03 5.982E+14 8.303E+00 1.303E+02 2.000E+05 1.126E-04 0.000E+00 1.637E+06
1.16784019E+00  16129.4 3.533E+03 7.696E+14 7.947E+00 1.234E+02 2.000E+05 3.882E-04 5.899E+01 1.671E+06
1.59177487E+00  17236.3 4.822E+03 9.933E+14 7.802E+00 1.204E+02 2.000E+05 4.385E-04 6.246E+01 1.744E+06
2.16652634E+00  18438.7 6.571E+03 1.276E+15 7.683E+00 1.181E+02 2.000E+05 1.629E-04 0.000E+00 1.856E+06
2.94456682E+00  19742.2 8.941E+03 1.629E+15 7.574E+00 1.161E+02 2.000E+05 0.000E+00 0.000E+00 1.989E+06
3.99270403E+00  21155.8 1.213E+04 2.067E+15 7.533E+00 1.153E+02 2.000E+05 0.000E+00 0.000E+00 2.116E+06
5.38945259E+00  22685.2 1.639E+04 2.607E+15 7.582E+00 1.159E+02 2.000E+05 0.000E+00 0.000E+00 2.225E+06
7.22693875E+00  24337.5 2.199E+04 3.261E+15 7.736E+00 1.181E+02 2.000E+05 0.000E+00 0.000E+00 2.321E+06
9.61260049E+00  26122.7 2.924E+04 4.042E+15 7.994E+00 1.217E+02 2.000E+05 0.000E+00 0.000E+00 2.412E+06
1.26703943E+01  28043.7 3.854E+04 4.964E+15 8.365E+00 1.199E+02 2.000E+05 0.000E+00 0.000E+00 2.502E+06
PRADK 1.0977E+01
BEGIN                    ITERATION  15 COMPLETED
