TEFF   7250.  GRAVITY 0.50000 LTE
TITLE  [-2.5] N(He)/Ntot=0.0784 VTURB=2  L/H=1.25 NOVER
OPACITY IFOP 1 1 1 1 1 1 1 1 1 1 1 1 1 0 1 0 0 0 0 0
CONVECTION ON   1.25 TURBULENCE OFF  0.00  0.00  0.00  0.00
ABUNDANCE SCALE   0.00316 ABUNDANCE CHANGE 1 0.92160 2 0.07840
ABUNDANCE CHANGE  3 -10.94  4 -10.64  5  -9.49  6  -3.52  7  -4.12  8  -3.21
ABUNDANCE CHANGE  9  -7.48 10  -3.96 11  -5.71 12  -4.46 13  -5.57 14  -4.49
ABUNDANCE CHANGE 15  -6.59 16  -4.71 17  -6.54 18  -5.64 19  -6.92 20  -5.68
ABUNDANCE CHANGE 21  -8.87 22  -7.02 23  -8.04 24  -6.37 25  -6.65 26  -4.54
ABUNDANCE CHANGE 27  -7.12 28  -5.79 29  -7.83 30  -7.44 31  -9.16 32  -8.63
ABUNDANCE CHANGE 33  -9.67 34  -8.63 35  -9.41 36  -8.73 37  -9.44 38  -9.07
ABUNDANCE CHANGE 39  -9.80 40  -9.44 41 -10.62 42 -10.12 43 -20.00 44 -10.20
ABUNDANCE CHANGE 45 -10.92 46 -10.35 47 -11.10 48 -10.27 49 -10.38 50 -10.04
ABUNDANCE CHANGE 51 -11.04 52  -9.80 53 -10.53 54  -9.87 55 -10.91 56  -9.91
ABUNDANCE CHANGE 57 -10.87 58 -10.46 59 -11.33 60 -10.54 61 -20.00 62 -11.03
ABUNDANCE CHANGE 63 -11.53 64 -10.92 65 -11.69 66 -10.90 67 -11.78 68 -11.11
ABUNDANCE CHANGE 69 -12.04 70 -10.96 71 -11.98 72 -11.16 73 -12.17 74 -10.93
ABUNDANCE CHANGE 75 -11.76 76 -10.59 77 -10.69 78 -10.24 79 -11.03 80 -10.91
ABUNDANCE CHANGE 81 -11.14 82 -10.09 83 -11.33 84 -20.00 85 -20.00 86 -20.00
ABUNDANCE CHANGE 87 -20.00 88 -20.00 89 -20.00 90 -11.95 91 -20.00 92 -12.54
ABUNDANCE CHANGE 93 -20.00 94 -20.00 95 -20.00 96 -20.00 97 -20.00 98 -20.00
ABUNDANCE CHANGE 99 -20.00
READ DECK6 72 RHOX,T,P,XNE,ABROSS,ACCRAD,VTURB, FLXCNV,VCONV,VELSND
7.06994025E-07   4652.1 1.566E-06 8.825E+05 1.839E-01 9.747E-01 2.000E+05 0.000E+00 0.000E+00 0.000E+00
9.56149506E-07   4652.1 2.133E-06 1.126E+06 1.665E-01 8.840E-01 2.000E+05 0.000E+00 0.000E+00 0.000E+00
1.32619431E-06   4652.2 3.008E-06 1.462E+06 1.470E-01 7.837E-01 2.000E+05 0.000E+00 0.000E+00 0.000E+00
1.89606141E-06   4652.2 4.415E-06 1.931E+06 1.266E-01 6.766E-01 2.000E+05 0.000E+00 1.217E+09 1.962E+08
2.79986103E-06   4652.2 6.740E-06 2.585E+06 1.060E-01 5.685E-01 2.000E+05 0.000E+00 7.103E+08 1.334E+08
4.26349098E-06   4652.2 1.065E-05 3.489E+06 8.663E-02 4.664E-01 2.000E+05 0.000E+00 4.681E+08 1.071E+08
6.68479086E-06   4652.2 1.733E-05 4.733E+06 6.927E-02 3.751E-01 2.000E+05 0.000E+00 1.535E+09 9.036E+07
1.07537625E-05   4653.2 2.889E-05 6.450E+06 5.464E-02 2.985E-01 2.000E+05 0.000E+00 1.673E+09 7.657E+07
1.76454029E-05   4655.7 4.897E-05 8.818E+06 4.284E-02 2.369E-01 2.000E+05 0.000E+00 1.202E+09 6.376E+07
2.94143512E-05   4659.0 8.384E-05 1.205E+07 3.347E-02 1.880E-01 2.000E+05 0.000E+00 7.507E+08 5.202E+07
4.94890593E-05   4663.8 1.442E-04 1.647E+07 2.621E-02 1.502E-01 2.000E+05 0.000E+00 4.638E+08 4.189E+07
8.36407455E-05   4669.7 2.478E-04 2.247E+07 2.061E-02 1.211E-01 2.000E+05 0.000E+00 2.750E+08 3.360E+07
1.41416581E-04   4676.8 4.246E-04 3.061E+07 1.631E-02 9.884E-02 2.000E+05 0.000E+00 1.723E+08 2.701E+07
2.37922392E-04   4687.7 7.214E-04 4.196E+07 1.315E-02 8.247E-02 2.000E+05 0.000E+00 1.154E+08 2.181E+07
3.95681205E-04   4702.8 1.209E-03 5.780E+07 1.086E-02 7.055E-02 2.000E+05 0.000E+00 7.638E+07 1.773E+07
6.46847184E-04   4723.2 1.987E-03 8.015E+07 9.229E-03 6.203E-02 2.000E+05 0.000E+00 5.077E+07 1.452E+07
1.03454241E-03   4749.1 3.191E-03 1.118E+08 8.098E-03 5.604E-02 2.000E+05 0.000E+00 3.356E+07 1.197E+07
1.61419077E-03   4780.4 4.993E-03 1.566E+08 7.333E-03 5.187E-02 2.000E+05 0.000E+00 2.198E+07 9.931E+06
2.45409911E-03   4816.8 7.607E-03 2.198E+08 6.844E-03 4.910E-02 2.000E+05 0.000E+00 1.405E+07 8.300E+06
3.63978797E-03   4856.5 1.130E-02 3.072E+08 6.531E-03 4.721E-02 2.000E+05 0.000E+00 8.593E+06 6.990E+06
5.28282805E-03   4898.1 1.642E-02 4.262E+08 6.328E-03 4.584E-02 2.000E+05 0.000E+00 4.976E+06 5.932E+06
7.53258444E-03   4940.3 2.343E-02 5.859E+08 6.187E-03 4.479E-02 2.000E+05 0.000E+00 4.224E+05 5.070E+06
1.05927529E-02   4982.3 3.298E-02 7.974E+08 6.078E-03 4.391E-02 2.000E+05 0.000E+00 2.021E+05 4.362E+06
1.47417793E-02   5024.0 4.592E-02 1.076E+09 5.984E-03 4.314E-02 2.000E+05 0.000E+00 9.974E+04 3.773E+06
2.03576114E-02   5065.2 6.344E-02 1.440E+09 5.899E-03 4.244E-02 2.000E+05 0.000E+00 4.940E+04 3.280E+06
2.79484699E-02   5106.2 8.712E-02 1.917E+09 5.824E-03 4.183E-02 2.000E+05 0.000E+00 2.434E+04 2.864E+06
3.81954139E-02   5147.1 1.191E-01 2.540E+09 5.756E-03 4.129E-02 2.000E+05 0.000E+00 1.177E+04 2.511E+06
5.20103552E-02   5187.9 1.622E-01 3.352E+09 5.697E-03 4.084E-02 2.000E+05 0.000E+00 5.497E+03 2.211E+06
7.06091030E-02   5228.6 2.203E-01 4.408E+09 5.649E-03 4.049E-02 2.000E+05 0.000E+00 2.459E+03 1.956E+06
9.55590273E-02   5270.5 2.982E-01 5.795E+09 5.632E-03 4.037E-02 2.000E+05 0.000E+00 1.045E+03 1.738E+06
1.28774394E-01   5314.5 4.019E-01 7.634E+09 5.671E-03 4.056E-02 2.000E+05 0.000E+00 4.133E+02 1.553E+06
1.72411657E-01   5362.5 5.381E-01 1.011E+10 5.801E-03 4.123E-02 2.000E+05 0.000E+00 1.262E+02 1.396E+06
2.28829620E-01   5413.6 7.141E-01 1.342E+10 6.022E-03 4.230E-02 2.000E+05 0.000E+00 0.000E+00 1.264E+06
3.01019989E-01   5465.2 9.393E-01 1.769E+10 6.296E-03 4.356E-02 2.000E+05 0.000E+00 0.000E+00 1.156E+06
3.93240902E-01   5512.9 1.227E+00 2.296E+10 6.550E-03 4.469E-02 2.000E+05 0.000E+00 0.000E+00 1.070E+06
5.12074300E-01   5555.3 1.597E+00 2.928E+10 6.745E-03 4.559E-02 2.000E+05 0.000E+00 0.000E+00 1.001E+06
6.66733684E-01   5592.8 2.079E+00 3.683E+10 6.890E-03 4.634E-02 2.000E+05 0.000E+00 0.000E+00 9.447E+05
8.68373750E-01   5629.4 2.708E+00 4.616E+10 7.060E-03 4.729E-02 2.000E+05 0.000E+00 0.000E+00 8.986E+05
1.12985153E+00   5665.8 3.522E+00 5.773E+10 7.287E-03 4.858E-02 2.000E+05 0.000E+00 0.000E+00 8.610E+05
1.46593252E+00   5703.0 4.568E+00 7.215E+10 7.599E-03 5.036E-02 2.000E+05 0.000E+00 0.000E+00 8.307E+05
1.89323790E+00   5741.0 5.897E+00 9.001E+10 8.015E-03 5.272E-02 2.000E+05 0.000E+00 0.000E+00 8.067E+05
2.42938292E+00   5781.1 7.564E+00 1.124E+11 8.584E-03 5.598E-02 2.000E+05 0.000E+00 0.000E+00 7.879E+05
3.09118643E+00   5824.3 9.618E+00 1.405E+11 9.353E-03 6.042E-02 2.000E+05 0.000E+00 0.000E+00 7.733E+05
3.89255343E+00   5872.5 1.210E+01 1.765E+11 1.041E-02 6.653E-02 2.000E+05 0.000E+00 0.000E+00 7.622E+05
4.84150215E+00   5927.1 1.503E+01 2.230E+11 1.186E-02 7.498E-02 2.000E+05 0.000E+00 0.000E+00 7.539E+05
5.93667416E+00   5990.7 1.841E+01 2.849E+11 1.390E-02 8.691E-02 2.000E+05 0.000E+00 0.000E+00 7.478E+05
7.16377183E+00   6065.4 2.217E+01 3.684E+11 1.680E-02 1.040E-01 2.000E+05 0.000E+00 0.000E+00 7.437E+05
8.49423412E+00   6154.1 2.623E+01 4.841E+11 2.103E-02 1.292E-01 2.000E+05 2.978E-11 0.000E+00 7.412E+05
9.88221096E+00   6260.5 3.041E+01 6.491E+11 2.747E-02 1.677E-01 2.000E+05 4.607E-08 9.790E-01 7.406E+05
1.12673709E+01   6387.7 3.452E+01 8.893E+11 3.759E-02 2.288E-01 2.000E+05 8.380E-07 1.065E+01 7.420E+05
1.25813012E+01   6540.7 3.831E+01 1.249E+12 5.434E-02 3.312E-01 2.000E+05 1.391E-05 2.548E+01 7.463E+05
1.37545151E+01   6725.4 4.154E+01 1.802E+12 8.386E-02 5.131E-01 2.000E+05 4.676E-04 6.182E+01 7.547E+05
1.47324389E+01   6947.2 4.399E+01 2.663E+12 1.390E-01 8.538E-01 2.000E+05 3.574E-02 1.958E+02 7.694E+05
1.54912884E+01   7210.9 4.552E+01 3.995E+12 2.465E-01 1.516E+00 2.000E+05 4.004E+00 8.210E+02 7.936E+05
1.60469610E+01   7516.8 4.613E+01 5.955E+12 4.573E-01 2.790E+00 2.000E+05 3.531E+02 3.982E+03 8.323E+05
1.64453078E+01   7864.1 4.588E+01 8.551E+12 8.447E-01 5.047E+00 2.000E+05 9.671E+03 1.836E+04 8.920E+05
1.67405998E+01   8250.7 4.485E+01 1.136E+13 1.440E+00 8.341E+00 2.000E+05 3.913E+04 5.875E+04 9.800E+05
1.69959999E+01   8674.2 4.313E+01 1.343E+13 2.043E+00 1.146E+01 2.000E+05 5.325E+04 8.779E+04 1.098E+06
1.72684560E+01   9143.3 4.072E+01 1.395E+13 2.247E+00 1.219E+01 2.000E+05 2.614E+04 5.205E+04 1.251E+06
1.76427989E+01   9652.6 3.766E+01 1.305E+13 1.977E+00 1.049E+01 2.000E+05 2.791E+03 2.023E+04 1.468E+06
1.82452169E+01  10215.3 3.403E+01 1.142E+13 1.525E+00 7.995E+00 2.000E+05 1.026E+02 9.838E+03 1.746E+06
1.93270983E+01  10837.1 3.010E+01 9.601E+12 1.119E+00 5.834E+00 2.000E+05 1.098E+01 6.759E+03 2.028E+06
2.12910491E+01  11531.8 2.653E+01 7.984E+12 8.289E-01 4.317E+00 2.000E+05 4.366E+00 5.849E+03 2.328E+06
2.47133828E+01  12292.3 2.433E+01 6.908E+12 6.578E-01 3.424E+00 2.000E+05 3.646E+00 6.000E+03 2.643E+06
3.01860553E+01  13133.8 2.427E+01 6.539E+12 5.737E-01 2.987E+00 2.000E+05 3.526E+00 6.523E+03 2.987E+06
3.82683488E+01  14048.9 2.667E+01 6.810E+12 5.322E-01 2.772E+00 2.000E+05 2.418E+00 5.522E+03 3.382E+06
4.97234663E+01  15049.7 3.201E+01 7.676E+12 5.065E-01 2.638E+00 2.000E+05 9.308E-01 3.350E+03 3.690E+06
6.55924578E+01  16131.2 4.102E+01 9.193E+12 4.923E-01 2.563E+00 2.000E+05 1.621E-01 9.909E+02 3.886E+06
8.71815101E+01  17304.3 5.440E+01 1.137E+13 4.859E-01 2.528E+00 2.000E+05 4.702E-03 0.000E+00 4.027E+06
1.16194528E+02  18567.1 7.302E+01 1.423E+13 4.843E-01 2.517E+00 2.000E+05 0.000E+00 0.000E+00 4.153E+06
1.54838816E+02  19933.7 9.779E+01 1.775E+13 4.869E-01 2.525E+00 2.000E+05 6.505E+02 0.000E+00 4.287E+06
2.05822588E+02  21400.4 1.310E+02 2.216E+13 4.942E-01 2.496E+00 2.000E+05 1.301E+03 3.827E+04 4.421E+06
PRADK 3.6992E+00
BEGIN                    ITERATION  15 COMPLETED
