TEFF   3750.  GRAVITY 4.00000 LTE
TITLE  [-2.5] N(He)/Ntot=0.0784 VTURB=2  L/H=1.25 NOVER
OPACITY IFOP 1 1 1 1 1 1 1 1 1 1 1 1 1 0 1 0 0 0 0 0
CONVECTION ON   1.25 TURBULENCE OFF  0.00  0.00  0.00  0.00
ABUNDANCE SCALE   0.00316 ABUNDANCE CHANGE 1 0.92160 2 0.07840
ABUNDANCE CHANGE  3 -10.94  4 -10.64  5  -9.49  6  -3.52  7  -4.12  8  -3.21
ABUNDANCE CHANGE  9  -7.48 10  -3.96 11  -5.71 12  -4.46 13  -5.57 14  -4.49
ABUNDANCE CHANGE 15  -6.59 16  -4.71 17  -6.54 18  -5.64 19  -6.92 20  -5.68
ABUNDANCE CHANGE 21  -8.87 22  -7.02 23  -8.04 24  -6.37 25  -6.65 26  -4.54
ABUNDANCE CHANGE 27  -7.12 28  -5.79 29  -7.83 30  -7.44 31  -9.16 32  -8.63
ABUNDANCE CHANGE 33  -9.67 34  -8.63 35  -9.41 36  -8.73 37  -9.44 38  -9.07
ABUNDANCE CHANGE 39  -9.80 40  -9.44 41 -10.62 42 -10.12 43 -20.00 44 -10.20
ABUNDANCE CHANGE 45 -10.92 46 -10.35 47 -11.10 48 -10.27 49 -10.38 50 -10.04
ABUNDANCE CHANGE 51 -11.04 52  -9.80 53 -10.53 54  -9.87 55 -10.91 56  -9.91
ABUNDANCE CHANGE 57 -10.87 58 -10.46 59 -11.33 60 -10.54 61 -20.00 62 -11.03
ABUNDANCE CHANGE 63 -11.53 64 -10.92 65 -11.69 66 -10.90 67 -11.78 68 -11.11
ABUNDANCE CHANGE 69 -12.04 70 -10.96 71 -11.98 72 -11.16 73 -12.17 74 -10.93
ABUNDANCE CHANGE 75 -11.76 76 -10.59 77 -10.69 78 -10.24 79 -11.03 80 -10.91
ABUNDANCE CHANGE 81 -11.14 82 -10.09 83 -11.33 84 -20.00 85 -20.00 86 -20.00
ABUNDANCE CHANGE 87 -20.00 88 -20.00 89 -20.00 90 -11.95 91 -20.00 92 -12.54
ABUNDANCE CHANGE 93 -20.00 94 -20.00 95 -20.00 96 -20.00 97 -20.00 98 -20.00
ABUNDANCE CHANGE 99 -20.00
READ DECK6 72 RHOX,T,P,XNE,ABROSS,ACCRAD,VTURB, FLXCNV,VCONV,VELSND
2.20564913E-03   2277.9 2.206E+01 1.661E+06 6.046E-05 1.626E-04 2.000E+05 0.000E+00 0.000E+00 3.802E+05
2.91009967E-03   2297.3 2.910E+01 2.195E+06 6.581E-05 1.780E-04 2.000E+05 0.000E+00 0.000E+00 3.804E+05
3.76976032E-03   2301.0 3.770E+01 2.819E+06 7.217E-05 2.005E-04 2.000E+05 0.000E+00 0.000E+00 3.763E+05
4.83088785E-03   2305.4 4.831E+01 3.583E+06 7.690E-05 2.183E-04 2.000E+05 0.000E+00 0.000E+00 3.725E+05
6.15924072E-03   2311.1 6.159E+01 4.534E+06 8.190E-05 2.378E-04 2.000E+05 0.000E+00 0.000E+00 3.692E+05
7.81234429E-03   2315.9 7.812E+01 5.700E+06 8.826E-05 2.637E-04 2.000E+05 0.000E+00 0.000E+00 3.657E+05
9.85900638E-03   2324.1 9.859E+01 7.145E+06 9.468E-05 2.900E-04 2.000E+05 0.000E+00 0.000E+00 3.633E+05
1.24392543E-02   2325.1 1.244E+02 8.887E+06 9.885E-05 3.088E-04 2.000E+05 0.000E+00 0.000E+00 3.589E+05
1.57544584E-02   2329.5 1.575E+02 1.111E+07 1.023E-04 3.239E-04 2.000E+05 0.000E+00 0.000E+00 3.556E+05
2.00154536E-02   2334.2 2.002E+02 1.391E+07 1.064E-04 3.423E-04 2.000E+05 0.000E+00 0.000E+00 3.523E+05
2.54543972E-02   2337.0 2.545E+02 1.736E+07 1.116E-04 3.663E-04 2.000E+05 0.000E+00 0.000E+00 3.488E+05
3.23735715E-02   2345.0 3.237E+02 2.178E+07 1.166E-04 3.884E-04 2.000E+05 0.000E+00 0.000E+00 3.467E+05
4.13080669E-02   2345.5 4.131E+02 2.707E+07 1.193E-04 4.000E-04 2.000E+05 0.000E+00 0.000E+00 3.429E+05
5.29750200E-02   2354.0 5.298E+02 3.413E+07 1.218E-04 4.083E-04 2.000E+05 0.000E+00 0.000E+00 3.411E+05
6.81669456E-02   2356.6 6.817E+02 4.270E+07 1.251E-04 4.216E-04 2.000E+05 0.000E+00 0.000E+00 3.382E+05
8.78608953E-02   2364.9 8.786E+02 5.392E+07 1.288E-04 4.345E-04 2.000E+05 0.000E+00 0.000E+00 3.366E+05
1.13415900E-01   2370.1 1.134E+03 6.771E+07 1.320E-04 4.451E-04 2.000E+05 0.000E+00 0.000E+00 3.346E+05
1.46727589E-01   2380.1 1.467E+03 8.581E+07 1.349E-04 4.501E-04 2.000E+05 0.000E+00 0.000E+00 3.336E+05
1.90166794E-01   2388.3 1.902E+03 1.085E+08 1.381E-04 4.564E-04 2.000E+05 0.000E+00 0.000E+00 3.325E+05
2.46590353E-01   2401.9 2.466E+03 1.384E+08 1.422E-04 4.624E-04 2.000E+05 0.000E+00 0.000E+00 3.323E+05
3.19689388E-01   2411.8 3.197E+03 1.752E+08 1.463E-04 4.688E-04 2.000E+05 0.000E+00 0.000E+00 3.316E+05
4.14123269E-01   2432.5 4.141E+03 2.262E+08 1.514E-04 4.700E-04 2.000E+05 0.000E+00 0.000E+00 3.327E+05
5.35695362E-01   2448.4 5.357E+03 2.886E+08 1.571E-04 4.737E-04 2.000E+05 0.000E+00 0.000E+00 3.330E+05
6.91244235E-01   2469.3 6.912E+03 3.710E+08 1.645E-04 4.790E-04 2.000E+05 0.000E+00 0.000E+00 3.341E+05
8.88126214E-01   2496.2 8.881E+03 4.802E+08 1.744E-04 4.867E-04 2.000E+05 9.268E+03 0.000E+00 3.361E+05
1.13310339E+00   2541.7 1.133E+04 6.385E+08 1.887E-04 4.883E-04 2.000E+05 3.078E+04 4.626E+03 3.406E+05
1.43401714E+00   2587.1 1.434E+04 8.398E+08 2.055E-04 4.885E-04 2.000E+05 4.499E+04 4.737E+03 3.452E+05
1.80060327E+00   2631.2 1.801E+04 1.092E+09 2.260E-04 4.931E-04 2.000E+05 6.287E+04 4.308E+03 3.496E+05
2.24481744E+00   2675.5 2.245E+04 1.407E+09 2.489E-04 4.919E-04 2.000E+05 1.372E+05 5.488E+03 3.541E+05
2.77959913E+00   2718.9 2.780E+04 1.797E+09 2.771E-04 4.990E-04 2.000E+05 2.626E+05 6.980E+03 3.585E+05
3.41816266E+00   2762.8 3.418E+04 2.279E+09 3.101E-04 5.071E-04 2.000E+05 3.237E+05 7.304E+03 3.631E+05
4.18195879E+00   2805.5 4.182E+04 2.871E+09 3.448E-04 5.051E-04 2.000E+05 4.952E+05 6.030E+03 3.674E+05
5.09314895E+00   2849.0 5.093E+04 3.607E+09 3.872E-04 5.102E-04 2.000E+05 8.102E+05 9.264E+03 3.719E+05
6.17200378E+00   2892.5 6.172E+04 4.512E+09 4.372E-04 5.192E-04 2.000E+05 9.364E+05 7.933E+03 3.764E+05
7.44536025E+00   2935.3 7.445E+04 5.623E+09 4.944E-04 5.264E-04 2.000E+05 1.386E+06 8.213E+03 3.808E+05
8.93883422E+00   2978.8 8.939E+04 6.994E+09 5.650E-04 5.454E-04 2.000E+05 1.874E+06 1.065E+04 3.853E+05
1.06778153E+01   3022.0 1.068E+05 8.676E+09 6.480E-04 5.689E-04 2.000E+05 2.249E+06 7.673E+03 3.898E+05
1.27158956E+01   3064.6 1.272E+05 1.074E+10 7.321E-04 5.737E-04 2.000E+05 3.228E+06 1.113E+04 3.941E+05
1.51076409E+01   3109.8 1.511E+05 1.336E+10 8.362E-04 5.900E-04 2.000E+05 3.851E+06 1.027E+04 3.989E+05
1.78985815E+01   3152.4 1.790E+05 1.653E+10 9.561E-04 6.185E-04 2.000E+05 5.097E+06 1.012E+04 4.032E+05
2.11498016E+01   3198.7 2.115E+05 2.060E+10 1.096E-03 6.466E-04 2.000E+05 6.480E+06 1.250E+04 4.081E+05
2.49330316E+01   3242.5 2.493E+05 2.552E+10 1.256E-03 6.884E-04 2.000E+05 8.220E+06 9.641E+03 4.125E+05
2.93101685E+01   3289.0 2.931E+05 3.176E+10 1.454E-03 7.482E-04 2.000E+05 1.099E+07 1.379E+04 4.174E+05
3.43712816E+01   3334.7 3.437E+05 3.941E+10 1.669E-03 8.096E-04 2.000E+05 1.421E+07 1.119E+04 4.221E+05
4.02701375E+01   3381.8 4.027E+05 4.902E+10 1.907E-03 8.784E-04 2.000E+05 1.947E+07 1.465E+04 4.270E+05
4.71256740E+01   3430.5 4.713E+05 6.111E+10 2.196E-03 9.713E-04 2.000E+05 2.606E+07 1.379E+04 4.321E+05
5.51183598E+01   3479.2 5.512E+05 7.608E+10 2.485E-03 1.064E-03 2.000E+05 3.627E+07 1.573E+04 4.371E+05
6.47623037E+01   3532.9 6.476E+05 9.594E+10 2.701E-03 1.134E-03 2.000E+05 5.034E+07 1.662E+04 4.428E+05
7.63555173E+01   3587.1 7.636E+05 1.212E+11 3.073E-03 1.257E-03 2.000E+05 7.139E+07 1.755E+04 4.483E+05
8.96484984E+01   3644.4 8.965E+05 1.532E+11 3.646E-03 1.426E-03 2.000E+05 1.008E+08 1.967E+04 4.544E+05
1.04297382E+02   3697.8 1.043E+06 1.903E+11 4.470E-03 1.628E-03 2.000E+05 1.404E+08 2.026E+04 4.599E+05
1.20255348E+02   3752.1 1.203E+06 2.347E+11 5.454E-03 1.809E-03 2.000E+05 1.906E+08 2.271E+04 4.657E+05
1.37760600E+02   3804.0 1.378E+06 2.859E+11 6.596E-03 1.944E-03 2.000E+05 2.507E+08 2.309E+04 4.711E+05
1.57404185E+02   3858.1 1.574E+06 3.481E+11 7.724E-03 1.977E-03 2.000E+05 3.203E+08 2.527E+04 4.768E+05
1.79734611E+02   3912.6 1.797E+06 4.229E+11 9.091E-03 1.950E-03 2.000E+05 3.955E+08 2.539E+04 4.825E+05
2.04955482E+02   3969.0 2.050E+06 5.136E+11 1.076E-02 1.866E-03 2.000E+05 4.740E+08 2.698E+04 4.885E+05
2.33346500E+02   4026.2 2.333E+06 6.227E+11 1.276E-02 1.729E-03 2.000E+05 5.486E+08 2.680E+04 4.945E+05
2.65250061E+02   4084.2 2.653E+06 7.541E+11 1.516E-02 1.568E-03 2.000E+05 6.179E+08 2.764E+04 5.006E+05
3.00972835E+02   4143.7 3.010E+06 9.139E+11 1.808E-02 1.409E-03 2.000E+05 6.759E+08 2.725E+04 5.069E+05
3.40896789E+02   4203.3 3.409E+06 1.107E+12 2.158E-02 1.271E-03 2.000E+05 7.253E+08 2.736E+04 5.130E+05
3.85378355E+02   4264.6 3.854E+06 1.347E+12 2.591E-02 1.158E-03 2.000E+05 7.646E+08 2.699E+04 5.195E+05
4.34732559E+02   4325.6 4.347E+06 1.641E+12 3.118E-02 1.066E-03 2.000E+05 7.957E+08 2.656E+04 5.257E+05
4.89175155E+02   4388.2 4.892E+06 2.014E+12 3.786E-02 9.908E-04 2.000E+05 8.223E+08 2.632E+04 5.322E+05
5.48875630E+02   4450.0 5.489E+06 2.477E+12 4.612E-02 9.251E-04 2.000E+05 8.380E+08 2.564E+04 5.386E+05
6.13958391E+02   4513.0 6.140E+06 3.070E+12 5.662E-02 8.797E-04 2.000E+05 8.554E+08 2.527E+04 5.451E+05
6.84605668E+02   4574.9 6.846E+06 3.814E+12 6.959E-02 8.330E-04 2.000E+05 8.612E+08 2.490E+04 5.513E+05
7.61121873E+02   4638.2 7.611E+06 4.774E+12 8.580E-02 7.983E-04 2.000E+05 8.703E+08 2.392E+04 5.578E+05
8.43937132E+02   4700.3 8.439E+06 5.978E+12 1.057E-01 7.702E-04 2.000E+05 8.760E+08 2.434E+04 5.641E+05
9.33222480E+02   4764.5 9.332E+06 7.547E+12 1.311E-01 7.472E-04 2.000E+05 8.743E+08 2.259E+04 5.706E+05
1.02947755E+03   4826.6 1.029E+07 9.484E+12 1.618E-01 7.245E-04 2.000E+05 8.877E+08 2.361E+04 5.768E+05
1.13294988E+03   4892.2 1.133E+07 1.204E+13 2.015E-01 7.093E-04 2.000E+05 8.754E+08 2.193E+04 5.834E+05
1.24422327E+03   4954.6 1.244E+07 1.514E+13 2.481E-01 7.397E-04 2.000E+05 8.938E+08 2.214E+04 5.896E+05
PRADK 2.5708E-01
BEGIN                    ITERATION  15 COMPLETED
