TEFF   6250.  GRAVITY 1.00000 LTE
TITLE  [-2.5] N(He)/Ntot=0.0784 VTURB=2  L/H=1.25 NOVER
OPACITY IFOP 1 1 1 1 1 1 1 1 1 1 1 1 1 0 1 0 0 0 0 0
CONVECTION ON   1.25 TURBULENCE OFF  0.00  0.00  0.00  0.00
ABUNDANCE SCALE   0.00316 ABUNDANCE CHANGE 1 0.92160 2 0.07840
ABUNDANCE CHANGE  3 -10.94  4 -10.64  5  -9.49  6  -3.52  7  -4.12  8  -3.21
ABUNDANCE CHANGE  9  -7.48 10  -3.96 11  -5.71 12  -4.46 13  -5.57 14  -4.49
ABUNDANCE CHANGE 15  -6.59 16  -4.71 17  -6.54 18  -5.64 19  -6.92 20  -5.68
ABUNDANCE CHANGE 21  -8.87 22  -7.02 23  -8.04 24  -6.37 25  -6.65 26  -4.54
ABUNDANCE CHANGE 27  -7.12 28  -5.79 29  -7.83 30  -7.44 31  -9.16 32  -8.63
ABUNDANCE CHANGE 33  -9.67 34  -8.63 35  -9.41 36  -8.73 37  -9.44 38  -9.07
ABUNDANCE CHANGE 39  -9.80 40  -9.44 41 -10.62 42 -10.12 43 -20.00 44 -10.20
ABUNDANCE CHANGE 45 -10.92 46 -10.35 47 -11.10 48 -10.27 49 -10.38 50 -10.04
ABUNDANCE CHANGE 51 -11.04 52  -9.80 53 -10.53 54  -9.87 55 -10.91 56  -9.91
ABUNDANCE CHANGE 57 -10.87 58 -10.46 59 -11.33 60 -10.54 61 -20.00 62 -11.03
ABUNDANCE CHANGE 63 -11.53 64 -10.92 65 -11.69 66 -10.90 67 -11.78 68 -11.11
ABUNDANCE CHANGE 69 -12.04 70 -10.96 71 -11.98 72 -11.16 73 -12.17 74 -10.93
ABUNDANCE CHANGE 75 -11.76 76 -10.59 77 -10.69 78 -10.24 79 -11.03 80 -10.91
ABUNDANCE CHANGE 81 -11.14 82 -10.09 83 -11.33 84 -20.00 85 -20.00 86 -20.00
ABUNDANCE CHANGE 87 -20.00 88 -20.00 89 -20.00 90 -11.95 91 -20.00 92 -12.54
ABUNDANCE CHANGE 93 -20.00 94 -20.00 95 -20.00 96 -20.00 97 -20.00 98 -20.00
ABUNDANCE CHANGE 99 -20.00
READ DECK6 72 RHOX,T,P,XNE,ABROSS,ACCRAD,VTURB, FLXCNV,VCONV,VELSND
1.51349014E-04   4116.8 1.513E-03 5.922E+06 8.811E-04 5.619E-03 2.000E+05 0.000E+00 0.000E+00 2.188E+07
2.04187826E-04   4125.1 2.041E-03 7.152E+06 8.024E-04 5.405E-03 2.000E+05 0.000E+00 0.000E+00 1.937E+07
2.82527686E-04   4129.6 2.824E-03 8.597E+06 7.118E-04 5.159E-03 2.000E+05 0.000E+00 0.000E+00 1.702E+07
3.99097141E-04   4140.8 3.989E-03 1.077E+07 6.452E-04 4.983E-03 2.000E+05 0.000E+00 1.027E+07 1.473E+07
5.71546497E-04   4152.3 5.712E-03 1.360E+07 5.828E-04 4.811E-03 2.000E+05 0.000E+00 7.256E+06 1.265E+07
8.25436698E-04   4166.1 8.250E-03 1.742E+07 5.300E-04 4.648E-03 2.000E+05 0.000E+00 5.487E+06 1.079E+07
1.19437017E-03   4184.0 1.194E-02 2.275E+07 4.906E-04 4.519E-03 2.000E+05 0.000E+00 4.186E+06 9.165E+06
1.72140658E-03   4205.3 1.721E-02 3.010E+07 4.614E-04 4.411E-03 2.000E+05 0.000E+00 3.086E+06 7.776E+06
2.46270084E-03   4229.6 2.462E-02 4.015E+07 4.406E-04 4.315E-03 2.000E+05 0.000E+00 2.236E+06 6.606E+06
3.49060511E-03   4256.3 3.489E-02 5.383E+07 4.263E-04 4.228E-03 2.000E+05 0.000E+00 1.583E+06 5.628E+06
4.89952755E-03   4284.7 4.897E-02 7.222E+07 4.166E-04 4.146E-03 2.000E+05 0.000E+00 1.084E+06 4.814E+06
6.81493523E-03   4313.9 6.812E-02 9.667E+07 4.099E-04 4.068E-03 2.000E+05 0.000E+00 7.057E+05 4.136E+06
9.40573012E-03   4343.4 9.402E-02 1.288E+08 4.048E-04 3.995E-03 2.000E+05 0.000E+00 1.506E+05 3.569E+06
1.28990559E-02   4373.0 1.289E-01 1.709E+08 4.008E-04 3.932E-03 2.000E+05 0.000E+00 5.200E+04 3.093E+06
1.75979048E-02   4402.5 1.759E-01 2.256E+08 3.978E-04 3.888E-03 2.000E+05 0.000E+00 7.596E+03 2.692E+06
2.39020281E-02   4432.1 2.389E-01 2.970E+08 3.959E-04 3.851E-03 2.000E+05 0.000E+00 0.000E+00 2.353E+06
3.23329675E-02   4462.0 3.232E-01 3.898E+08 3.955E-04 3.820E-03 2.000E+05 0.000E+00 0.000E+00 2.067E+06
4.35662060E-02   4492.0 4.355E-01 5.099E+08 3.965E-04 3.795E-03 2.000E+05 0.000E+00 0.000E+00 1.826E+06
5.84884017E-02   4521.6 5.847E-01 6.639E+08 3.985E-04 3.775E-03 2.000E+05 0.000E+00 0.000E+00 1.624E+06
7.82770938E-02   4550.2 7.825E-01 8.585E+08 4.009E-04 3.761E-03 2.000E+05 0.000E+00 0.000E+00 1.455E+06
1.04479097E-01   4577.9 1.044E+00 1.103E+09 4.042E-04 3.755E-03 2.000E+05 0.000E+00 0.000E+00 1.314E+06
1.38989870E-01   4606.7 1.389E+00 1.419E+09 4.111E-04 3.742E-03 2.000E+05 0.000E+00 0.000E+00 1.197E+06
1.84080468E-01   4635.3 1.840E+00 1.819E+09 4.210E-04 3.742E-03 2.000E+05 0.000E+00 0.000E+00 1.101E+06
2.42461292E-01   4665.0 2.424E+00 2.330E+09 4.361E-04 3.760E-03 2.000E+05 0.000E+00 0.000E+00 1.023E+06
3.17107732E-01   4696.0 3.170E+00 2.985E+09 4.578E-04 3.795E-03 2.000E+05 0.000E+00 0.000E+00 9.605E+05
4.11275993E-01   4728.4 4.111E+00 3.820E+09 4.870E-04 3.850E-03 2.000E+05 0.000E+00 0.000E+00 9.111E+05
5.28535063E-01   4761.9 5.283E+00 4.879E+09 5.246E-04 3.923E-03 2.000E+05 0.000E+00 0.000E+00 8.723E+05
6.72982968E-01   4795.6 6.727E+00 6.196E+09 5.703E-04 4.017E-03 2.000E+05 0.000E+00 0.000E+00 8.421E+05
8.50056471E-01   4826.9 8.497E+00 7.760E+09 6.209E-04 4.138E-03 2.000E+05 0.000E+00 0.000E+00 8.187E+05
1.06580752E+00   4859.0 1.065E+01 9.697E+09 6.828E-04 4.287E-03 2.000E+05 0.000E+00 0.000E+00 8.005E+05
1.32655516E+00   4890.9 1.326E+01 1.204E+10 7.553E-04 4.460E-03 2.000E+05 0.000E+00 0.000E+00 7.865E+05
1.64014792E+00   4922.1 1.639E+01 1.486E+10 8.391E-04 4.657E-03 2.000E+05 0.000E+00 0.000E+00 7.757E+05
2.01603990E+00   4952.2 2.015E+01 1.819E+10 9.344E-04 4.878E-03 2.000E+05 0.000E+00 0.000E+00 7.674E+05
2.46633181E+00   4980.3 2.465E+01 2.204E+10 1.040E-03 5.122E-03 2.000E+05 0.000E+00 0.000E+00 7.612E+05
3.00633090E+00   5006.2 3.005E+01 2.645E+10 1.155E-03 5.392E-03 2.000E+05 0.000E+00 0.000E+00 7.565E+05
3.65591379E+00   5028.9 3.654E+01 3.135E+10 1.278E-03 5.689E-03 2.000E+05 0.000E+00 0.000E+00 7.530E+05
4.43916173E+00   5049.8 4.437E+01 3.690E+10 1.413E-03 6.028E-03 2.000E+05 0.000E+00 0.000E+00 7.505E+05
5.38427692E+00   5069.0 5.381E+01 4.316E+10 1.562E-03 6.411E-03 2.000E+05 0.000E+00 0.000E+00 7.487E+05
6.52285727E+00   5088.1 6.519E+01 5.041E+10 1.732E-03 6.861E-03 2.000E+05 0.000E+00 0.000E+00 7.476E+05
7.89008624E+00   5107.3 7.886E+01 5.883E+10 1.927E-03 7.386E-03 2.000E+05 0.000E+00 0.000E+00 7.470E+05
9.52350391E+00   5128.1 9.518E+01 6.888E+10 2.157E-03 8.016E-03 2.000E+05 0.000E+00 0.000E+00 7.469E+05
1.14613912E+01   5151.1 1.145E+02 8.103E+10 2.434E-03 8.780E-03 2.000E+05 0.000E+00 0.000E+00 7.472E+05
1.37419207E+01   5177.2 1.373E+02 9.598E+10 2.770E-03 9.719E-03 2.000E+05 0.000E+00 0.000E+00 7.478E+05
1.63982033E+01   5208.0 1.639E+02 1.149E+11 3.190E-03 1.090E-02 2.000E+05 0.000E+00 0.000E+00 7.488E+05
1.94551137E+01   5244.1 1.944E+02 1.391E+11 3.720E-03 1.239E-02 2.000E+05 0.000E+00 0.000E+00 7.501E+05
2.29237072E+01   5287.5 2.290E+02 1.712E+11 4.407E-03 1.434E-02 2.000E+05 0.000E+00 0.000E+00 7.517E+05
2.67932833E+01   5339.7 2.677E+02 2.147E+11 5.316E-03 1.692E-02 2.000E+05 0.000E+00 0.000E+00 7.536E+05
3.10259411E+01   5402.8 3.099E+02 2.753E+11 6.552E-03 2.044E-02 2.000E+05 0.000E+00 0.000E+00 7.557E+05
3.55491673E+01   5479.0 3.550E+02 3.623E+11 8.280E-03 2.537E-02 2.000E+05 0.000E+00 0.000E+00 7.579E+05
4.02553801E+01   5571.0 4.020E+02 4.909E+11 1.077E-02 3.248E-02 2.000E+05 0.000E+00 0.000E+00 7.600E+05
4.50057092E+01   5681.5 4.493E+02 6.868E+11 1.446E-02 4.305E-02 2.000E+05 0.000E+00 0.000E+00 7.618E+05
4.96379752E+01   5813.9 4.954E+02 9.946E+11 2.015E-02 5.940E-02 2.000E+05 1.186E-05 0.000E+00 7.629E+05
5.39798294E+01   5971.9 5.385E+02 1.494E+12 2.929E-02 8.583E-02 2.000E+05 1.341E-03 3.456E+01 7.630E+05
5.78702922E+01   6160.0 5.770E+02 2.330E+12 4.468E-02 1.309E-01 2.000E+05 7.859E-02 1.590E+02 7.620E+05
6.11706932E+01   6385.2 6.094E+02 3.789E+12 7.243E-02 2.135E-01 2.000E+05 5.732E+00 5.842E+02 7.604E+05
6.37872681E+01   6655.0 6.349E+02 6.424E+12 1.264E-01 3.776E-01 2.000E+05 7.117E+02 2.306E+03 7.599E+05
6.56953074E+01   6978.2 6.529E+02 1.133E+13 2.412E-01 7.345E-01 2.000E+05 1.429E+05 1.079E+04 7.637E+05
6.69560492E+01   7363.3 6.642E+02 2.058E+13 5.095E-01 1.596E+00 2.000E+05 4.931E+06 5.915E+04 7.760E+05
6.76939664E+01   7832.4 6.697E+02 3.850E+13 1.217E+00 3.810E+00 2.000E+05 1.633E+08 1.794E+05 8.030E+05
6.81032435E+01   8331.6 6.715E+02 6.694E+13 2.834E+00 7.445E+00 2.000E+05 1.090E+09 5.661E+05 8.474E+05
6.83797843E+01   8686.7 6.720E+02 9.252E+13 4.799E+00 8.174E+00 2.000E+05 2.765E+09 9.830E+05 8.900E+05
6.86272757E+01   8932.7 6.726E+02 1.118E+14 6.567E+00 6.985E+00 2.000E+05 4.169E+09 1.109E+06 9.252E+05
6.88812090E+01   9131.8 6.735E+02 1.277E+14 8.204E+00 6.213E+00 2.000E+05 4.992E+09 1.206E+06 9.568E+05
6.91563107E+01   9336.0 6.746E+02 1.434E+14 9.980E+00 5.727E+00 2.000E+05 5.455E+09 1.267E+06 9.917E+05
6.94657267E+01   9526.4 6.760E+02 1.571E+14 1.154E+01 5.500E+00 2.000E+05 5.756E+09 1.314E+06 1.026E+06
6.98248722E+01   9753.5 6.775E+02 1.713E+14 1.318E+01 5.963E+00 2.000E+05 5.784E+09 1.397E+06 1.068E+06
7.02504338E+01  10022.3 6.792E+02 1.847E+14 1.457E+01 6.300E+00 2.000E+05 5.863E+09 1.379E+06 1.117E+06
7.07787486E+01  10337.4 6.793E+02 1.948E+14 1.506E+01 1.317E+01 2.000E+05 4.838E+09 1.625E+06 1.174E+06
7.16179266E+01  11692.3 6.728E+02 1.948E+14 1.011E+01 2.157E+01 2.000E+05 1.854E+09 6.908E+05 1.403E+06
7.37058316E+01  13678.3 6.588E+02 1.671E+14 4.078E+00 1.189E+01 2.000E+05 5.247E+07 7.693E+04 1.636E+06
7.98020486E+01  15410.1 6.655E+02 1.531E+14 2.366E+00 6.753E+00 2.000E+05 4.919E+04 2.893E+04 1.741E+06
9.21543692E+01  17065.5 7.172E+02 1.513E+14 1.683E+00 4.886E+00 2.000E+05 4.684E+04 1.219E+04 2.013E+06
PRADK 2.0437E+00
BEGIN                    ITERATION  15 COMPLETED
