TEFF   5750.  GRAVITY 3.50000 LTE
TITLE  [-2.5] N(He)/Ntot=0.0784 VTURB=2  L/H=1.25 NOVER
OPACITY IFOP 1 1 1 1 1 1 1 1 1 1 1 1 1 0 1 0 0 0 0 0
CONVECTION ON   1.25 TURBULENCE OFF  0.00  0.00  0.00  0.00
ABUNDANCE SCALE   0.00316 ABUNDANCE CHANGE 1 0.92160 2 0.07840
ABUNDANCE CHANGE  3 -10.94  4 -10.64  5  -9.49  6  -3.52  7  -4.12  8  -3.21
ABUNDANCE CHANGE  9  -7.48 10  -3.96 11  -5.71 12  -4.46 13  -5.57 14  -4.49
ABUNDANCE CHANGE 15  -6.59 16  -4.71 17  -6.54 18  -5.64 19  -6.92 20  -5.68
ABUNDANCE CHANGE 21  -8.87 22  -7.02 23  -8.04 24  -6.37 25  -6.65 26  -4.54
ABUNDANCE CHANGE 27  -7.12 28  -5.79 29  -7.83 30  -7.44 31  -9.16 32  -8.63
ABUNDANCE CHANGE 33  -9.67 34  -8.63 35  -9.41 36  -8.73 37  -9.44 38  -9.07
ABUNDANCE CHANGE 39  -9.80 40  -9.44 41 -10.62 42 -10.12 43 -20.00 44 -10.20
ABUNDANCE CHANGE 45 -10.92 46 -10.35 47 -11.10 48 -10.27 49 -10.38 50 -10.04
ABUNDANCE CHANGE 51 -11.04 52  -9.80 53 -10.53 54  -9.87 55 -10.91 56  -9.91
ABUNDANCE CHANGE 57 -10.87 58 -10.46 59 -11.33 60 -10.54 61 -20.00 62 -11.03
ABUNDANCE CHANGE 63 -11.53 64 -10.92 65 -11.69 66 -10.90 67 -11.78 68 -11.11
ABUNDANCE CHANGE 69 -12.04 70 -10.96 71 -11.98 72 -11.16 73 -12.17 74 -10.93
ABUNDANCE CHANGE 75 -11.76 76 -10.59 77 -10.69 78 -10.24 79 -11.03 80 -10.91
ABUNDANCE CHANGE 81 -11.14 82 -10.09 83 -11.33 84 -20.00 85 -20.00 86 -20.00
ABUNDANCE CHANGE 87 -20.00 88 -20.00 89 -20.00 90 -11.95 91 -20.00 92 -12.54
ABUNDANCE CHANGE 93 -20.00 94 -20.00 95 -20.00 96 -20.00 97 -20.00 98 -20.00
ABUNDANCE CHANGE 99 -20.00
READ DECK6 72 RHOX,T,P,XNE,ABROSS,ACCRAD,VTURB, FLXCNV,VCONV,VELSND
2.02620131E-03   4131.3 6.407E+00 4.156E+08 6.581E-05 3.111E-03 2.000E+05 0.000E+00 0.000E+00 7.891E+05
2.67796213E-03   4154.1 8.468E+00 5.314E+08 7.067E-05 3.106E-03 2.000E+05 0.000E+00 0.000E+00 7.655E+05
3.49300412E-03   4170.1 1.105E+01 6.535E+08 7.487E-05 3.097E-03 2.000E+05 0.000E+00 0.000E+00 7.477E+05
4.50777200E-03   4189.2 1.425E+01 8.103E+08 8.101E-05 3.092E-03 2.000E+05 0.000E+00 0.000E+00 7.347E+05
5.75284592E-03   4208.2 1.819E+01 9.978E+08 8.839E-05 3.087E-03 2.000E+05 0.000E+00 0.000E+00 7.253E+05
7.26791066E-03   4227.3 2.298E+01 1.222E+09 9.724E-05 3.085E-03 2.000E+05 0.000E+00 0.000E+00 7.184E+05
9.09854911E-03   4246.1 2.877E+01 1.487E+09 1.076E-04 3.086E-03 2.000E+05 0.000E+00 0.000E+00 7.134E+05
1.12991092E-02   4264.6 3.573E+01 1.799E+09 1.196E-04 3.093E-03 2.000E+05 0.000E+00 0.000E+00 7.097E+05
1.39338119E-02   4282.7 4.406E+01 2.162E+09 1.335E-04 3.107E-03 2.000E+05 0.000E+00 0.000E+00 7.072E+05
1.70790150E-02   4300.3 5.401E+01 2.584E+09 1.493E-04 3.126E-03 2.000E+05 0.000E+00 0.000E+00 7.054E+05
2.08249609E-02   4317.5 6.585E+01 3.073E+09 1.673E-04 3.151E-03 2.000E+05 0.000E+00 0.000E+00 7.042E+05
2.52788309E-02   4334.2 7.994E+01 3.637E+09 1.877E-04 3.181E-03 2.000E+05 0.000E+00 0.000E+00 7.035E+05
3.05647682E-02   4350.8 9.665E+01 4.292E+09 2.112E-04 3.218E-03 2.000E+05 0.000E+00 0.000E+00 7.032E+05
3.68281112E-02   4367.2 1.165E+02 5.047E+09 2.378E-04 3.265E-03 2.000E+05 0.000E+00 0.000E+00 7.031E+05
4.42434167E-02   4383.1 1.399E+02 5.915E+09 2.679E-04 3.326E-03 2.000E+05 0.000E+00 0.000E+00 7.033E+05
5.30152330E-02   4399.0 1.676E+02 6.915E+09 3.021E-04 3.395E-03 2.000E+05 0.000E+00 0.000E+00 7.036E+05
6.33862933E-02   4414.5 2.004E+02 8.063E+09 3.408E-04 3.474E-03 2.000E+05 0.000E+00 0.000E+00 7.041E+05
7.56457761E-02   4429.8 2.392E+02 9.379E+09 3.844E-04 3.564E-03 2.000E+05 0.000E+00 0.000E+00 7.047E+05
9.01424769E-02   4444.7 2.851E+02 1.088E+10 4.334E-04 3.666E-03 2.000E+05 0.000E+00 0.000E+00 7.053E+05
1.07298224E-01   4459.1 3.393E+02 1.258E+10 4.882E-04 3.782E-03 2.000E+05 0.000E+00 0.000E+00 7.060E+05
1.27619016E-01   4472.9 4.036E+02 1.451E+10 5.493E-04 3.916E-03 2.000E+05 0.000E+00 0.000E+00 7.067E+05
1.51699569E-01   4486.6 4.797E+02 1.671E+10 6.182E-04 4.068E-03 2.000E+05 0.000E+00 0.000E+00 7.075E+05
1.80240648E-01   4500.0 5.700E+02 1.921E+10 6.954E-04 4.239E-03 2.000E+05 0.000E+00 0.000E+00 7.083E+05
2.14067004E-01   4513.4 6.769E+02 2.207E+10 7.826E-04 4.431E-03 2.000E+05 0.000E+00 0.000E+00 7.091E+05
2.54157935E-01   4526.6 8.037E+02 2.532E+10 8.805E-04 4.646E-03 2.000E+05 0.000E+00 0.000E+00 7.099E+05
3.01652106E-01   4539.9 9.539E+02 2.907E+10 9.915E-04 4.888E-03 2.000E+05 0.000E+00 0.000E+00 7.108E+05
3.57922101E-01   4552.8 1.132E+03 3.330E+10 1.115E-03 5.160E-03 2.000E+05 0.000E+00 0.000E+00 7.116E+05
4.24609905E-01   4565.8 1.343E+03 3.813E+10 1.255E-03 5.467E-03 2.000E+05 0.000E+00 0.000E+00 7.125E+05
5.03576267E-01   4579.1 1.592E+03 4.372E+10 1.415E-03 5.802E-03 2.000E+05 0.000E+00 0.000E+00 7.133E+05
5.96973270E-01   4592.8 1.888E+03 5.015E+10 1.595E-03 6.172E-03 2.000E+05 0.000E+00 0.000E+00 7.142E+05
7.07596560E-01   4605.4 2.238E+03 5.728E+10 1.794E-03 6.577E-03 2.000E+05 0.000E+00 0.000E+00 7.150E+05
8.38749812E-01   4618.2 2.652E+03 6.547E+10 2.018E-03 7.035E-03 2.000E+05 0.000E+00 0.000E+00 7.159E+05
9.94483023E-01   4629.7 3.145E+03 7.446E+10 2.263E-03 7.536E-03 2.000E+05 0.000E+00 0.000E+00 7.166E+05
1.17959725E+00   4641.5 3.730E+03 8.476E+10 2.540E-03 8.113E-03 2.000E+05 0.000E+00 0.000E+00 7.173E+05
1.39983969E+00   4652.2 4.427E+03 9.614E+10 2.843E-03 8.749E-03 2.000E+05 0.000E+00 0.000E+00 7.179E+05
1.66198159E+00   4663.3 5.256E+03 1.092E+11 3.188E-03 9.476E-03 2.000E+05 0.000E+00 0.000E+00 7.184E+05
1.97407884E+00   4673.8 6.243E+03 1.237E+11 3.568E-03 1.029E-02 2.000E+05 0.000E+00 0.000E+00 7.189E+05
2.34536245E+00   4685.1 7.417E+03 1.406E+11 4.005E-03 1.123E-02 2.000E+05 0.000E+00 0.000E+00 7.195E+05
2.78629346E+00   4696.7 8.811E+03 1.600E+11 4.501E-03 1.230E-02 2.000E+05 0.000E+00 0.000E+00 7.200E+05
3.30831812E+00   4710.0 1.046E+04 1.830E+11 5.081E-03 1.356E-02 2.000E+05 0.000E+00 0.000E+00 7.205E+05
3.92294948E+00   4725.5 1.241E+04 2.107E+11 5.773E-03 1.507E-02 2.000E+05 0.000E+00 0.000E+00 7.213E+05
4.64194957E+00   4743.6 1.468E+04 2.446E+11 6.603E-03 1.688E-02 2.000E+05 0.000E+00 0.000E+00 7.222E+05
5.47642484E+00   4765.5 1.732E+04 2.871E+11 7.623E-03 1.909E-02 2.000E+05 0.000E+00 0.000E+00 7.233E+05
6.43560574E+00   4791.8 2.035E+04 3.411E+11 8.889E-03 2.183E-02 2.000E+05 0.000E+00 0.000E+00 7.249E+05
7.52460224E+00   4824.1 2.379E+04 4.123E+11 1.052E-02 2.535E-02 2.000E+05 0.000E+00 0.000E+00 7.270E+05
8.74242108E+00   4863.5 2.765E+04 5.080E+11 1.264E-02 2.989E-02 2.000E+05 0.000E+00 0.000E+00 7.297E+05
1.00819094E+01   4911.4 3.188E+04 6.399E+11 1.547E-02 3.591E-02 2.000E+05 0.000E+00 0.000E+00 7.332E+05
1.15260118E+01   4970.1 3.645E+04 8.285E+11 1.934E-02 4.412E-02 2.000E+05 0.000E+00 0.000E+00 7.376E+05
1.30477567E+01   5041.4 4.126E+04 1.105E+12 2.477E-02 5.556E-02 2.000E+05 0.000E+00 0.000E+00 7.432E+05
1.46109465E+01   5127.9 4.620E+04 1.527E+12 3.260E-02 7.198E-02 2.000E+05 0.000E+00 0.000E+00 7.499E+05
1.61725689E+01   5232.1 5.114E+04 2.191E+12 4.415E-02 9.610E-02 2.000E+05 0.000E+00 0.000E+00 7.580E+05
1.76857871E+01   5357.9 5.593E+04 3.279E+12 6.176E-02 1.328E-01 2.000E+05 9.642E+01 0.000E+00 7.675E+05
1.91060621E+01   5507.6 6.042E+04 5.116E+12 8.918E-02 1.899E-01 2.000E+05 3.598E+04 1.533E+03 7.782E+05
2.03911888E+01   5689.5 6.448E+04 8.419E+12 1.342E-01 2.837E-01 2.000E+05 1.061E+06 1.089E+04 7.905E+05
2.15080116E+01   5907.0 6.801E+04 1.454E+13 2.099E-01 4.413E-01 2.000E+05 1.084E+07 3.269E+04 8.039E+05
2.24413667E+01   6165.1 7.096E+04 2.625E+13 3.417E-01 7.120E-01 2.000E+05 5.331E+07 6.746E+04 8.178E+05
2.31858062E+01   6474.3 7.332E+04 4.978E+13 5.847E-01 1.185E+00 2.000E+05 1.999E+08 1.060E+05 8.312E+05
2.37583829E+01   6814.2 7.513E+04 9.373E+13 1.012E+00 1.873E+00 2.000E+05 6.250E+08 1.598E+05 8.418E+05
2.42183858E+01   7115.6 7.658E+04 1.562E+14 1.607E+00 2.439E+00 2.000E+05 1.387E+09 2.234E+05 8.476E+05
2.46216277E+01   7372.7 7.785E+04 2.337E+14 2.349E+00 2.673E+00 2.000E+05 2.247E+09 2.596E+05 8.508E+05
2.50022071E+01   7592.1 7.906E+04 3.230E+14 3.223E+00 2.642E+00 2.000E+05 2.980E+09 2.799E+05 8.526E+05
2.53787816E+01   7792.4 8.025E+04 4.274E+14 4.273E+00 2.511E+00 2.000E+05 3.524E+09 2.903E+05 8.541E+05
2.57641015E+01   7973.1 8.146E+04 5.442E+14 5.488E+00 2.348E+00 2.000E+05 3.904E+09 2.934E+05 8.557E+05
2.61676190E+01   8144.7 8.274E+04 6.781E+14 6.935E+00 2.225E+00 2.000E+05 4.167E+09 2.947E+05 8.575E+05
2.65969182E+01   8307.9 8.410E+04 8.296E+14 8.629E+00 2.094E+00 2.000E+05 4.349E+09 2.918E+05 8.598E+05
2.70597900E+01   8465.0 8.556E+04 1.001E+15 1.062E+01 2.002E+00 2.000E+05 4.484E+09 2.900E+05 8.624E+05
2.75621828E+01   8621.3 8.715E+04 1.198E+15 1.302E+01 1.900E+00 2.000E+05 4.584E+09 2.855E+05 8.657E+05
2.81122067E+01   8771.5 8.889E+04 1.418E+15 1.577E+01 1.806E+00 2.000E+05 4.658E+09 2.822E+05 8.694E+05
2.87166698E+01   8926.4 9.080E+04 1.677E+15 1.914E+01 1.721E+00 2.000E+05 4.719E+09 2.773E+05 8.738E+05
2.93852304E+01   9074.2 9.291E+04 1.960E+15 2.296E+01 1.631E+00 2.000E+05 4.762E+09 2.736E+05 8.786E+05
3.01252404E+01   9231.4 9.525E+04 2.301E+15 2.773E+01 1.558E+00 2.000E+05 4.797E+09 2.681E+05 8.842E+05
3.09496744E+01   9378.0 9.785E+04 2.664E+15 3.294E+01 1.576E+00 2.000E+05 4.820E+09 2.650E+05 8.901E+05
PRADK 1.4631E+00
BEGIN                    ITERATION  15 COMPLETED
