TEFF   7000.  GRAVITY 2.50000 LTE
TITLE  [-2.5] N(He)/Ntot=0.0784 VTURB=2  L/H=1.25 NOVER
OPACITY IFOP 1 1 1 1 1 1 1 1 1 1 1 1 1 0 1 0 0 0 0 0
CONVECTION ON   1.25 TURBULENCE OFF  0.00  0.00  0.00  0.00
ABUNDANCE SCALE   0.00316 ABUNDANCE CHANGE 1 0.92160 2 0.07840
ABUNDANCE CHANGE  3 -10.94  4 -10.64  5  -9.49  6  -3.52  7  -4.12  8  -3.21
ABUNDANCE CHANGE  9  -7.48 10  -3.96 11  -5.71 12  -4.46 13  -5.57 14  -4.49
ABUNDANCE CHANGE 15  -6.59 16  -4.71 17  -6.54 18  -5.64 19  -6.92 20  -5.68
ABUNDANCE CHANGE 21  -8.87 22  -7.02 23  -8.04 24  -6.37 25  -6.65 26  -4.54
ABUNDANCE CHANGE 27  -7.12 28  -5.79 29  -7.83 30  -7.44 31  -9.16 32  -8.63
ABUNDANCE CHANGE 33  -9.67 34  -8.63 35  -9.41 36  -8.73 37  -9.44 38  -9.07
ABUNDANCE CHANGE 39  -9.80 40  -9.44 41 -10.62 42 -10.12 43 -20.00 44 -10.20
ABUNDANCE CHANGE 45 -10.92 46 -10.35 47 -11.10 48 -10.27 49 -10.38 50 -10.04
ABUNDANCE CHANGE 51 -11.04 52  -9.80 53 -10.53 54  -9.87 55 -10.91 56  -9.91
ABUNDANCE CHANGE 57 -10.87 58 -10.46 59 -11.33 60 -10.54 61 -20.00 62 -11.03
ABUNDANCE CHANGE 63 -11.53 64 -10.92 65 -11.69 66 -10.90 67 -11.78 68 -11.11
ABUNDANCE CHANGE 69 -12.04 70 -10.96 71 -11.98 72 -11.16 73 -12.17 74 -10.93
ABUNDANCE CHANGE 75 -11.76 76 -10.59 77 -10.69 78 -10.24 79 -11.03 80 -10.91
ABUNDANCE CHANGE 81 -11.14 82 -10.09 83 -11.33 84 -20.00 85 -20.00 86 -20.00
ABUNDANCE CHANGE 87 -20.00 88 -20.00 89 -20.00 90 -11.95 91 -20.00 92 -12.54
ABUNDANCE CHANGE 93 -20.00 94 -20.00 95 -20.00 96 -20.00 97 -20.00 98 -20.00
ABUNDANCE CHANGE 99 -20.00
READ DECK6 72 RHOX,T,P,XNE,ABROSS,ACCRAD,VTURB, FLXCNV,VCONV,VELSND
2.40115316E-05   4757.8 7.592E-03 1.793E+08 5.554E-03 4.225E-02 2.000E+05 0.000E+00 0.000E+00 8.062E+06
3.25610650E-05   4759.6 1.030E-02 2.107E+08 4.850E-03 3.917E-02 2.000E+05 0.000E+00 0.000E+00 7.253E+06
4.57069501E-05   4761.4 1.445E-02 2.517E+08 4.173E-03 3.620E-02 2.000E+05 0.000E+00 0.000E+00 6.453E+06
6.61462298E-05   4764.9 2.091E-02 3.071E+08 3.566E-03 3.356E-02 2.000E+05 0.000E+00 9.573E+05 5.677E+06
9.83421901E-05   4769.8 3.110E-02 3.817E+08 3.032E-03 3.124E-02 2.000E+05 0.000E+00 5.839E+05 4.942E+06
1.48773580E-04   4777.3 4.704E-02 4.826E+08 2.586E-03 2.931E-02 2.000E+05 0.000E+00 3.062E+05 4.267E+06
2.27345372E-04   4787.4 7.189E-02 6.188E+08 2.223E-03 2.772E-02 2.000E+05 0.000E+00 1.037E+05 3.662E+06
3.48313403E-04   4801.5 1.101E-01 8.052E+08 1.940E-03 2.652E-02 2.000E+05 0.000E+00 0.000E+00 3.130E+06
5.31290631E-04   4819.6 1.680E-01 1.060E+09 1.727E-03 2.558E-02 2.000E+05 0.000E+00 0.000E+00 2.672E+06
8.02253060E-04   4842.2 2.537E-01 1.408E+09 1.573E-03 2.488E-02 2.000E+05 0.000E+00 0.000E+00 2.287E+06
1.19387710E-03   4869.3 3.775E-01 1.884E+09 1.469E-03 2.435E-02 2.000E+05 0.000E+00 0.000E+00 1.968E+06
1.74558599E-03   4900.7 5.520E-01 2.532E+09 1.407E-03 2.396E-02 2.000E+05 0.000E+00 0.000E+00 1.708E+06
2.50402422E-03   4935.4 7.918E-01 3.403E+09 1.380E-03 2.367E-02 2.000E+05 0.000E+00 0.000E+00 1.499E+06
3.52396838E-03   4972.6 1.114E+00 4.559E+09 1.382E-03 2.347E-02 2.000E+05 0.000E+00 0.000E+00 1.333E+06
4.87012720E-03   5011.1 1.540E+00 6.067E+09 1.407E-03 2.335E-02 2.000E+05 0.000E+00 0.000E+00 1.202E+06
6.62017946E-03   5050.0 2.093E+00 8.001E+09 1.452E-03 2.331E-02 2.000E+05 0.000E+00 0.000E+00 1.099E+06
8.86814901E-03   5088.5 2.804E+00 1.044E+10 1.515E-03 2.336E-02 2.000E+05 0.000E+00 0.000E+00 1.018E+06
1.17283452E-02   5126.0 3.709E+00 1.347E+10 1.595E-03 2.351E-02 2.000E+05 0.000E+00 0.000E+00 9.554E+05
1.53368633E-02   5162.3 4.850E+00 1.720E+10 1.692E-03 2.377E-02 2.000E+05 0.000E+00 0.000E+00 9.064E+05
1.98555884E-02   5197.5 6.278E+00 2.175E+10 1.808E-03 2.415E-02 2.000E+05 0.000E+00 0.000E+00 8.683E+05
2.54747287E-02   5231.4 8.055E+00 2.723E+10 1.945E-03 2.465E-02 2.000E+05 0.000E+00 0.000E+00 8.387E+05
3.24157921E-02   5264.4 1.025E+01 3.381E+10 2.106E-03 2.528E-02 2.000E+05 0.000E+00 0.000E+00 8.158E+05
4.09362665E-02   5296.3 1.294E+01 4.166E+10 2.295E-03 2.605E-02 2.000E+05 0.000E+00 0.000E+00 7.981E+05
5.13372276E-02   5327.4 1.623E+01 5.095E+10 2.513E-03 2.698E-02 2.000E+05 0.000E+00 0.000E+00 7.846E+05
6.39686698E-02   5357.6 2.023E+01 6.192E+10 2.766E-03 2.808E-02 2.000E+05 0.000E+00 0.000E+00 7.742E+05
7.92355064E-02   5387.2 2.505E+01 7.484E+10 3.058E-03 2.935E-02 2.000E+05 0.000E+00 0.000E+00 7.665E+05
9.76091030E-02   5416.3 3.086E+01 8.998E+10 3.395E-03 3.080E-02 2.000E+05 0.000E+00 0.000E+00 7.607E+05
1.19647943E-01   5444.6 3.783E+01 1.076E+11 3.779E-03 3.244E-02 2.000E+05 0.000E+00 0.000E+00 7.565E+05
1.46023559E-01   5471.9 4.617E+01 1.280E+11 4.214E-03 3.426E-02 2.000E+05 0.000E+00 0.000E+00 7.536E+05
1.77562873E-01   5497.9 5.615E+01 1.513E+11 4.699E-03 3.624E-02 2.000E+05 0.000E+00 0.000E+00 7.518E+05
2.15302420E-01   5522.0 6.808E+01 1.775E+11 5.232E-03 3.839E-02 2.000E+05 0.000E+00 0.000E+00 7.507E+05
2.60572523E-01   5543.5 8.239E+01 2.067E+11 5.807E-03 4.070E-02 2.000E+05 0.000E+00 0.000E+00 7.504E+05
3.15016375E-01   5563.0 9.961E+01 2.391E+11 6.433E-03 4.324E-02 2.000E+05 0.000E+00 0.000E+00 7.506E+05
3.80677035E-01   5580.0 1.204E+02 2.747E+11 7.104E-03 4.601E-02 2.000E+05 0.000E+00 0.000E+00 7.513E+05
4.59945690E-01   5596.2 1.454E+02 3.148E+11 7.850E-03 4.915E-02 2.000E+05 0.000E+00 0.000E+00 7.524E+05
5.55597729E-01   5611.6 1.757E+02 3.599E+11 8.678E-03 5.265E-02 2.000E+05 0.000E+00 0.000E+00 7.537E+05
6.70801255E-01   5627.4 2.121E+02 4.117E+11 9.623E-03 5.668E-02 2.000E+05 0.000E+00 0.000E+00 7.552E+05
8.09221219E-01   5643.4 2.559E+02 4.710E+11 1.069E-02 6.125E-02 2.000E+05 0.000E+00 0.000E+00 7.569E+05
9.75017526E-01   5660.8 3.083E+02 5.401E+11 1.193E-02 6.658E-02 2.000E+05 0.000E+00 0.000E+00 7.587E+05
1.17287226E+00   5679.4 3.708E+02 6.206E+11 1.335E-02 7.277E-02 2.000E+05 0.000E+00 0.000E+00 7.606E+05
1.40789161E+00   5700.4 4.451E+02 7.163E+11 1.503E-02 8.011E-02 2.000E+05 0.000E+00 0.000E+00 7.625E+05
1.68541241E+00   5724.4 5.329E+02 8.315E+11 1.703E-02 8.890E-02 2.000E+05 0.000E+00 0.000E+00 7.646E+05
2.01093541E+00   5752.2 6.358E+02 9.720E+11 1.943E-02 9.956E-02 2.000E+05 0.000E+00 0.000E+00 7.667E+05
2.38938009E+00   5785.4 7.554E+02 1.148E+12 2.240E-02 1.129E-01 2.000E+05 0.000E+00 0.000E+00 7.688E+05
2.82455117E+00   5825.1 8.930E+02 1.372E+12 2.613E-02 1.296E-01 2.000E+05 0.000E+00 0.000E+00 7.710E+05
3.31841700E+00   5873.4 1.049E+03 1.666E+12 3.094E-02 1.513E-01 2.000E+05 0.000E+00 0.000E+00 7.732E+05
3.86984695E+00   5932.1 1.223E+03 2.060E+12 3.728E-02 1.800E-01 2.000E+05 0.000E+00 0.000E+00 7.755E+05
4.47395575E+00   6003.5 1.414E+03 2.601E+12 4.586E-02 2.190E-01 2.000E+05 0.000E+00 0.000E+00 7.776E+05
5.12116482E+00   6090.2 1.619E+03 3.367E+12 5.778E-02 2.736E-01 2.000E+05 0.000E+00 0.000E+00 7.797E+05
5.79667278E+00   6195.3 1.832E+03 4.481E+12 7.490E-02 3.523E-01 2.000E+05 0.000E+00 0.000E+00 7.814E+05
6.48028300E+00   6322.8 2.048E+03 6.153E+12 1.004E-01 4.705E-01 2.000E+05 6.457E-06 0.000E+00 7.828E+05
7.14761241E+00   6476.7 2.259E+03 8.738E+12 1.399E-01 6.559E-01 2.000E+05 2.047E-02 1.759E+01 7.835E+05
7.77195524E+00   6662.6 2.456E+03 1.287E+13 2.042E-01 9.621E-01 2.000E+05 1.135E+00 2.465E+02 7.838E+05
8.32689902E+00   6887.1 2.631E+03 1.972E+13 3.152E-01 1.499E+00 2.000E+05 6.136E+01 8.825E+02 7.842E+05
8.79082321E+00   7157.1 2.776E+03 3.139E+13 5.197E-01 2.508E+00 2.000E+05 4.729E+03 3.154E+03 7.860E+05
9.15187126E+00   7479.4 2.889E+03 5.167E+13 9.235E-01 4.523E+00 2.000E+05 5.163E+05 1.267E+04 7.915E+05
9.41204655E+00   7859.9 2.970E+03 8.713E+13 1.773E+00 8.831E+00 2.000E+05 1.793E+07 5.717E+04 8.040E+05
9.58141925E+00   8331.1 3.021E+03 1.527E+14 3.806E+00 1.887E+01 2.000E+05 2.466E+08 1.749E+05 8.290E+05
9.68500581E+00   8846.0 3.051E+03 2.558E+14 8.115E+00 3.492E+01 2.000E+05 1.470E+09 3.974E+05 8.691E+05
9.75864210E+00   9234.5 3.072E+03 3.545E+14 1.337E+01 3.983E+01 2.000E+05 3.790E+09 6.752E+05 9.090E+05
9.82564947E+00   9505.8 3.090E+03 4.314E+14 1.809E+01 3.570E+01 2.000E+05 5.926E+09 7.789E+05 9.420E+05
9.89449963E+00   9739.5 3.110E+03 5.006E+14 2.272E+01 3.169E+01 2.000E+05 7.319E+09 8.454E+05 9.737E+05
9.96933400E+00   9957.3 3.131E+03 5.653E+14 2.733E+01 2.908E+01 2.000E+05 8.208E+09 8.951E+05 1.006E+06
1.00536692E+01  10182.6 3.156E+03 6.301E+14 3.186E+01 2.733E+01 2.000E+05 8.746E+09 9.290E+05 1.041E+06
1.01516104E+01  10416.3 3.184E+03 6.928E+14 3.610E+01 2.789E+01 2.000E+05 9.001E+09 9.703E+05 1.078E+06
1.02678537E+01  10703.1 3.217E+03 7.596E+14 4.021E+01 2.969E+01 2.000E+05 9.029E+09 9.944E+05 1.126E+06
1.04097341E+01  11031.4 3.257E+03 8.203E+14 4.291E+01 3.689E+01 2.000E+05 8.866E+09 1.050E+06 1.179E+06
1.05953688E+01  11620.9 3.306E+03 8.806E+14 4.128E+01 7.556E+01 2.000E+05 6.436E+09 1.118E+06 1.268E+06
1.09287369E+01  13350.4 3.384E+03 8.642E+14 2.200E+01 8.225E+01 2.000E+05 2.082E+09 1.882E+05 1.513E+06
1.18606357E+01  15463.3 3.619E+03 8.154E+14 1.003E+01 4.574E+01 2.000E+05 3.919E+06 2.917E+04 1.643E+06
1.41833071E+01  17388.0 4.269E+03 8.743E+14 6.709E+00 3.013E+01 2.000E+05 1.400E+04 8.236E+03 1.767E+06
1.83140843E+01  19208.8 5.462E+03 1.023E+15 5.402E+00 2.454E+01 2.000E+05 1.369E+04 2.561E+03 1.975E+06
PRADK 3.2189E+00
BEGIN                    ITERATION  15 COMPLETED
