TEFF   7750.  GRAVITY 3.00000 LTE
TITLE  [-2.5] N(He)/Ntot=0.0784 VTURB=2  L/H=1.25 NOVER
OPACITY IFOP 1 1 1 1 1 1 1 1 1 1 1 1 1 0 1 0 0 0 0 0
CONVECTION ON   1.25 TURBULENCE OFF  0.00  0.00  0.00  0.00
ABUNDANCE SCALE   0.00316 ABUNDANCE CHANGE 1 0.92160 2 0.07840
ABUNDANCE CHANGE  3 -10.94  4 -10.64  5  -9.49  6  -3.52  7  -4.12  8  -3.21
ABUNDANCE CHANGE  9  -7.48 10  -3.96 11  -5.71 12  -4.46 13  -5.57 14  -4.49
ABUNDANCE CHANGE 15  -6.59 16  -4.71 17  -6.54 18  -5.64 19  -6.92 20  -5.68
ABUNDANCE CHANGE 21  -8.87 22  -7.02 23  -8.04 24  -6.37 25  -6.65 26  -4.54
ABUNDANCE CHANGE 27  -7.12 28  -5.79 29  -7.83 30  -7.44 31  -9.16 32  -8.63
ABUNDANCE CHANGE 33  -9.67 34  -8.63 35  -9.41 36  -8.73 37  -9.44 38  -9.07
ABUNDANCE CHANGE 39  -9.80 40  -9.44 41 -10.62 42 -10.12 43 -20.00 44 -10.20
ABUNDANCE CHANGE 45 -10.92 46 -10.35 47 -11.10 48 -10.27 49 -10.38 50 -10.04
ABUNDANCE CHANGE 51 -11.04 52  -9.80 53 -10.53 54  -9.87 55 -10.91 56  -9.91
ABUNDANCE CHANGE 57 -10.87 58 -10.46 59 -11.33 60 -10.54 61 -20.00 62 -11.03
ABUNDANCE CHANGE 63 -11.53 64 -10.92 65 -11.69 66 -10.90 67 -11.78 68 -11.11
ABUNDANCE CHANGE 69 -12.04 70 -10.96 71 -11.98 72 -11.16 73 -12.17 74 -10.93
ABUNDANCE CHANGE 75 -11.76 76 -10.59 77 -10.69 78 -10.24 79 -11.03 80 -10.91
ABUNDANCE CHANGE 81 -11.14 82 -10.09 83 -11.33 84 -20.00 85 -20.00 86 -20.00
ABUNDANCE CHANGE 87 -20.00 88 -20.00 89 -20.00 90 -11.95 91 -20.00 92 -12.54
ABUNDANCE CHANGE 93 -20.00 94 -20.00 95 -20.00 96 -20.00 97 -20.00 98 -20.00
ABUNDANCE CHANGE 99 -20.00
READ DECK6 72 RHOX,T,P,XNE,ABROSS,ACCRAD,VTURB, FLXCNV,VCONV,VELSND
1.98181847E-06   5324.7 2.002E-03 4.543E+08 6.635E-02 5.096E-01 2.000E+05 0.000E+00 0.000E+00 1.371E+07
2.69236543E-06   5324.7 2.721E-03 5.457E+08 5.755E-02 4.506E-01 2.000E+05 0.000E+00 0.000E+00 1.182E+07
3.79187430E-06   5324.7 3.832E-03 6.668E+08 4.897E-02 3.935E-01 2.000E+05 0.000E+00 0.000E+00 1.005E+07
5.53915371E-06   5324.7 5.591E-03 8.271E+08 4.098E-02 3.398E-01 2.000E+05 0.000E+00 0.000E+00 8.449E+06
8.37466165E-06   5324.8 8.437E-03 1.041E+09 3.375E-02 2.913E-01 2.000E+05 0.000E+00 0.000E+00 7.032E+06
1.29857204E-05   5326.9 1.306E-02 1.329E+09 2.763E-02 2.505E-01 2.000E+05 0.000E+00 3.673E+06 5.827E+06
2.05105890E-05   5331.3 2.060E-02 1.718E+09 2.259E-02 2.170E-01 2.000E+05 0.000E+00 2.829E+06 4.822E+06
3.27884716E-05   5337.4 3.290E-02 2.238E+09 1.849E-02 1.899E-01 2.000E+05 0.000E+00 1.839E+06 3.999E+06
5.27332258E-05   5346.3 5.287E-02 2.940E+09 1.524E-02 1.687E-01 2.000E+05 0.000E+00 8.992E+05 3.330E+06
8.49187905E-05   5356.5 8.508E-02 3.870E+09 1.264E-02 1.519E-01 2.000E+05 0.000E+00 1.901E+05 2.790E+06
1.36226043E-04   5370.8 1.364E-01 5.132E+09 1.066E-02 1.393E-01 2.000E+05 0.000E+00 0.000E+00 2.353E+06
2.17305930E-04   5383.5 2.175E-01 6.749E+09 9.010E-03 1.289E-01 2.000E+05 0.000E+00 0.000E+00 2.005E+06
3.43457228E-04   5402.5 3.437E-01 8.975E+09 7.834E-03 1.218E-01 2.000E+05 0.000E+00 0.000E+00 1.722E+06
5.34423142E-04   5425.7 5.347E-01 1.196E+10 6.988E-03 1.168E-01 2.000E+05 0.000E+00 0.000E+00 1.496E+06
8.15313350E-04   5454.2 8.156E-01 1.600E+10 6.433E-03 1.138E-01 2.000E+05 0.000E+00 0.000E+00 1.316E+06
1.21543005E-03   5487.5 1.216E+00 2.139E+10 6.115E-03 1.123E-01 2.000E+05 0.000E+00 0.000E+00 1.175E+06
1.76787346E-03   5524.6 1.768E+00 2.849E+10 5.991E-03 1.122E-01 2.000E+05 0.000E+00 0.000E+00 1.066E+06
2.50937558E-03   5564.3 2.509E+00 3.768E+10 6.026E-03 1.131E-01 2.000E+05 0.000E+00 0.000E+00 9.833E+05
3.48070417E-03   5605.5 3.481E+00 4.938E+10 6.199E-03 1.151E-01 2.000E+05 0.000E+00 0.000E+00 9.204E+05
4.72733003E-03   5647.5 4.727E+00 6.403E+10 6.496E-03 1.181E-01 2.000E+05 0.000E+00 0.000E+00 8.729E+05
6.30158157E-03   5689.3 6.301E+00 8.210E+10 6.907E-03 1.220E-01 2.000E+05 0.000E+00 0.000E+00 8.373E+05
8.26276195E-03   5730.9 8.262E+00 1.042E+11 7.437E-03 1.269E-01 2.000E+05 0.000E+00 0.000E+00 8.106E+05
1.06781089E-02   5772.3 1.068E+01 1.310E+11 8.094E-03 1.327E-01 2.000E+05 0.000E+00 0.000E+00 7.904E+05
1.36215701E-02   5813.9 1.362E+01 1.635E+11 8.900E-03 1.397E-01 2.000E+05 0.000E+00 0.000E+00 7.753E+05
1.71775284E-02   5854.9 1.718E+01 2.023E+11 9.854E-03 1.475E-01 2.000E+05 0.000E+00 0.000E+00 7.641E+05
2.14486381E-02   5895.2 2.145E+01 2.483E+11 1.096E-02 1.561E-01 2.000E+05 0.000E+00 0.000E+00 7.557E+05
2.65607520E-02   5934.0 2.656E+01 3.021E+11 1.222E-02 1.654E-01 2.000E+05 0.000E+00 0.000E+00 7.497E+05
3.26814524E-02   5969.8 3.268E+01 3.635E+11 1.359E-02 1.748E-01 2.000E+05 0.000E+00 0.000E+00 7.454E+05
4.00379781E-02   6001.6 4.003E+01 4.322E+11 1.504E-02 1.844E-01 2.000E+05 0.000E+00 0.000E+00 7.426E+05
4.89361792E-02   6028.6 4.893E+01 5.076E+11 1.653E-02 1.941E-01 2.000E+05 0.000E+00 0.000E+00 7.409E+05
5.97713820E-02   6051.3 5.976E+01 5.900E+11 1.805E-02 2.042E-01 2.000E+05 0.000E+00 0.000E+00 7.401E+05
7.30323783E-02   6070.4 7.302E+01 6.804E+11 1.964E-02 2.149E-01 2.000E+05 0.000E+00 0.000E+00 7.401E+05
8.92818010E-02   6088.2 8.927E+01 7.823E+11 2.139E-02 2.270E-01 2.000E+05 0.000E+00 0.000E+00 7.406E+05
1.09154029E-01   6105.4 1.091E+02 8.983E+11 2.336E-02 2.406E-01 2.000E+05 0.000E+00 0.000E+00 7.417E+05
1.33350129E-01   6123.7 1.333E+02 1.033E+12 2.565E-02 2.564E-01 2.000E+05 0.000E+00 0.000E+00 7.431E+05
1.62660533E-01   6142.9 1.626E+02 1.189E+12 2.830E-02 2.746E-01 2.000E+05 0.000E+00 0.000E+00 7.448E+05
1.97988238E-01   6163.7 1.979E+02 1.372E+12 3.139E-02 2.957E-01 2.000E+05 0.000E+00 0.000E+00 7.468E+05
2.40356930E-01   6186.0 2.403E+02 1.585E+12 3.498E-02 3.200E-01 2.000E+05 0.000E+00 0.000E+00 7.490E+05
2.90930261E-01   6210.2 2.909E+02 1.835E+12 3.917E-02 3.483E-01 2.000E+05 0.000E+00 0.000E+00 7.513E+05
3.51024523E-01   6236.3 3.509E+02 2.128E+12 4.406E-02 3.814E-01 2.000E+05 0.000E+00 0.000E+00 7.537E+05
4.22068904E-01   6265.2 4.219E+02 2.477E+12 4.983E-02 4.207E-01 2.000E+05 0.000E+00 0.000E+00 7.562E+05
5.05609331E-01   6297.2 5.054E+02 2.894E+12 5.666E-02 4.677E-01 2.000E+05 0.000E+00 0.000E+00 7.587E+05
6.03221571E-01   6333.4 6.030E+02 3.401E+12 6.492E-02 5.252E-01 2.000E+05 0.000E+00 0.000E+00 7.612E+05
7.16317559E-01   6375.1 7.160E+02 4.028E+12 7.507E-02 5.968E-01 2.000E+05 0.000E+00 0.000E+00 7.638E+05
8.45981760E-01   6424.0 8.456E+02 4.818E+12 8.784E-02 6.880E-01 2.000E+05 0.000E+00 0.000E+00 7.661E+05
9.92687966E-01   6482.0 9.922E+02 5.839E+12 1.043E-01 8.072E-01 2.000E+05 0.000E+00 0.000E+00 7.684E+05
1.15592173E+00   6552.0 1.155E+03 7.191E+12 1.262E-01 9.676E-01 2.000E+05 0.000E+00 0.000E+00 7.706E+05
1.33384368E+00   6636.5 1.333E+03 9.030E+12 1.562E-01 1.189E+00 2.000E+05 0.000E+00 0.000E+00 7.726E+05
1.52294582E+00   6739.4 1.522E+03 1.160E+13 1.988E-01 1.507E+00 2.000E+05 0.000E+00 0.000E+00 7.745E+05
1.71802725E+00   6863.7 1.717E+03 1.528E+13 2.612E-01 1.977E+00 2.000E+05 5.455E-04 0.000E+00 7.765E+05
1.91235986E+00   7013.9 1.911E+03 2.069E+13 3.566E-01 2.702E+00 2.000E+05 3.526E-02 7.465E+01 7.788E+05
2.09792495E+00   7195.7 2.095E+03 2.889E+13 5.099E-01 3.874E+00 2.000E+05 9.208E-01 2.808E+02 7.820E+05
2.26651042E+00   7414.1 2.263E+03 4.156E+13 7.689E-01 5.858E+00 2.000E+05 3.235E+01 7.763E+02 7.870E+05
2.41115711E+00   7675.4 2.407E+03 6.156E+13 1.232E+00 9.399E+00 2.000E+05 1.813E+03 2.426E+03 7.954E+05
2.52778210E+00   7984.7 2.522E+03 9.335E+13 2.098E+00 1.597E+01 2.000E+05 1.415E+05 8.889E+03 8.090E+05
2.61656446E+00   8343.8 2.609E+03 1.431E+14 3.764E+00 2.839E+01 2.000E+05 4.994E+06 3.662E+04 8.305E+05
2.68115029E+00   8759.4 2.671E+03 2.194E+14 7.012E+00 5.226E+01 2.000E+05 3.090E+07 1.163E+05 8.633E+05
2.72695560E+00   9242.0 2.714E+03 3.311E+14 1.313E+01 9.411E+01 2.000E+05 3.752E+08 1.931E+05 9.136E+05
2.76089360E+00   9743.6 2.744E+03 4.625E+14 2.200E+01 1.404E+02 2.000E+05 1.568E+09 4.955E+05 9.802E+05
2.79107216E+00  10189.5 2.769E+03 5.756E+14 3.042E+01 1.618E+02 2.000E+05 3.262E+09 7.238E+05 1.050E+06
2.82238159E+00  10611.9 2.795E+03 6.645E+14 3.644E+01 1.819E+02 2.000E+05 3.846E+09 8.323E+05 1.120E+06
2.85913948E+00  11154.3 2.824E+03 7.389E+14 3.923E+01 2.246E+02 2.000E+05 2.474E+09 7.474E+05 1.208E+06
2.91063585E+00  11938.8 2.864E+03 7.765E+14 3.360E+01 2.226E+02 2.000E+05 6.885E+08 2.616E+05 1.323E+06
2.99738012E+00  12837.3 2.934E+03 7.725E+14 2.407E+01 1.665E+02 2.000E+05 1.854E+07 5.869E+04 1.452E+06
3.16624973E+00  13809.2 3.080E+03 7.662E+14 1.639E+01 1.128E+02 2.000E+05 1.259E+05 1.032E+04 1.577E+06
3.49000700E+00  14839.4 3.373E+03 7.876E+14 1.174E+01 8.020E+01 2.000E+05 5.493E+02 3.685E+03 1.632E+06
4.06580033E+00  15941.9 3.908E+03 8.583E+14 9.232E+00 6.286E+01 2.000E+05 4.670E+01 2.560E+03 1.660E+06
4.99478466E+00  17127.0 4.784E+03 9.904E+14 7.970E+00 5.413E+01 2.000E+05 1.620E+01 1.649E+03 1.734E+06
6.39007779E+00  18402.1 6.107E+03 1.188E+15 7.240E+00 4.912E+01 2.000E+05 3.150E+00 4.440E+02 1.859E+06
8.40246861E+00  19770.7 8.024E+03 1.461E+15 6.797E+00 4.609E+01 2.000E+05 5.785E-02 0.000E+00 2.004E+06
1.12162877E+01  21243.9 1.071E+04 1.818E+15 6.574E+00 4.449E+01 2.000E+05 0.000E+00 0.000E+00 2.134E+06
1.50337888E+01  22822.1 1.436E+04 2.271E+15 6.529E+00 4.320E+01 2.000E+05 0.000E+00 0.000E+00 2.241E+06
PRADK 4.8366E+00
BEGIN                    ITERATION  15 COMPLETED
