TEFF   3750.  GRAVITY 0.50000 LTE
TITLE  [-2.5] N(He)/Ntot=0.0784 VTURB=2  L/H=1.25 NOVER
OPACITY IFOP 1 1 1 1 1 1 1 1 1 1 1 1 1 0 1 0 0 0 0 0
CONVECTION ON   1.25 TURBULENCE OFF  0.00  0.00  0.00  0.00
ABUNDANCE SCALE   0.00316 ABUNDANCE CHANGE 1 0.92160 2 0.07840
ABUNDANCE CHANGE  3 -10.94  4 -10.64  5  -9.49  6  -3.52  7  -4.12  8  -3.21
ABUNDANCE CHANGE  9  -7.48 10  -3.96 11  -5.71 12  -4.46 13  -5.57 14  -4.49
ABUNDANCE CHANGE 15  -6.59 16  -4.71 17  -6.54 18  -5.64 19  -6.92 20  -5.68
ABUNDANCE CHANGE 21  -8.87 22  -7.02 23  -8.04 24  -6.37 25  -6.65 26  -4.54
ABUNDANCE CHANGE 27  -7.12 28  -5.79 29  -7.83 30  -7.44 31  -9.16 32  -8.63
ABUNDANCE CHANGE 33  -9.67 34  -8.63 35  -9.41 36  -8.73 37  -9.44 38  -9.07
ABUNDANCE CHANGE 39  -9.80 40  -9.44 41 -10.62 42 -10.12 43 -20.00 44 -10.20
ABUNDANCE CHANGE 45 -10.92 46 -10.35 47 -11.10 48 -10.27 49 -10.38 50 -10.04
ABUNDANCE CHANGE 51 -11.04 52  -9.80 53 -10.53 54  -9.87 55 -10.91 56  -9.91
ABUNDANCE CHANGE 57 -10.87 58 -10.46 59 -11.33 60 -10.54 61 -20.00 62 -11.03
ABUNDANCE CHANGE 63 -11.53 64 -10.92 65 -11.69 66 -10.90 67 -11.78 68 -11.11
ABUNDANCE CHANGE 69 -12.04 70 -10.96 71 -11.98 72 -11.16 73 -12.17 74 -10.93
ABUNDANCE CHANGE 75 -11.76 76 -10.59 77 -10.69 78 -10.24 79 -11.03 80 -10.91
ABUNDANCE CHANGE 81 -11.14 82 -10.09 83 -11.33 84 -20.00 85 -20.00 86 -20.00
ABUNDANCE CHANGE 87 -20.00 88 -20.00 89 -20.00 90 -11.95 91 -20.00 92 -12.54
ABUNDANCE CHANGE 93 -20.00 94 -20.00 95 -20.00 96 -20.00 97 -20.00 98 -20.00
ABUNDANCE CHANGE 99 -20.00
READ DECK6 72 RHOX,T,P,XNE,ABROSS,ACCRAD,VTURB, FLXCNV,VCONV,VELSND
1.90251890E-02   1995.0 6.016E-02 4.918E+03 7.009E-06 3.992E-05 2.000E+05 0.000E+00 0.000E+00 6.224E+05
2.46075160E-02   1995.0 7.781E-02 6.269E+03 8.925E-06 4.261E-05 2.000E+05 0.000E+00 0.000E+00 5.557E+05
3.05504705E-02   1995.0 9.661E-02 7.694E+03 1.103E-05 4.594E-05 2.000E+05 0.000E+00 0.000E+00 5.128E+05
3.70735865E-02   1995.0 1.172E-01 9.245E+03 1.321E-05 4.993E-05 2.000E+05 0.000E+00 0.000E+00 4.826E+05
4.47088835E-02   2003.0 1.414E-01 1.110E+04 1.431E-05 5.172E-05 2.000E+05 0.000E+00 0.000E+00 4.644E+05
5.43700521E-02   2014.1 1.718E-01 1.348E+04 1.488E-05 5.226E-05 2.000E+05 0.000E+00 0.000E+00 4.509E+05
6.66348155E-02   2025.9 2.107E-01 1.650E+04 1.563E-05 5.301E-05 2.000E+05 0.000E+00 0.000E+00 4.389E+05
8.22357285E-02   2038.8 2.600E-01 2.033E+04 1.641E-05 5.361E-05 2.000E+05 0.000E+00 0.000E+00 4.291E+05
1.02059527E-01   2052.8 3.228E-01 2.523E+04 1.716E-05 5.392E-05 2.000E+05 0.000E+00 0.000E+00 4.212E+05
1.27423722E-01   2065.9 4.030E-01 3.145E+04 1.787E-05 5.448E-05 2.000E+05 0.000E+00 0.000E+00 4.142E+05
1.59888910E-01   2081.6 5.057E-01 3.948E+04 1.861E-05 5.479E-05 2.000E+05 0.000E+00 0.000E+00 4.094E+05
2.01502613E-01   2098.1 6.374E-01 4.979E+04 1.937E-05 5.518E-05 2.000E+05 0.000E+00 0.000E+00 4.057E+05
2.54856284E-01   2114.6 8.061E-01 6.302E+04 2.012E-05 5.552E-05 2.000E+05 0.000E+00 0.000E+00 4.029E+05
3.23488353E-01   2132.1 1.023E+00 8.013E+04 2.081E-05 5.539E-05 2.000E+05 0.000E+00 0.000E+00 4.010E+05
4.12263659E-01   2148.3 1.304E+00 1.022E+05 2.139E-05 5.541E-05 2.000E+05 0.000E+00 0.000E+00 3.992E+05
5.27595379E-01   2167.7 1.669E+00 1.312E+05 2.193E-05 5.493E-05 2.000E+05 0.000E+00 0.000E+00 3.988E+05
6.77810233E-01   2190.6 2.144E+00 1.698E+05 2.242E-05 5.397E-05 2.000E+05 0.000E+00 0.000E+00 3.996E+05
8.74182228E-01   2212.6 2.765E+00 2.207E+05 2.282E-05 5.310E-05 2.000E+05 0.000E+00 0.000E+00 4.004E+05
1.13235753E+00   2234.9 3.582E+00 2.881E+05 2.307E-05 5.183E-05 2.000E+05 0.000E+00 0.000E+00 4.013E+05
1.47377155E+00   2258.3 4.662E+00 3.789E+05 2.322E-05 5.040E-05 2.000E+05 0.000E+00 0.000E+00 4.027E+05
1.92698164E+00   2286.7 6.096E+00 5.053E+05 2.329E-05 4.831E-05 2.000E+05 0.000E+00 0.000E+00 4.053E+05
2.53001248E+00   2315.0 8.004E+00 6.781E+05 2.332E-05 4.656E-05 2.000E+05 0.000E+00 0.000E+00 4.078E+05
3.33462604E+00   2344.6 1.055E+01 9.177E+05 2.326E-05 4.445E-05 2.000E+05 0.000E+00 0.000E+00 4.106E+05
4.41162104E+00   2374.0 1.396E+01 1.249E+06 2.315E-05 4.258E-05 2.000E+05 0.000E+00 0.000E+00 4.133E+05
5.85367231E+00   2407.5 1.852E+01 1.726E+06 2.309E-05 4.069E-05 2.000E+05 0.000E+00 0.000E+00 4.169E+05
7.77684432E+00   2440.6 2.461E+01 2.392E+06 2.313E-05 3.923E-05 2.000E+05 0.000E+00 0.000E+00 4.203E+05
1.03408412E+01   2476.6 3.272E+01 3.355E+06 2.308E-05 3.732E-05 2.000E+05 0.000E+00 0.000E+00 4.243E+05
1.37669923E+01   2512.8 4.357E+01 4.722E+06 2.304E-05 3.576E-05 2.000E+05 0.000E+00 0.000E+00 4.282E+05
1.83297278E+01   2548.5 5.802E+01 6.643E+06 2.314E-05 3.484E-05 2.000E+05 0.000E+00 0.000E+00 4.319E+05
2.44048732E+01   2589.3 7.726E+01 9.521E+06 2.306E-05 3.340E-05 2.000E+05 0.000E+00 0.000E+00 4.366E+05
3.25589985E+01   2635.5 1.031E+02 1.393E+07 2.285E-05 3.163E-05 2.000E+05 0.000E+00 0.000E+00 4.423E+05
4.34367567E+01   2676.0 1.375E+02 1.994E+07 2.307E-05 3.111E-05 2.000E+05 0.000E+00 0.000E+00 4.467E+05
5.79580453E+01   2727.2 1.836E+02 2.965E+07 2.273E-05 2.997E-05 2.000E+05 0.000E+00 0.000E+00 4.533E+05
7.75416391E+01   2784.2 2.457E+02 4.482E+07 2.258E-05 2.914E-05 2.000E+05 0.000E+00 0.000E+00 4.608E+05
1.03863831E+02   2845.9 3.290E+02 6.842E+07 2.245E-05 2.862E-05 2.000E+05 0.000E+00 0.000E+00 4.692E+05
1.38546556E+02   2904.8 4.389E+02 1.020E+08 2.324E-05 2.890E-05 2.000E+05 0.000E+00 0.000E+00 4.768E+05
1.81931818E+02   2951.9 5.760E+02 1.433E+08 2.540E-05 2.993E-05 2.000E+05 0.000E+00 0.000E+00 4.820E+05
2.34595618E+02   2996.2 7.426E+02 1.961E+08 2.800E-05 3.118E-05 2.000E+05 0.000E+00 0.000E+00 4.868E+05
2.97778488E+02   3034.0 9.423E+02 2.590E+08 3.142E-05 3.281E-05 2.000E+05 0.000E+00 0.000E+00 4.903E+05
3.72333667E+02   3064.5 1.178E+03 3.305E+08 3.569E-05 3.500E-05 2.000E+05 0.000E+00 0.000E+00 4.924E+05
4.59970392E+02   3095.4 1.455E+03 4.181E+08 4.040E-05 3.754E-05 2.000E+05 0.000E+00 0.000E+00 4.948E+05
5.63279340E+02   3126.8 1.782E+03 5.250E+08 4.568E-05 4.045E-05 2.000E+05 0.000E+00 0.000E+00 4.973E+05
6.85273903E+02   3160.8 2.167E+03 6.592E+08 5.157E-05 4.383E-05 2.000E+05 0.000E+00 0.000E+00 5.005E+05
8.28906588E+02   3196.3 2.622E+03 8.252E+08 5.857E-05 4.796E-05 2.000E+05 0.000E+00 0.000E+00 5.040E+05
9.97761320E+02   3237.2 3.155E+03 1.039E+09 6.636E-05 5.289E-05 2.000E+05 0.000E+00 0.000E+00 5.086E+05
1.19586616E+03   3283.9 3.782E+03 1.315E+09 7.570E-05 5.896E-05 2.000E+05 0.000E+00 0.000E+00 5.144E+05
1.42571288E+03   3338.5 4.509E+03 1.674E+09 8.774E-05 6.643E-05 2.000E+05 0.000E+00 0.000E+00 5.219E+05
1.68800351E+03   3401.2 5.338E+03 2.134E+09 1.033E-04 7.546E-05 2.000E+05 0.000E+00 0.000E+00 5.312E+05
1.98346450E+03   3475.0 6.272E+03 2.729E+09 1.225E-04 8.608E-05 2.000E+05 0.000E+00 0.000E+00 5.430E+05
2.31708303E+03   3555.4 7.327E+03 3.475E+09 1.441E-04 9.649E-05 2.000E+05 0.000E+00 0.000E+00 5.563E+05
2.68676038E+03   3648.1 8.496E+03 4.467E+09 1.792E-04 1.110E-04 2.000E+05 0.000E+00 0.000E+00 5.724E+05
3.07206102E+03   3751.2 9.714E+03 5.873E+09 2.356E-04 1.335E-04 2.000E+05 0.000E+00 0.000E+00 5.908E+05
3.45459783E+03   3863.1 1.092E+04 8.190E+09 3.236E-04 1.682E-04 2.000E+05 2.698E+01 0.000E+00 6.105E+05
3.81289144E+03   3984.0 1.206E+04 1.253E+10 4.792E-04 2.281E-04 2.000E+05 2.246E+03 1.438E+03 6.309E+05
4.12176736E+03   4116.3 1.303E+04 2.113E+10 7.730E-04 3.393E-04 2.000E+05 7.641E+04 6.286E+03 6.515E+05
4.36847265E+03   4262.3 1.381E+04 3.856E+10 1.329E-03 5.438E-04 2.000E+05 1.052E+06 2.035E+04 6.716E+05
4.55629878E+03   4422.7 1.441E+04 7.406E+10 2.367E-03 9.156E-04 2.000E+05 8.867E+06 4.786E+04 6.907E+05
4.69408699E+03   4606.4 1.484E+04 1.512E+11 4.398E-03 1.625E-03 2.000E+05 2.264E+07 9.573E+04 7.096E+05
4.79101668E+03   4821.9 1.514E+04 3.284E+11 8.469E-03 2.889E-03 2.000E+05 6.660E+07 1.005E+05 7.289E+05
4.85949073E+03   5039.8 1.536E+04 6.734E+11 1.542E-02 4.381E-03 2.000E+05 1.886E+08 1.815E+05 7.462E+05
4.91362654E+03   5218.7 1.553E+04 1.162E+12 2.421E-02 5.113E-03 2.000E+05 3.623E+08 2.343E+05 7.591E+05
4.96158461E+03   5373.4 1.568E+04 1.814E+12 3.493E-02 5.237E-03 2.000E+05 5.166E+08 2.657E+05 7.695E+05
5.00733369E+03   5510.3 1.582E+04 2.636E+12 4.755E-02 5.120E-03 2.000E+05 6.250E+08 2.825E+05 7.780E+05
5.05280441E+03   5639.0 1.597E+04 3.688E+12 6.281E-02 5.038E-03 2.000E+05 6.958E+08 2.934E+05 7.854E+05
5.09928503E+03   5762.1 1.611E+04 5.019E+12 8.117E-02 4.983E-03 2.000E+05 7.420E+08 2.993E+05 7.919E+05
5.14756442E+03   5882.6 1.627E+04 6.707E+12 1.035E-01 5.004E-03 2.000E+05 7.740E+08 3.037E+05 7.977E+05
5.19823039E+03   6002.9 1.643E+04 8.862E+12 1.311E-01 5.046E-03 2.000E+05 7.979E+08 3.061E+05 8.028E+05
5.25173572E+03   6123.3 1.660E+04 1.159E+13 1.650E-01 5.105E-03 2.000E+05 8.159E+08 3.079E+05 8.073E+05
5.30847197E+03   6246.1 1.678E+04 1.508E+13 2.074E-01 5.168E-03 2.000E+05 8.306E+08 3.081E+05 8.111E+05
5.36882137E+03   6369.2 1.697E+04 1.945E+13 2.595E-01 5.240E-03 2.000E+05 8.421E+08 3.088E+05 8.143E+05
5.43300183E+03   6496.9 1.717E+04 2.508E+13 3.258E-01 5.291E-03 2.000E+05 8.514E+08 3.065E+05 8.168E+05
5.50130080E+03   6622.1 1.739E+04 3.190E+13 4.056E-01 5.793E-03 2.000E+05 8.565E+08 3.064E+05 8.187E+05
PRADK 2.6185E-01
BEGIN                    ITERATION  15 COMPLETED
