TEFF   5500.  GRAVITY 3.50000 LTE
TITLE  [-2.5] N(He)/Ntot=0.0784 VTURB=2  L/H=1.25 NOVER
OPACITY IFOP 1 1 1 1 1 1 1 1 1 1 1 1 1 0 1 0 0 0 0 0
CONVECTION ON   1.25 TURBULENCE OFF  0.00  0.00  0.00  0.00
ABUNDANCE SCALE   0.00316 ABUNDANCE CHANGE 1 0.92160 2 0.07840
ABUNDANCE CHANGE  3 -10.94  4 -10.64  5  -9.49  6  -3.52  7  -4.12  8  -3.21
ABUNDANCE CHANGE  9  -7.48 10  -3.96 11  -5.71 12  -4.46 13  -5.57 14  -4.49
ABUNDANCE CHANGE 15  -6.59 16  -4.71 17  -6.54 18  -5.64 19  -6.92 20  -5.68
ABUNDANCE CHANGE 21  -8.87 22  -7.02 23  -8.04 24  -6.37 25  -6.65 26  -4.54
ABUNDANCE CHANGE 27  -7.12 28  -5.79 29  -7.83 30  -7.44 31  -9.16 32  -8.63
ABUNDANCE CHANGE 33  -9.67 34  -8.63 35  -9.41 36  -8.73 37  -9.44 38  -9.07
ABUNDANCE CHANGE 39  -9.80 40  -9.44 41 -10.62 42 -10.12 43 -20.00 44 -10.20
ABUNDANCE CHANGE 45 -10.92 46 -10.35 47 -11.10 48 -10.27 49 -10.38 50 -10.04
ABUNDANCE CHANGE 51 -11.04 52  -9.80 53 -10.53 54  -9.87 55 -10.91 56  -9.91
ABUNDANCE CHANGE 57 -10.87 58 -10.46 59 -11.33 60 -10.54 61 -20.00 62 -11.03
ABUNDANCE CHANGE 63 -11.53 64 -10.92 65 -11.69 66 -10.90 67 -11.78 68 -11.11
ABUNDANCE CHANGE 69 -12.04 70 -10.96 71 -11.98 72 -11.16 73 -12.17 74 -10.93
ABUNDANCE CHANGE 75 -11.76 76 -10.59 77 -10.69 78 -10.24 79 -11.03 80 -10.91
ABUNDANCE CHANGE 81 -11.14 82 -10.09 83 -11.33 84 -20.00 85 -20.00 86 -20.00
ABUNDANCE CHANGE 87 -20.00 88 -20.00 89 -20.00 90 -11.95 91 -20.00 92 -12.54
ABUNDANCE CHANGE 93 -20.00 94 -20.00 95 -20.00 96 -20.00 97 -20.00 98 -20.00
ABUNDANCE CHANGE 99 -20.00
READ DECK6 72 RHOX,T,P,XNE,ABROSS,ACCRAD,VTURB, FLXCNV,VCONV,VELSND
3.49002591E-03   3981.6 1.104E+01 2.656E+08 3.821E-05 1.815E-03 2.000E+05 0.000E+00 0.000E+00 7.217E+05
4.60943992E-03   4000.4 1.458E+01 3.357E+08 4.125E-05 1.815E-03 2.000E+05 0.000E+00 0.000E+00 7.102E+05
5.99339777E-03   4016.0 1.895E+01 4.139E+08 4.446E-05 1.812E-03 2.000E+05 0.000E+00 0.000E+00 7.018E+05
7.69723542E-03   4031.8 2.434E+01 5.075E+08 4.838E-05 1.811E-03 2.000E+05 0.000E+00 0.000E+00 6.960E+05
9.77610287E-03   4047.7 3.091E+01 6.186E+08 5.306E-05 1.812E-03 2.000E+05 0.000E+00 0.000E+00 6.918E+05
1.22961239E-02   4063.4 3.888E+01 7.488E+08 5.852E-05 1.817E-03 2.000E+05 0.000E+00 0.000E+00 6.890E+05
1.53360792E-02   4078.6 4.850E+01 9.007E+08 6.483E-05 1.825E-03 2.000E+05 0.000E+00 0.000E+00 6.870E+05
1.89877795E-02   4093.7 6.004E+01 1.078E+09 7.210E-05 1.835E-03 2.000E+05 0.000E+00 0.000E+00 6.857E+05
2.33583434E-02   4108.5 7.387E+01 1.283E+09 8.046E-05 1.848E-03 2.000E+05 0.000E+00 0.000E+00 6.849E+05
2.85723682E-02   4123.3 9.035E+01 1.522E+09 9.008E-05 1.863E-03 2.000E+05 0.000E+00 0.000E+00 6.845E+05
3.47760196E-02   4137.9 1.100E+02 1.799E+09 1.011E-04 1.882E-03 2.000E+05 0.000E+00 0.000E+00 6.844E+05
4.21413062E-02   4152.4 1.333E+02 2.119E+09 1.136E-04 1.905E-03 2.000E+05 0.000E+00 0.000E+00 6.846E+05
5.08684549E-02   4166.8 1.609E+02 2.490E+09 1.280E-04 1.931E-03 2.000E+05 0.000E+00 0.000E+00 6.849E+05
6.11920933E-02   4181.2 1.935E+02 2.919E+09 1.444E-04 1.962E-03 2.000E+05 0.000E+00 0.000E+00 6.853E+05
7.33887246E-02   4195.6 2.321E+02 3.414E+09 1.631E-04 1.996E-03 2.000E+05 0.000E+00 0.000E+00 6.859E+05
8.77842497E-02   4209.9 2.776E+02 3.986E+09 1.843E-04 2.036E-03 2.000E+05 0.000E+00 0.000E+00 6.866E+05
1.04761358E-01   4224.2 3.313E+02 4.644E+09 2.085E-04 2.081E-03 2.000E+05 0.000E+00 0.000E+00 6.873E+05
1.24777116E-01   4238.3 3.946E+02 5.400E+09 2.358E-04 2.135E-03 2.000E+05 0.000E+00 0.000E+00 6.881E+05
1.48359967E-01   4252.6 4.692E+02 6.276E+09 2.670E-04 2.196E-03 2.000E+05 0.000E+00 0.000E+00 6.889E+05
1.76123294E-01   4266.9 5.569E+02 7.286E+09 3.025E-04 2.265E-03 2.000E+05 0.000E+00 0.000E+00 6.897E+05
2.08784229E-01   4281.4 6.602E+02 8.456E+09 3.431E-04 2.342E-03 2.000E+05 0.000E+00 0.000E+00 6.906E+05
2.47179533E-01   4296.0 7.816E+02 9.809E+09 3.893E-04 2.429E-03 2.000E+05 0.000E+00 0.000E+00 6.915E+05
2.92278159E-01   4310.9 9.243E+02 1.138E+10 4.422E-04 2.528E-03 2.000E+05 0.000E+00 0.000E+00 6.925E+05
3.45227882E-01   4325.8 1.092E+03 1.319E+10 5.022E-04 2.639E-03 2.000E+05 0.000E+00 0.000E+00 6.934E+05
4.07395684E-01   4340.8 1.288E+03 1.527E+10 5.704E-04 2.765E-03 2.000E+05 0.000E+00 0.000E+00 6.944E+05
4.80363470E-01   4355.8 1.519E+03 1.768E+10 6.482E-04 2.906E-03 2.000E+05 0.000E+00 0.000E+00 6.954E+05
5.66020570E-01   4370.7 1.790E+03 2.044E+10 7.360E-04 3.064E-03 2.000E+05 0.000E+00 0.000E+00 6.963E+05
6.66704100E-01   4385.1 2.108E+03 2.356E+10 8.343E-04 3.242E-03 2.000E+05 0.000E+00 0.000E+00 6.972E+05
7.85191714E-01   4399.2 2.483E+03 2.712E+10 9.450E-04 3.441E-03 2.000E+05 0.000E+00 0.000E+00 6.980E+05
9.24799643E-01   4412.8 2.924E+03 3.115E+10 1.069E-03 3.661E-03 2.000E+05 0.000E+00 0.000E+00 6.988E+05
1.08963756E+00   4425.7 3.446E+03 3.566E+10 1.206E-03 3.907E-03 2.000E+05 0.000E+00 0.000E+00 6.994E+05
1.28465289E+00   4437.9 4.062E+03 4.072E+10 1.358E-03 4.183E-03 2.000E+05 0.000E+00 0.000E+00 7.000E+05
1.51584691E+00   4449.3 4.794E+03 4.636E+10 1.526E-03 4.489E-03 2.000E+05 0.000E+00 0.000E+00 7.004E+05
1.79040887E+00   4460.1 5.662E+03 5.268E+10 1.712E-03 4.833E-03 2.000E+05 0.000E+00 0.000E+00 7.008E+05
2.11702938E+00   4470.1 6.695E+03 5.971E+10 1.918E-03 5.216E-03 2.000E+05 0.000E+00 0.000E+00 7.010E+05
2.50578048E+00   4480.2 7.924E+03 6.770E+10 2.149E-03 5.653E-03 2.000E+05 0.000E+00 0.000E+00 7.011E+05
2.96834107E+00   4490.2 9.387E+03 7.675E+10 2.409E-03 6.148E-03 2.000E+05 0.000E+00 0.000E+00 7.011E+05
3.51762519E+00   4501.1 1.112E+04 8.733E+10 2.711E-03 6.728E-03 2.000E+05 0.000E+00 0.000E+00 7.011E+05
4.16744301E+00   4513.2 1.318E+04 9.980E+10 3.062E-03 7.407E-03 2.000E+05 0.000E+00 0.000E+00 7.011E+05
4.93251159E+00   4527.0 1.560E+04 1.147E+11 3.477E-03 8.206E-03 2.000E+05 0.000E+00 0.000E+00 7.012E+05
5.82818417E+00   4543.1 1.843E+04 1.328E+11 3.973E-03 9.156E-03 2.000E+05 0.000E+00 0.000E+00 7.014E+05
6.86954719E+00   4561.9 2.172E+04 1.550E+11 4.574E-03 1.030E-02 2.000E+05 0.000E+00 0.000E+00 7.019E+05
8.07046559E+00   4584.3 2.552E+04 1.830E+11 5.312E-03 1.168E-02 2.000E+05 0.000E+00 0.000E+00 7.026E+05
9.44390749E+00   4610.1 2.986E+04 2.181E+11 6.219E-03 1.335E-02 2.000E+05 0.000E+00 0.000E+00 7.037E+05
1.09976690E+01   4641.6 3.478E+04 2.643E+11 7.384E-03 1.549E-02 2.000E+05 0.000E+00 0.000E+00 7.055E+05
1.27295242E+01   4679.5 4.025E+04 3.262E+11 8.903E-03 1.826E-02 2.000E+05 0.000E+00 0.000E+00 7.080E+05
1.46280242E+01   4725.5 4.626E+04 4.118E+11 1.093E-02 2.191E-02 2.000E+05 0.000E+00 0.000E+00 7.114E+05
1.66700926E+01   4780.9 5.272E+04 5.331E+11 1.369E-02 2.685E-02 2.000E+05 0.000E+00 0.000E+00 7.160E+05
1.88138118E+01   4849.1 5.949E+04 7.140E+11 1.764E-02 3.387E-02 2.000E+05 0.000E+00 0.000E+00 7.219E+05
2.10027972E+01   4931.3 6.642E+04 9.898E+11 2.335E-02 4.395E-02 2.000E+05 0.000E+00 0.000E+00 7.293E+05
2.31751636E+01   5030.5 7.329E+04 1.427E+12 3.186E-02 5.887E-02 2.000E+05 0.000E+00 0.000E+00 7.382E+05
2.52638280E+01   5150.0 7.989E+04 2.150E+12 4.494E-02 8.172E-02 2.000E+05 4.658E+03 0.000E+00 7.487E+05
2.72027791E+01   5294.7 8.602E+04 3.407E+12 6.583E-02 1.182E-01 2.000E+05 4.739E+05 4.877E+03 7.608E+05
2.89256327E+01   5473.3 9.147E+04 5.751E+12 1.011E-01 1.796E-01 2.000E+05 7.485E+06 2.246E+04 7.747E+05
3.03945322E+01   5684.9 9.611E+04 1.017E+13 1.609E-01 2.819E-01 2.000E+05 4.209E+07 5.409E+04 7.899E+05
3.16027169E+01   5936.3 9.993E+04 1.885E+13 2.656E-01 4.547E-01 2.000E+05 1.297E+08 8.833E+04 8.061E+05
3.25591886E+01   6228.0 1.030E+05 3.609E+13 4.518E-01 7.273E-01 2.000E+05 3.735E+08 1.171E+05 8.223E+05
3.33258915E+01   6510.5 1.054E+05 6.397E+13 7.278E-01 1.015E+00 2.000E+05 8.678E+08 1.726E+05 8.352E+05
3.39935683E+01   6749.0 1.075E+05 1.001E+14 1.066E+00 1.188E+00 2.000E+05 1.506E+09 2.078E+05 8.438E+05
3.46161715E+01   6967.1 1.095E+05 1.468E+14 1.492E+00 1.264E+00 2.000E+05 2.123E+09 2.328E+05 8.499E+05
3.52226118E+01   7164.6 1.114E+05 2.037E+14 2.004E+00 1.257E+00 2.000E+05 2.634E+09 2.471E+05 8.541E+05
3.58322432E+01   7350.8 1.133E+05 2.732E+14 2.628E+00 1.225E+00 2.000E+05 3.016E+09 2.557E+05 8.571E+05
3.64586946E+01   7526.4 1.153E+05 3.560E+14 3.378E+00 1.183E+00 2.000E+05 3.291E+09 2.590E+05 8.594E+05
3.71137823E+01   7695.1 1.174E+05 4.542E+14 4.278E+00 1.150E+00 2.000E+05 3.488E+09 2.605E+05 8.611E+05
3.78069979E+01   7859.5 1.195E+05 5.708E+14 5.366E+00 1.113E+00 2.000E+05 3.632E+09 2.591E+05 8.627E+05
3.85481081E+01   8018.8 1.219E+05 7.065E+14 6.662E+00 1.086E+00 2.000E+05 3.741E+09 2.577E+05 8.643E+05
3.93449754E+01   8178.6 1.244E+05 8.683E+14 8.249E+00 1.052E+00 2.000E+05 3.824E+09 2.542E+05 8.661E+05
4.02082632E+01   8332.8 1.271E+05 1.053E+15 1.010E+01 1.015E+00 2.000E+05 3.888E+09 2.513E+05 8.682E+05
4.11462622E+01   8491.3 1.301E+05 1.275E+15 1.241E+01 9.831E-01 2.000E+05 3.941E+09 2.468E+05 8.707E+05
4.21712897E+01   8642.6 1.333E+05 1.523E+15 1.507E+01 9.435E-01 2.000E+05 3.979E+09 2.434E+05 8.735E+05
4.32924111E+01   8802.3 1.369E+05 1.825E+15 1.840E+01 9.103E-01 2.000E+05 4.009E+09 2.380E+05 8.770E+05
4.45274119E+01   8951.2 1.408E+05 2.153E+15 2.210E+01 9.319E-01 2.000E+05 4.031E+09 2.348E+05 8.808E+05
PRADK 1.2222E+00
BEGIN                    ITERATION  15 COMPLETED
