TEFF   4000.  GRAVITY 2.00000 LTE
TITLE  [-2.5] N(He)/Ntot=0.0784 VTURB=2  L/H=1.25 NOVER
OPACITY IFOP 1 1 1 1 1 1 1 1 1 1 1 1 1 0 1 0 0 0 0 0
CONVECTION ON   1.25 TURBULENCE OFF  0.00  0.00  0.00  0.00
ABUNDANCE SCALE   0.00316 ABUNDANCE CHANGE 1 0.92160 2 0.07840
ABUNDANCE CHANGE  3 -10.94  4 -10.64  5  -9.49  6  -3.52  7  -4.12  8  -3.21
ABUNDANCE CHANGE  9  -7.48 10  -3.96 11  -5.71 12  -4.46 13  -5.57 14  -4.49
ABUNDANCE CHANGE 15  -6.59 16  -4.71 17  -6.54 18  -5.64 19  -6.92 20  -5.68
ABUNDANCE CHANGE 21  -8.87 22  -7.02 23  -8.04 24  -6.37 25  -6.65 26  -4.54
ABUNDANCE CHANGE 27  -7.12 28  -5.79 29  -7.83 30  -7.44 31  -9.16 32  -8.63
ABUNDANCE CHANGE 33  -9.67 34  -8.63 35  -9.41 36  -8.73 37  -9.44 38  -9.07
ABUNDANCE CHANGE 39  -9.80 40  -9.44 41 -10.62 42 -10.12 43 -20.00 44 -10.20
ABUNDANCE CHANGE 45 -10.92 46 -10.35 47 -11.10 48 -10.27 49 -10.38 50 -10.04
ABUNDANCE CHANGE 51 -11.04 52  -9.80 53 -10.53 54  -9.87 55 -10.91 56  -9.91
ABUNDANCE CHANGE 57 -10.87 58 -10.46 59 -11.33 60 -10.54 61 -20.00 62 -11.03
ABUNDANCE CHANGE 63 -11.53 64 -10.92 65 -11.69 66 -10.90 67 -11.78 68 -11.11
ABUNDANCE CHANGE 69 -12.04 70 -10.96 71 -11.98 72 -11.16 73 -12.17 74 -10.93
ABUNDANCE CHANGE 75 -11.76 76 -10.59 77 -10.69 78 -10.24 79 -11.03 80 -10.91
ABUNDANCE CHANGE 81 -11.14 82 -10.09 83 -11.33 84 -20.00 85 -20.00 86 -20.00
ABUNDANCE CHANGE 87 -20.00 88 -20.00 89 -20.00 90 -11.95 91 -20.00 92 -12.54
ABUNDANCE CHANGE 93 -20.00 94 -20.00 95 -20.00 96 -20.00 97 -20.00 98 -20.00
ABUNDANCE CHANGE 99 -20.00
READ DECK6 72 RHOX,T,P,XNE,ABROSS,ACCRAD,VTURB, FLXCNV,VCONV,VELSND
1.05762686E-02   2185.1 1.057E+00 8.848E+04 1.261E-05 8.034E-05 2.000E+05 0.000E+00 0.000E+00 4.216E+05
1.39949687E-02   2204.2 1.399E+00 1.176E+05 1.341E-05 8.138E-05 2.000E+05 0.000E+00 0.000E+00 4.176E+05
1.82439783E-02   2220.8 1.824E+00 1.535E+05 1.451E-05 8.277E-05 2.000E+05 0.000E+00 0.000E+00 4.145E+05
2.34840183E-02   2237.1 2.348E+00 1.979E+05 1.568E-05 8.407E-05 2.000E+05 0.000E+00 0.000E+00 4.124E+05
2.99574088E-02   2253.8 2.995E+00 2.534E+05 1.686E-05 8.509E-05 2.000E+05 0.000E+00 0.000E+00 4.113E+05
3.80302994E-02   2269.6 3.802E+00 3.225E+05 1.794E-05 8.627E-05 2.000E+05 0.000E+00 0.000E+00 4.105E+05
4.81723793E-02   2287.1 4.816E+00 4.110E+05 1.900E-05 8.733E-05 2.000E+05 0.000E+00 0.000E+00 4.103E+05
6.09849092E-02   2305.2 6.097E+00 5.243E+05 2.001E-05 8.853E-05 2.000E+05 0.000E+00 0.000E+00 4.106E+05
7.72073847E-02   2323.6 7.719E+00 6.693E+05 2.109E-05 8.965E-05 2.000E+05 0.000E+00 0.000E+00 4.111E+05
9.77261048E-02   2342.9 9.771E+00 8.560E+05 2.223E-05 9.047E-05 2.000E+05 0.000E+00 0.000E+00 4.119E+05
1.23817846E-01   2360.9 1.238E+01 1.092E+06 2.321E-05 9.144E-05 2.000E+05 0.000E+00 0.000E+00 4.124E+05
1.57137462E-01   2381.1 1.571E+01 1.403E+06 2.424E-05 9.228E-05 2.000E+05 0.000E+00 0.000E+00 4.134E+05
1.99663951E-01   2403.7 1.996E+01 1.815E+06 2.532E-05 9.293E-05 2.000E+05 0.000E+00 0.000E+00 4.151E+05
2.54089898E-01   2426.2 2.540E+01 2.351E+06 2.633E-05 9.362E-05 2.000E+05 0.000E+00 0.000E+00 4.166E+05
3.23906430E-01   2450.0 3.238E+01 3.061E+06 2.736E-05 9.381E-05 2.000E+05 0.000E+00 0.000E+00 4.184E+05
4.13958118E-01   2472.8 4.139E+01 3.983E+06 2.817E-05 9.402E-05 2.000E+05 0.000E+00 0.000E+00 4.199E+05
5.30404608E-01   2499.5 5.303E+01 5.253E+06 2.909E-05 9.383E-05 2.000E+05 0.000E+00 0.000E+00 4.222E+05
6.81041497E-01   2528.4 6.809E+01 6.990E+06 2.992E-05 9.339E-05 2.000E+05 0.000E+00 0.000E+00 4.249E+05
8.76700737E-01   2559.0 8.765E+01 9.369E+06 3.066E-05 9.240E-05 2.000E+05 0.000E+00 0.000E+00 4.278E+05
1.13217709E+00   2591.1 1.132E+02 1.266E+07 3.122E-05 9.080E-05 2.000E+05 0.000E+00 0.000E+00 4.310E+05
1.46773414E+00   2627.5 1.467E+02 1.740E+07 3.161E-05 8.872E-05 2.000E+05 0.000E+00 0.000E+00 4.350E+05
1.91111897E+00   2667.1 1.911E+02 2.426E+07 3.183E-05 8.683E-05 2.000E+05 0.000E+00 0.000E+00 4.394E+05
2.49869406E+00   2712.6 2.498E+02 3.463E+07 3.200E-05 8.431E-05 2.000E+05 0.000E+00 0.000E+00 4.449E+05
3.28127503E+00   2765.9 3.280E+02 5.092E+07 3.188E-05 8.135E-05 2.000E+05 0.000E+00 0.000E+00 4.519E+05
4.33799733E+00   2823.4 4.337E+02 7.600E+07 3.127E-05 7.961E-05 2.000E+05 0.000E+00 0.000E+00 4.594E+05
5.77145651E+00   2891.8 5.769E+02 1.175E+08 3.093E-05 7.829E-05 2.000E+05 0.000E+00 0.000E+00 4.689E+05
7.66690145E+00   2959.5 7.664E+02 1.786E+08 3.183E-05 7.856E-05 2.000E+05 0.000E+00 0.000E+00 4.782E+05
1.00779456E+01   3023.7 1.007E+03 2.632E+08 3.397E-05 7.975E-05 2.000E+05 0.000E+00 0.000E+00 4.867E+05
1.30121502E+01   3075.7 1.301E+03 3.657E+08 3.802E-05 8.226E-05 2.000E+05 0.000E+00 0.000E+00 4.928E+05
1.64732933E+01   3118.3 1.647E+03 4.853E+08 4.330E-05 8.557E-05 2.000E+05 0.000E+00 0.000E+00 4.971E+05
2.05093413E+01   3153.3 2.051E+03 6.215E+08 4.968E-05 8.951E-05 2.000E+05 0.000E+00 0.000E+00 5.000E+05
2.51842449E+01   3181.5 2.518E+03 7.732E+08 5.732E-05 9.417E-05 2.000E+05 0.000E+00 0.000E+00 5.017E+05
3.05905686E+01   3204.6 3.059E+03 9.419E+08 6.602E-05 9.961E-05 2.000E+05 0.000E+00 0.000E+00 5.025E+05
3.68563283E+01   3223.4 3.685E+03 1.128E+09 7.591E-05 1.060E-04 2.000E+05 0.000E+00 0.000E+00 5.025E+05
4.41270835E+01   3240.0 4.412E+03 1.337E+09 8.719E-05 1.134E-04 2.000E+05 0.000E+00 0.000E+00 5.022E+05
5.25730093E+01   3255.0 5.257E+03 1.574E+09 1.000E-04 1.218E-04 2.000E+05 0.000E+00 0.000E+00 5.017E+05
6.23970216E+01   3270.0 6.239E+03 1.846E+09 1.146E-04 1.312E-04 2.000E+05 0.000E+00 0.000E+00 5.012E+05
7.38374249E+01   3284.5 7.384E+03 2.157E+09 1.312E-04 1.419E-04 2.000E+05 0.000E+00 0.000E+00 5.007E+05
8.71766137E+01   3300.1 8.717E+03 2.524E+09 1.499E-04 1.540E-04 2.000E+05 0.000E+00 0.000E+00 5.004E+05
1.02753806E+02   3317.1 1.028E+04 2.958E+09 1.710E-04 1.678E-04 2.000E+05 0.000E+00 0.000E+00 5.004E+05
1.21004587E+02   3335.9 1.210E+04 3.475E+09 1.943E-04 1.838E-04 2.000E+05 0.000E+00 0.000E+00 5.006E+05
1.42417936E+02   3356.3 1.424E+04 4.095E+09 2.210E-04 2.022E-04 2.000E+05 0.000E+00 0.000E+00 5.012E+05
1.67524557E+02   3381.5 1.675E+04 4.872E+09 2.514E-04 2.238E-04 2.000E+05 0.000E+00 0.000E+00 5.026E+05
1.96919783E+02   3407.6 1.969E+04 5.800E+09 2.867E-04 2.490E-04 2.000E+05 0.000E+00 0.000E+00 5.041E+05
2.31231582E+02   3443.3 2.312E+04 7.029E+09 3.281E-04 2.799E-04 2.000E+05 0.000E+00 0.000E+00 5.074E+05
2.71591995E+02   3484.3 2.716E+04 8.590E+09 3.678E-04 3.138E-04 2.000E+05 0.000E+00 0.000E+00 5.116E+05
3.19845619E+02   3537.0 3.198E+04 1.072E+10 4.095E-04 3.530E-04 2.000E+05 0.000E+00 0.000E+00 5.178E+05
3.76155688E+02   3604.2 3.762E+04 1.363E+10 4.839E-04 4.062E-04 2.000E+05 1.507E+04 0.000E+00 5.266E+05
4.37818313E+02   3676.4 4.378E+04 1.722E+10 6.041E-04 4.777E-04 2.000E+05 2.308E+05 5.613E+03 5.363E+05
5.02907541E+02   3756.8 5.029E+04 2.173E+10 7.681E-04 5.693E-04 2.000E+05 1.059E+06 1.319E+04 5.477E+05
5.71399530E+02   3844.6 5.714E+04 2.765E+10 9.714E-04 6.800E-04 2.000E+05 2.708E+06 1.944E+04 5.606E+05
6.42636440E+02   3949.8 6.426E+04 3.684E+10 1.270E-03 8.315E-04 2.000E+05 5.327E+06 2.439E+04 5.771E+05
7.12866298E+02   4069.0 7.129E+04 5.289E+10 1.785E-03 1.082E-03 2.000E+05 1.115E+07 3.054E+04 5.966E+05
7.76576382E+02   4202.5 7.766E+04 8.377E+10 2.739E-03 1.519E-03 2.000E+05 2.623E+07 4.232E+04 6.193E+05
8.30410396E+02   4343.4 8.304E+04 1.417E+11 4.421E-03 2.231E-03 2.000E+05 5.738E+07 5.852E+04 6.431E+05
8.74311013E+02   4491.1 8.743E+04 2.483E+11 7.303E-03 3.339E-03 2.000E+05 1.081E+08 7.544E+04 6.669E+05
9.09407519E+02   4650.9 9.094E+04 4.490E+11 1.223E-02 4.949E-03 2.000E+05 1.897E+08 9.228E+04 6.904E+05
9.37731036E+02   4810.5 9.377E+04 7.909E+11 1.979E-02 6.747E-03 2.000E+05 3.144E+08 1.137E+05 7.110E+05
9.62008797E+02   4953.0 9.620E+04 1.281E+12 2.968E-02 8.085E-03 2.000E+05 4.696E+08 1.325E+05 7.272E+05
9.84095814E+02   5087.0 9.841E+04 1.973E+12 4.252E-02 8.852E-03 2.000E+05 6.249E+08 1.478E+05 7.409E+05
1.00520810E+03   5208.7 1.005E+05 2.873E+12 5.798E-02 9.013E-03 2.000E+05 7.596E+08 1.581E+05 7.522E+05
1.02611125E+03   5326.9 1.026E+05 4.077E+12 7.723E-02 8.999E-03 2.000E+05 8.642E+08 1.662E+05 7.624E+05
1.04728991E+03   5440.6 1.047E+05 5.636E+12 1.006E-01 8.876E-03 2.000E+05 9.376E+08 1.703E+05 7.716E+05
1.06912985E+03   5553.2 1.069E+05 7.675E+12 1.293E-01 8.910E-03 2.000E+05 9.892E+08 1.740E+05 7.802E+05
1.09188575E+03   5666.5 1.092E+05 1.035E+13 1.648E-01 8.992E-03 2.000E+05 1.024E+09 1.757E+05 7.884E+05
1.11580238E+03   5780.1 1.116E+05 1.382E+13 2.083E-01 9.177E-03 2.000E+05 1.050E+09 1.770E+05 7.962E+05
1.14105137E+03   5897.0 1.141E+05 1.841E+13 2.629E-01 9.407E-03 2.000E+05 1.070E+09 1.781E+05 8.037E+05
1.16779016E+03   6015.9 1.168E+05 2.438E+13 3.305E-01 9.639E-03 2.000E+05 1.085E+09 1.783E+05 8.110E+05
1.19616774E+03   6138.6 1.196E+05 3.223E+13 4.152E-01 9.930E-03 2.000E+05 1.099E+09 1.785E+05 8.180E+05
1.22631894E+03   6264.4 1.226E+05 4.246E+13 5.207E-01 1.023E-02 2.000E+05 1.108E+09 1.788E+05 8.247E+05
1.25834509E+03   6395.0 1.258E+05 5.592E+13 6.540E-01 1.048E-02 2.000E+05 1.115E+09 1.774E+05 8.312E+05
1.29234158E+03   6526.2 1.292E+05 7.300E+13 8.173E-01 1.170E-02 2.000E+05 1.123E+09 1.780E+05 8.371E+05
PRADK 3.3892E-01
BEGIN                    ITERATION  15 COMPLETED
