TEFF   6000.  GRAVITY 2.50000 LTE
TITLE  [-2.5] N(He)/Ntot=0.0784 VTURB=2  L/H=1.25 NOVER
OPACITY IFOP 1 1 1 1 1 1 1 1 1 1 1 1 1 0 1 0 0 0 0 0
CONVECTION ON   1.25 TURBULENCE OFF  0.00  0.00  0.00  0.00
ABUNDANCE SCALE   0.00316 ABUNDANCE CHANGE 1 0.92160 2 0.07840
ABUNDANCE CHANGE  3 -10.94  4 -10.64  5  -9.49  6  -3.52  7  -4.12  8  -3.21
ABUNDANCE CHANGE  9  -7.48 10  -3.96 11  -5.71 12  -4.46 13  -5.57 14  -4.49
ABUNDANCE CHANGE 15  -6.59 16  -4.71 17  -6.54 18  -5.64 19  -6.92 20  -5.68
ABUNDANCE CHANGE 21  -8.87 22  -7.02 23  -8.04 24  -6.37 25  -6.65 26  -4.54
ABUNDANCE CHANGE 27  -7.12 28  -5.79 29  -7.83 30  -7.44 31  -9.16 32  -8.63
ABUNDANCE CHANGE 33  -9.67 34  -8.63 35  -9.41 36  -8.73 37  -9.44 38  -9.07
ABUNDANCE CHANGE 39  -9.80 40  -9.44 41 -10.62 42 -10.12 43 -20.00 44 -10.20
ABUNDANCE CHANGE 45 -10.92 46 -10.35 47 -11.10 48 -10.27 49 -10.38 50 -10.04
ABUNDANCE CHANGE 51 -11.04 52  -9.80 53 -10.53 54  -9.87 55 -10.91 56  -9.91
ABUNDANCE CHANGE 57 -10.87 58 -10.46 59 -11.33 60 -10.54 61 -20.00 62 -11.03
ABUNDANCE CHANGE 63 -11.53 64 -10.92 65 -11.69 66 -10.90 67 -11.78 68 -11.11
ABUNDANCE CHANGE 69 -12.04 70 -10.96 71 -11.98 72 -11.16 73 -12.17 74 -10.93
ABUNDANCE CHANGE 75 -11.76 76 -10.59 77 -10.69 78 -10.24 79 -11.03 80 -10.91
ABUNDANCE CHANGE 81 -11.14 82 -10.09 83 -11.33 84 -20.00 85 -20.00 86 -20.00
ABUNDANCE CHANGE 87 -20.00 88 -20.00 89 -20.00 90 -11.95 91 -20.00 92 -12.54
ABUNDANCE CHANGE 93 -20.00 94 -20.00 95 -20.00 96 -20.00 97 -20.00 98 -20.00
ABUNDANCE CHANGE 99 -20.00
READ DECK6 72 RHOX,T,P,XNE,ABROSS,ACCRAD,VTURB, FLXCNV,VCONV,VELSND
9.23925770E-04   4172.5 2.922E-01 1.070E+08 1.443E-04 4.059E-03 2.000E+05 0.000E+00 0.000E+00 2.111E+06
1.23600848E-03   4190.2 3.909E-01 1.342E+08 1.407E-04 4.038E-03 2.000E+05 0.000E+00 0.000E+00 1.865E+06
1.66459924E-03   4205.4 5.264E-01 1.668E+08 1.361E-04 4.010E-03 2.000E+05 0.000E+00 0.000E+00 1.651E+06
2.24992820E-03   4225.2 7.115E-01 2.120E+08 1.342E-04 3.980E-03 2.000E+05 0.000E+00 0.000E+00 1.468E+06
3.03790878E-03   4246.8 9.606E-01 2.714E+08 1.338E-04 3.946E-03 2.000E+05 0.000E+00 0.000E+00 1.315E+06
4.08405393E-03   4270.5 1.291E+00 3.493E+08 1.353E-04 3.911E-03 2.000E+05 0.000E+00 0.000E+00 1.190E+06
5.45585797E-03   4295.3 1.725E+00 4.498E+08 1.383E-04 3.876E-03 2.000E+05 0.000E+00 0.000E+00 1.089E+06
7.23536228E-03   4320.7 2.288E+00 5.778E+08 1.428E-04 3.842E-03 2.000E+05 0.000E+00 0.000E+00 1.008E+06
9.52180483E-03   4346.0 3.011E+00 7.385E+08 1.489E-04 3.812E-03 2.000E+05 0.000E+00 0.000E+00 9.445E+05
1.24337463E-02   4371.3 3.932E+00 9.386E+08 1.566E-04 3.793E-03 2.000E+05 0.000E+00 0.000E+00 8.942E+05
1.61105073E-02   4396.1 5.094E+00 1.185E+09 1.660E-04 3.791E-03 2.000E+05 0.000E+00 0.000E+00 8.548E+05
2.07164818E-02   4420.5 6.551E+00 1.486E+09 1.774E-04 3.797E-03 2.000E+05 0.000E+00 0.000E+00 8.241E+05
2.64419477E-02   4444.5 8.361E+00 1.851E+09 1.910E-04 3.809E-03 2.000E+05 0.000E+00 0.000E+00 8.003E+05
3.35074661E-02   4468.1 1.060E+01 2.290E+09 2.070E-04 3.829E-03 2.000E+05 0.000E+00 0.000E+00 7.820E+05
4.21699364E-02   4491.0 1.334E+01 2.816E+09 2.258E-04 3.858E-03 2.000E+05 0.000E+00 0.000E+00 7.678E+05
5.27313406E-02   4513.3 1.667E+01 3.438E+09 2.476E-04 3.895E-03 2.000E+05 0.000E+00 0.000E+00 7.569E+05
6.55525812E-02   4534.6 2.073E+01 4.168E+09 2.724E-04 3.941E-03 2.000E+05 0.000E+00 0.000E+00 7.486E+05
8.10668722E-02   4555.0 2.564E+01 5.016E+09 3.006E-04 3.999E-03 2.000E+05 0.000E+00 0.000E+00 7.422E+05
9.97987223E-02   4574.5 3.156E+01 5.997E+09 3.324E-04 4.067E-03 2.000E+05 0.000E+00 0.000E+00 7.374E+05
1.22323672E-01   4594.4 3.868E+01 7.164E+09 3.696E-04 4.135E-03 2.000E+05 0.000E+00 0.000E+00 7.338E+05
1.49317363E-01   4613.6 4.722E+01 8.508E+09 4.115E-04 4.216E-03 2.000E+05 0.000E+00 0.000E+00 7.312E+05
1.81605644E-01   4632.4 5.743E+01 1.007E+10 4.593E-04 4.313E-03 2.000E+05 0.000E+00 0.000E+00 7.294E+05
2.20130777E-01   4651.0 6.961E+01 1.188E+10 5.139E-04 4.427E-03 2.000E+05 0.000E+00 0.000E+00 7.282E+05
2.65995924E-01   4669.5 8.411E+01 1.398E+10 5.762E-04 4.558E-03 2.000E+05 0.000E+00 0.000E+00 7.274E+05
3.20492827E-01   4687.8 1.013E+02 1.641E+10 6.472E-04 4.708E-03 2.000E+05 0.000E+00 0.000E+00 7.271E+05
3.85190237E-01   4705.7 1.218E+02 1.920E+10 7.270E-04 4.882E-03 2.000E+05 0.000E+00 0.000E+00 7.270E+05
4.61958616E-01   4723.3 1.461E+02 2.240E+10 8.174E-04 5.079E-03 2.000E+05 0.000E+00 0.000E+00 7.272E+05
5.53003826E-01   4740.6 1.749E+02 2.607E+10 9.191E-04 5.301E-03 2.000E+05 0.000E+00 0.000E+00 7.276E+05
6.61003360E-01   4757.3 2.090E+02 3.025E+10 1.033E-03 5.550E-03 2.000E+05 0.000E+00 0.000E+00 7.281E+05
7.89193439E-01   4773.4 2.496E+02 3.499E+10 1.160E-03 5.829E-03 2.000E+05 0.000E+00 0.000E+00 7.288E+05
9.41466783E-01   4788.9 2.977E+02 4.035E+10 1.302E-03 6.142E-03 2.000E+05 0.000E+00 0.000E+00 7.295E+05
1.12272958E+00   4802.9 3.550E+02 4.627E+10 1.456E-03 6.497E-03 2.000E+05 0.000E+00 0.000E+00 7.302E+05
1.33877682E+00   4816.7 4.234E+02 5.300E+10 1.630E-03 6.898E-03 2.000E+05 0.000E+00 0.000E+00 7.310E+05
1.59616591E+00   4830.3 5.047E+02 6.066E+10 1.824E-03 7.349E-03 2.000E+05 0.000E+00 0.000E+00 7.318E+05
1.90297769E+00   4843.3 6.018E+02 6.924E+10 2.040E-03 7.851E-03 2.000E+05 0.000E+00 0.000E+00 7.326E+05
2.26873159E+00   4856.3 7.174E+02 7.903E+10 2.283E-03 8.421E-03 2.000E+05 0.000E+00 0.000E+00 7.335E+05
2.70478754E+00   4868.8 8.553E+02 9.004E+10 2.552E-03 9.060E-03 2.000E+05 0.000E+00 0.000E+00 7.343E+05
3.22431242E+00   4881.8 1.020E+03 1.027E+11 2.859E-03 9.796E-03 2.000E+05 0.000E+00 0.000E+00 7.352E+05
3.84242469E+00   4895.1 1.215E+03 1.173E+11 3.207E-03 1.064E-02 2.000E+05 0.000E+00 0.000E+00 7.362E+05
4.57580844E+00   4909.8 1.447E+03 1.344E+11 3.612E-03 1.164E-02 2.000E+05 0.000E+00 0.000E+00 7.373E+05
5.44227129E+00   4926.2 1.721E+03 1.548E+11 4.086E-03 1.281E-02 2.000E+05 0.000E+00 0.000E+00 7.385E+05
6.46032837E+00   4945.4 2.043E+03 1.797E+11 4.654E-03 1.422E-02 2.000E+05 0.000E+00 0.000E+00 7.398E+05
7.64727064E+00   4968.3 2.418E+03 2.107E+11 5.346E-03 1.594E-02 2.000E+05 0.000E+00 0.000E+00 7.415E+05
9.01792610E+00   4995.9 2.852E+03 2.500E+11 6.207E-03 1.809E-02 2.000E+05 0.000E+00 0.000E+00 7.434E+05
1.05821130E+01   5029.5 3.346E+03 3.015E+11 7.302E-03 2.082E-02 2.000E+05 0.000E+00 0.000E+00 7.458E+05
1.23412923E+01   5070.7 3.903E+03 3.706E+11 8.727E-03 2.437E-02 2.000E+05 0.000E+00 0.000E+00 7.486E+05
1.42866523E+01   5121.0 4.518E+03 4.656E+11 1.062E-02 2.908E-02 2.000E+05 0.000E+00 0.000E+00 7.521E+05
1.63966304E+01   5182.3 5.185E+03 6.001E+11 1.319E-02 3.547E-02 2.000E+05 0.000E+00 0.000E+00 7.562E+05
1.86347305E+01   5256.8 5.892E+03 7.965E+11 1.679E-02 4.435E-02 2.000E+05 0.000E+00 0.000E+00 7.610E+05
2.09500041E+01   5347.0 6.625E+03 1.092E+12 2.193E-02 5.704E-02 2.000E+05 0.000E+00 0.000E+00 7.667E+05
2.32780669E+01   5456.1 7.361E+03 1.554E+12 2.954E-02 7.573E-02 2.000E+05 0.000E+00 0.000E+00 7.733E+05
2.55469898E+01   5586.8 8.078E+03 2.296E+12 4.108E-02 1.040E-01 2.000E+05 8.847E-03 0.000E+00 7.806E+05
2.76857399E+01   5742.8 8.754E+03 3.531E+12 5.913E-02 1.482E-01 2.000E+05 8.114E+00 1.323E+02 7.884E+05
2.96303433E+01   5927.6 9.368E+03 5.650E+12 8.837E-02 2.196E-01 2.000E+05 3.332E+02 1.260E+03 7.962E+05
3.13326589E+01   6144.7 9.906E+03 9.380E+12 1.373E-01 3.393E-01 2.000E+05 9.360E+03 4.200E+03 8.033E+05
3.27613029E+01   6399.9 1.036E+04 1.616E+13 2.230E-01 5.505E-01 2.000E+05 2.668E+05 1.242E+04 8.086E+05
3.39086844E+01   6695.1 1.072E+04 2.861E+13 3.789E-01 9.393E-01 2.000E+05 3.643E+06 3.698E+04 8.113E+05
3.47739454E+01   7052.9 1.099E+04 5.326E+13 6.971E-01 1.743E+00 2.000E+05 2.984E+07 8.276E+04 8.118E+05
3.53675152E+01   7484.2 1.118E+04 1.034E+14 1.406E+00 3.387E+00 2.000E+05 3.702E+08 1.528E+05 8.131E+05
3.57628224E+01   7904.2 1.130E+04 1.830E+14 2.715E+00 5.233E+00 2.000E+05 1.414E+09 3.454E+05 8.191E+05
3.60679384E+01   8200.8 1.140E+04 2.638E+14 4.257E+00 5.390E+00 2.000E+05 2.807E+09 4.412E+05 8.274E+05
3.63452203E+01   8423.7 1.148E+04 3.408E+14 5.908E+00 4.742E+00 2.000E+05 3.866E+09 4.711E+05 8.359E+05
3.66224057E+01   8603.4 1.157E+04 4.145E+14 7.643E+00 4.117E+00 2.000E+05 4.521E+09 4.856E+05 8.442E+05
3.69121206E+01   8768.7 1.166E+04 4.923E+14 9.622E+00 3.658E+00 2.000E+05 4.929E+09 4.927E+05 8.530E+05
3.72241712E+01   8917.4 1.176E+04 5.710E+14 1.175E+01 3.252E+00 2.000E+05 5.177E+09 4.922E+05 8.618E+05
3.75669258E+01   9062.2 1.186E+04 6.560E+14 1.421E+01 3.004E+00 2.000E+05 5.346E+09 4.951E+05 8.712E+05
3.79469881E+01   9203.4 1.198E+04 7.473E+14 1.700E+01 2.749E+00 2.000E+05 5.458E+09 4.919E+05 8.811E+05
3.83727559E+01   9341.6 1.212E+04 8.449E+14 2.015E+01 2.576E+00 2.000E+05 5.543E+09 4.934E+05 8.916E+05
3.88524006E+01   9485.6 1.227E+04 9.551E+14 2.382E+01 2.412E+00 2.000E+05 5.606E+09 4.910E+05 9.034E+05
3.93966860E+01   9625.6 1.244E+04 1.071E+15 2.786E+01 2.264E+00 2.000E+05 5.652E+09 4.917E+05 9.155E+05
4.00151348E+01   9778.2 1.263E+04 1.207E+15 3.279E+01 2.152E+00 2.000E+05 5.691E+09 4.902E+05 9.297E+05
4.07210586E+01   9924.5 1.285E+04 1.348E+15 3.806E+01 2.156E+00 2.000E+05 5.713E+09 4.919E+05 9.441E+05
PRADK 1.7361E+00
BEGIN                    ITERATION  15 COMPLETED
