TEFF   8000.  GRAVITY 5.00000 LTE
TITLE  [-2.5] N(He)/Ntot=0.0784 VTURB=2  L/H=1.25 NOVER
OPACITY IFOP 1 1 1 1 1 1 1 1 1 1 1 1 1 0 1 0 0 0 0 0
CONVECTION ON   1.25 TURBULENCE OFF  0.00  0.00  0.00  0.00
ABUNDANCE SCALE   0.00316 ABUNDANCE CHANGE 1 0.92160 2 0.07840
ABUNDANCE CHANGE  3 -10.94  4 -10.64  5  -9.49  6  -3.52  7  -4.12  8  -3.21
ABUNDANCE CHANGE  9  -7.48 10  -3.96 11  -5.71 12  -4.46 13  -5.57 14  -4.49
ABUNDANCE CHANGE 15  -6.59 16  -4.71 17  -6.54 18  -5.64 19  -6.92 20  -5.68
ABUNDANCE CHANGE 21  -8.87 22  -7.02 23  -8.04 24  -6.37 25  -6.65 26  -4.54
ABUNDANCE CHANGE 27  -7.12 28  -5.79 29  -7.83 30  -7.44 31  -9.16 32  -8.63
ABUNDANCE CHANGE 33  -9.67 34  -8.63 35  -9.41 36  -8.73 37  -9.44 38  -9.07
ABUNDANCE CHANGE 39  -9.80 40  -9.44 41 -10.62 42 -10.12 43 -20.00 44 -10.20
ABUNDANCE CHANGE 45 -10.92 46 -10.35 47 -11.10 48 -10.27 49 -10.38 50 -10.04
ABUNDANCE CHANGE 51 -11.04 52  -9.80 53 -10.53 54  -9.87 55 -10.91 56  -9.91
ABUNDANCE CHANGE 57 -10.87 58 -10.46 59 -11.33 60 -10.54 61 -20.00 62 -11.03
ABUNDANCE CHANGE 63 -11.53 64 -10.92 65 -11.69 66 -10.90 67 -11.78 68 -11.11
ABUNDANCE CHANGE 69 -12.04 70 -10.96 71 -11.98 72 -11.16 73 -12.17 74 -10.93
ABUNDANCE CHANGE 75 -11.76 76 -10.59 77 -10.69 78 -10.24 79 -11.03 80 -10.91
ABUNDANCE CHANGE 81 -11.14 82 -10.09 83 -11.33 84 -20.00 85 -20.00 86 -20.00
ABUNDANCE CHANGE 87 -20.00 88 -20.00 89 -20.00 90 -11.95 91 -20.00 92 -12.54
ABUNDANCE CHANGE 93 -20.00 94 -20.00 95 -20.00 96 -20.00 97 -20.00 98 -20.00
ABUNDANCE CHANGE 99 -20.00
READ DECK6 72 RHOX,T,P,XNE,ABROSS,ACCRAD,VTURB, FLXCNV,VCONV,VELSND
7.42337548E-06   5812.6 7.435E-01 3.681E+10 1.793E-02 3.052E-01 2.000E+05 0.000E+00 0.000E+00 1.233E+06
1.00281578E-05   5815.1 1.005E+00 4.332E+10 1.615E-02 2.933E-01 2.000E+05 0.000E+00 0.000E+00 1.142E+06
1.39070625E-05   5815.1 1.393E+00 5.131E+10 1.439E-02 2.812E-01 2.000E+05 0.000E+00 0.000E+00 1.059E+06
1.96917116E-05   5818.2 1.972E+00 6.179E+10 1.295E-02 2.720E-01 2.000E+05 0.000E+00 0.000E+00 9.870E+05
2.82583971E-05   5822.6 2.829E+00 7.511E+10 1.178E-02 2.650E-01 2.000E+05 0.000E+00 0.000E+00 9.262E+05
4.06871053E-05   5829.8 4.072E+00 9.196E+10 1.095E-02 2.609E-01 2.000E+05 0.000E+00 0.000E+00 8.771E+05
5.82996002E-05   5839.2 5.833E+00 1.129E+11 1.043E-02 2.596E-01 2.000E+05 0.000E+00 0.000E+00 8.389E+05
8.25328115E-05   5852.8 8.256E+00 1.389E+11 1.025E-02 2.615E-01 2.000E+05 0.000E+00 0.000E+00 8.099E+05
1.15232230E-04   5862.7 1.153E+01 1.683E+11 1.018E-02 2.634E-01 2.000E+05 0.000E+00 0.000E+00 7.890E+05
1.58633280E-04   5873.9 1.587E+01 2.031E+11 1.035E-02 2.672E-01 2.000E+05 0.000E+00 0.000E+00 7.739E+05
2.14857350E-04   5887.8 2.149E+01 2.444E+11 1.076E-02 2.734E-01 2.000E+05 0.000E+00 0.000E+00 7.631E+05
2.86442091E-04   5901.6 2.865E+01 2.916E+11 1.135E-02 2.807E-01 2.000E+05 0.000E+00 0.000E+00 7.557E+05
3.75604035E-04   5922.5 3.756E+01 3.506E+11 1.231E-02 2.926E-01 2.000E+05 0.000E+00 0.000E+00 7.507E+05
4.85918226E-04   5935.0 4.859E+01 4.107E+11 1.319E-02 3.015E-01 2.000E+05 0.000E+00 0.000E+00 7.479E+05
6.21551041E-04   5954.7 6.216E+01 4.859E+11 1.447E-02 3.153E-01 2.000E+05 0.000E+00 0.000E+00 7.462E+05
7.86742746E-04   5970.7 7.868E+01 5.672E+11 1.581E-02 3.283E-01 2.000E+05 0.000E+00 0.000E+00 7.457E+05
9.87115748E-04   5990.2 9.871E+01 6.641E+11 1.748E-02 3.447E-01 2.000E+05 0.000E+00 0.000E+00 7.459E+05
1.22861618E-03   6008.9 1.229E+02 7.728E+11 1.934E-02 3.623E-01 2.000E+05 0.000E+00 0.000E+00 7.468E+05
1.51877889E-03   6029.5 1.519E+02 8.997E+11 2.153E-02 3.827E-01 2.000E+05 0.000E+00 0.000E+00 7.480E+05
1.86615480E-03   6050.0 1.866E+02 1.044E+12 2.399E-02 4.048E-01 2.000E+05 0.000E+00 0.000E+00 7.496E+05
2.28116228E-03   6071.8 2.281E+02 1.211E+12 2.682E-02 4.298E-01 2.000E+05 0.000E+00 0.000E+00 7.515E+05
2.77594168E-03   6093.7 2.776E+02 1.401E+12 3.000E-02 4.570E-01 2.000E+05 0.000E+00 0.000E+00 7.536E+05
3.36508897E-03   6116.4 3.365E+02 1.620E+12 3.363E-02 4.874E-01 2.000E+05 0.000E+00 0.000E+00 7.558E+05
4.06592988E-03   6139.0 4.066E+02 1.870E+12 3.770E-02 5.205E-01 2.000E+05 0.000E+00 0.000E+00 7.582E+05
4.89940889E-03   6162.0 4.899E+02 2.156E+12 4.229E-02 5.567E-01 2.000E+05 0.000E+00 0.000E+00 7.607E+05
5.89036353E-03   6185.0 5.890E+02 2.482E+12 4.742E-02 5.959E-01 2.000E+05 0.000E+00 0.000E+00 7.633E+05
7.06948190E-03   6207.3 7.069E+02 2.850E+12 5.311E-02 6.381E-01 2.000E+05 0.000E+00 0.000E+00 7.660E+05
8.47527941E-03   6228.4 8.475E+02 3.261E+12 5.932E-02 6.829E-01 2.000E+05 0.000E+00 0.000E+00 7.688E+05
1.01559119E-02   6248.0 1.016E+03 3.718E+12 6.608E-02 7.307E-01 2.000E+05 0.000E+00 0.000E+00 7.716E+05
1.21713014E-02   6265.7 1.217E+03 4.222E+12 7.336E-02 7.820E-01 2.000E+05 0.000E+00 0.000E+00 7.745E+05
1.45957276E-02   6281.7 1.460E+03 4.778E+12 8.121E-02 8.372E-01 2.000E+05 0.000E+00 0.000E+00 7.775E+05
1.75215552E-02   6295.7 1.752E+03 5.387E+12 8.960E-02 8.967E-01 2.000E+05 0.000E+00 0.000E+00 7.806E+05
2.10598728E-02   6308.6 2.106E+03 6.065E+12 9.877E-02 9.625E-01 2.000E+05 0.000E+00 0.000E+00 7.836E+05
2.53417640E-02   6321.1 2.534E+03 6.823E+12 1.088E-01 1.035E+00 2.000E+05 0.000E+00 0.000E+00 7.867E+05
3.05211092E-02   6333.8 3.052E+03 7.684E+12 1.201E-01 1.118E+00 2.000E+05 0.000E+00 0.000E+00 7.898E+05
3.67719426E-02   6347.9 3.677E+03 8.678E+12 1.329E-01 1.212E+00 2.000E+05 0.000E+00 0.000E+00 7.929E+05
4.42956410E-02   6363.3 4.430E+03 9.822E+12 1.474E-01 1.318E+00 2.000E+05 0.000E+00 0.000E+00 7.958E+05
5.33295624E-02   6380.0 5.333E+03 1.114E+13 1.639E-01 1.440E+00 2.000E+05 0.000E+00 0.000E+00 7.989E+05
6.41494181E-02   6398.4 6.415E+03 1.267E+13 1.827E-01 1.580E+00 2.000E+05 0.000E+00 0.000E+00 8.018E+05
7.70687798E-02   6419.0 7.707E+03 1.447E+13 2.044E-01 1.742E+00 2.000E+05 0.000E+00 0.000E+00 8.047E+05
9.24444915E-02   6442.1 9.244E+03 1.657E+13 2.295E-01 1.931E+00 2.000E+05 0.000E+00 0.000E+00 8.076E+05
1.10650225E-01   6469.1 1.106E+04 1.911E+13 2.591E-01 2.157E+00 2.000E+05 0.000E+00 0.000E+00 8.105E+05
1.32075109E-01   6500.8 1.321E+04 2.219E+13 2.947E-01 2.431E+00 2.000E+05 0.000E+00 0.000E+00 8.134E+05
1.57089519E-01   6539.1 1.571E+04 2.602E+13 3.381E-01 2.769E+00 2.000E+05 0.000E+00 0.000E+00 8.164E+05
1.86005030E-01   6585.3 1.860E+04 3.087E+13 3.922E-01 3.193E+00 2.000E+05 0.000E+00 0.000E+00 8.193E+05
2.19009130E-01   6642.4 2.190E+04 3.721E+13 4.616E-01 3.741E+00 2.000E+05 0.000E+00 0.000E+00 8.224E+05
2.56089997E-01   6712.5 2.561E+04 4.568E+13 5.526E-01 4.461E+00 2.000E+05 0.000E+00 0.000E+00 8.256E+05
2.97002031E-01   6798.3 2.970E+04 5.725E+13 6.745E-01 5.432E+00 2.000E+05 0.000E+00 0.000E+00 8.289E+05
3.41174759E-01   6903.5 3.412E+04 7.351E+13 8.432E-01 6.783E+00 2.000E+05 0.000E+00 0.000E+00 8.323E+05
3.87676335E-01   7031.5 3.877E+04 9.692E+13 1.083E+00 8.717E+00 2.000E+05 0.000E+00 0.000E+00 8.356E+05
4.35201528E-01   7187.6 4.352E+04 1.317E+14 1.436E+00 1.159E+01 2.000E+05 7.834E-02 0.000E+00 8.387E+05
4.82128037E-01   7376.4 4.821E+04 1.847E+14 1.976E+00 1.601E+01 2.000E+05 7.148E+02 1.540E+02 8.417E+05
5.26715782E-01   7602.7 5.267E+04 2.672E+14 2.833E+00 2.316E+01 2.000E+05 3.189E+04 3.083E+03 8.445E+05
5.67069386E-01   7880.1 5.670E+04 4.023E+14 4.292E+00 3.545E+01 2.000E+05 1.335E+06 1.029E+04 8.476E+05
6.01752974E-01   8207.2 6.017E+04 6.218E+14 6.833E+00 5.739E+01 2.000E+05 3.265E+07 3.402E+04 8.521E+05
6.29466393E-01   8623.4 6.294E+04 1.017E+15 1.195E+01 1.008E+02 2.000E+05 2.345E+08 9.249E+04 8.606E+05
6.49598238E-01   9127.9 6.495E+04 1.713E+15 2.243E+01 1.784E+02 2.000E+05 1.440E+09 1.571E+05 8.769E+05
6.64624437E-01   9572.5 6.645E+04 2.569E+15 3.729E+01 2.398E+02 2.000E+05 4.259E+09 2.777E+05 8.974E+05
6.77898501E-01   9894.2 6.777E+04 3.356E+15 5.222E+01 2.425E+02 2.000E+05 7.671E+09 3.337E+05 9.159E+05
6.91096929E-01  10160.1 6.909E+04 4.122E+15 6.764E+01 2.219E+02 2.000E+05 1.057E+10 3.666E+05 9.335E+05
7.05011624E-01  10396.6 7.048E+04 4.896E+15 8.395E+01 1.963E+02 2.000E+05 1.275E+10 3.865E+05 9.508E+05
7.20176496E-01  10616.7 7.199E+04 5.697E+15 1.015E+02 1.736E+02 2.000E+05 1.430E+10 3.990E+05 9.684E+05
7.37063101E-01  10829.0 7.368E+04 6.546E+15 1.206E+02 1.555E+02 2.000E+05 1.535E+10 4.067E+05 9.866E+05
7.56149200E-01  11038.0 7.558E+04 7.453E+15 1.414E+02 1.421E+02 2.000E+05 1.606E+10 4.119E+05 1.006E+06
7.77958095E-01  11249.3 7.776E+04 8.443E+15 1.642E+02 1.324E+02 2.000E+05 1.655E+10 4.155E+05 1.026E+06
8.03177538E-01  11465.8 8.028E+04 9.531E+15 1.882E+02 1.245E+02 2.000E+05 1.690E+10 4.185E+05 1.048E+06
8.32590536E-01  11693.4 8.322E+04 1.075E+16 2.148E+02 1.184E+02 2.000E+05 1.717E+10 4.209E+05 1.072E+06
8.67055206E-01  11931.6 8.666E+04 1.210E+16 2.438E+02 1.138E+02 2.000E+05 1.737E+10 4.239E+05 1.099E+06
9.07607713E-01  12189.2 9.071E+04 1.363E+16 2.759E+02 1.102E+02 2.000E+05 1.753E+10 4.258E+05 1.128E+06
9.55555731E-01  12461.9 9.550E+04 1.534E+16 3.100E+02 1.086E+02 2.000E+05 1.765E+10 4.298E+05 1.160E+06
1.01276765E+00  12771.4 1.012E+05 1.732E+16 3.444E+02 1.079E+02 2.000E+05 1.773E+10 4.315E+05 1.197E+06
1.08221718E+00  13105.3 1.082E+05 1.952E+16 3.758E+02 1.108E+02 2.000E+05 1.780E+10 4.369E+05 1.237E+06
PRADK 5.4955E+00
BEGIN                    ITERATION  15 COMPLETED
