TEFF   9000.  GRAVITY 5.00000 LTE
TITLE  [-2.5] N(He)/Ntot=0.0784 VTURB=2  L/H=1.25 NOVER
OPACITY IFOP 1 1 1 1 1 1 1 1 1 1 1 1 1 0 1 0 0 0 0 0
CONVECTION ON   1.25 TURBULENCE OFF  0.00  0.00  0.00  0.00
ABUNDANCE SCALE   0.00316 ABUNDANCE CHANGE 1 0.92160 2 0.07840
ABUNDANCE CHANGE  3 -10.94  4 -10.64  5  -9.49  6  -3.52  7  -4.12  8  -3.21
ABUNDANCE CHANGE  9  -7.48 10  -3.96 11  -5.71 12  -4.46 13  -5.57 14  -4.49
ABUNDANCE CHANGE 15  -6.59 16  -4.71 17  -6.54 18  -5.64 19  -6.92 20  -5.68
ABUNDANCE CHANGE 21  -8.87 22  -7.02 23  -8.04 24  -6.37 25  -6.65 26  -4.54
ABUNDANCE CHANGE 27  -7.12 28  -5.79 29  -7.83 30  -7.44 31  -9.16 32  -8.63
ABUNDANCE CHANGE 33  -9.67 34  -8.63 35  -9.41 36  -8.73 37  -9.44 38  -9.07
ABUNDANCE CHANGE 39  -9.80 40  -9.44 41 -10.62 42 -10.12 43 -20.00 44 -10.20
ABUNDANCE CHANGE 45 -10.92 46 -10.35 47 -11.10 48 -10.27 49 -10.38 50 -10.04
ABUNDANCE CHANGE 51 -11.04 52  -9.80 53 -10.53 54  -9.87 55 -10.91 56  -9.91
ABUNDANCE CHANGE 57 -10.87 58 -10.46 59 -11.33 60 -10.54 61 -20.00 62 -11.03
ABUNDANCE CHANGE 63 -11.53 64 -10.92 65 -11.69 66 -10.90 67 -11.78 68 -11.11
ABUNDANCE CHANGE 69 -12.04 70 -10.96 71 -11.98 72 -11.16 73 -12.17 74 -10.93
ABUNDANCE CHANGE 75 -11.76 76 -10.59 77 -10.69 78 -10.24 79 -11.03 80 -10.91
ABUNDANCE CHANGE 81 -11.14 82 -10.09 83 -11.33 84 -20.00 85 -20.00 86 -20.00
ABUNDANCE CHANGE 87 -20.00 88 -20.00 89 -20.00 90 -11.95 91 -20.00 92 -12.54
ABUNDANCE CHANGE 93 -20.00 94 -20.00 95 -20.00 96 -20.00 97 -20.00 98 -20.00
ABUNDANCE CHANGE 99 -20.00
READ DECK6 72 RHOX,T,P,XNE,ABROSS,ACCRAD,VTURB, FLXCNV,VCONV,VELSND
7.65983446E-07   6437.0 7.660E-02 2.741E+10 1.741E-01 2.768E+00 2.000E+05 0.000E+00 0.000E+00 3.952E+06
1.03224372E-06   6439.7 1.032E-01 3.422E+10 1.600E-01 2.618E+00 2.000E+05 0.000E+00 0.000E+00 3.378E+06
1.42025137E-06   6443.6 1.420E-01 4.309E+10 1.457E-01 2.461E+00 2.000E+05 0.000E+00 0.000E+00 2.873E+06
1.99146421E-06   6445.7 1.992E-01 5.441E+10 1.311E-01 2.304E+00 2.000E+05 0.000E+00 0.000E+00 2.435E+06
2.84646949E-06   6445.7 2.847E-01 6.881E+10 1.164E-01 2.166E+00 2.000E+05 0.000E+00 0.000E+00 2.063E+06
4.13615809E-06   6446.3 4.137E-01 8.723E+10 1.029E-01 2.053E+00 2.000E+05 0.000E+00 0.000E+00 1.756E+06
6.07399754E-06   6452.5 6.075E-01 1.114E+11 9.173E-02 1.974E+00 2.000E+05 0.000E+00 0.000E+00 1.510E+06
8.94700847E-06   6465.8 8.948E-01 1.431E+11 8.336E-02 1.936E+00 2.000E+05 0.000E+00 0.000E+00 1.318E+06
1.30752061E-05   6491.8 1.308E+00 1.859E+11 7.866E-02 1.947E+00 2.000E+05 0.000E+00 0.000E+00 1.174E+06
1.88759845E-05   6515.5 1.888E+00 2.383E+11 7.474E-02 1.959E+00 2.000E+05 0.000E+00 0.000E+00 1.066E+06
2.71059246E-05   6524.7 2.711E+00 2.965E+11 6.948E-02 1.939E+00 2.000E+05 0.000E+00 0.000E+00 9.820E+05
3.89000748E-05   6532.6 3.890E+00 3.668E+11 6.506E-02 1.929E+00 2.000E+05 0.000E+00 0.000E+00 9.180E+05
5.55140858E-05   6543.6 5.552E+00 4.537E+11 6.217E-02 1.940E+00 2.000E+05 0.000E+00 0.000E+00 8.701E+05
7.86062290E-05   6552.0 7.861E+00 5.552E+11 5.990E-02 1.953E+00 2.000E+05 0.000E+00 0.000E+00 8.344E+05
1.10248184E-04   6562.6 1.102E+01 6.773E+11 5.888E-02 1.984E+00 2.000E+05 0.000E+00 0.000E+00 8.082E+05
1.52705705E-04   6575.6 1.527E+01 8.232E+11 5.910E-02 2.030E+00 2.000E+05 0.000E+00 0.000E+00 7.892E+05
2.08566545E-04   6590.7 2.086E+01 9.957E+11 6.043E-02 2.092E+00 2.000E+05 0.000E+00 0.000E+00 7.756E+05
2.80798259E-04   6607.6 2.808E+01 1.198E+12 6.283E-02 2.168E+00 2.000E+05 0.000E+00 0.000E+00 7.660E+05
3.72453249E-04   6628.5 3.724E+01 1.440E+12 6.663E-02 2.266E+00 2.000E+05 0.000E+00 0.000E+00 7.595E+05
4.86948877E-04   6651.3 4.869E+01 1.722E+12 7.155E-02 2.378E+00 2.000E+05 0.000E+00 0.000E+00 7.551E+05
6.28234261E-04   6676.5 6.282E+01 2.053E+12 7.775E-02 2.508E+00 2.000E+05 0.000E+00 0.000E+00 7.524E+05
8.00779056E-04   6703.5 8.008E+01 2.439E+12 8.525E-02 2.654E+00 2.000E+05 0.000E+00 0.000E+00 7.510E+05
1.01004325E-03   6731.4 1.010E+02 2.884E+12 9.396E-02 2.812E+00 2.000E+05 0.000E+00 0.000E+00 7.504E+05
1.26229168E-03   6761.2 1.262E+02 3.404E+12 1.043E-01 2.988E+00 2.000E+05 0.000E+00 0.000E+00 7.506E+05
1.56538227E-03   6789.8 1.565E+02 3.992E+12 1.156E-01 3.170E+00 2.000E+05 0.000E+00 0.000E+00 7.512E+05
1.93004588E-03   6817.3 1.930E+02 4.657E+12 1.281E-01 3.360E+00 2.000E+05 0.000E+00 0.000E+00 7.523E+05
2.36978214E-03   6842.6 2.370E+02 5.397E+12 1.414E-01 3.556E+00 2.000E+05 0.000E+00 0.000E+00 7.536E+05
2.90214598E-03   6865.3 2.902E+02 6.218E+12 1.555E-01 3.759E+00 2.000E+05 0.000E+00 0.000E+00 7.551E+05
3.54807247E-03   6887.0 3.548E+02 7.145E+12 1.709E-01 3.979E+00 2.000E+05 0.000E+00 0.000E+00 7.569E+05
4.33141805E-03   6908.8 4.331E+02 8.201E+12 1.880E-01 4.223E+00 2.000E+05 0.000E+00 0.000E+00 7.589E+05
5.27986567E-03   6931.1 5.280E+02 9.411E+12 2.073E-01 4.494E+00 2.000E+05 0.000E+00 0.000E+00 7.611E+05
6.42503871E-03   6954.8 6.425E+02 1.081E+13 2.293E-01 4.800E+00 2.000E+05 0.000E+00 0.000E+00 7.635E+05
7.80267371E-03   6980.2 7.802E+02 1.244E+13 2.547E-01 5.144E+00 2.000E+05 0.000E+00 0.000E+00 7.661E+05
9.45535067E-03   7006.8 9.455E+02 1.432E+13 2.834E-01 5.526E+00 2.000E+05 0.000E+00 0.000E+00 7.688E+05
1.14319478E-02   7035.5 1.143E+03 1.652E+13 3.165E-01 5.959E+00 2.000E+05 0.000E+00 0.000E+00 7.716E+05
1.37911847E-02   7064.6 1.379E+03 1.903E+13 3.536E-01 6.436E+00 2.000E+05 0.000E+00 0.000E+00 7.745E+05
1.66059374E-02   7094.4 1.661E+03 2.193E+13 3.954E-01 6.969E+00 2.000E+05 0.000E+00 0.000E+00 7.775E+05
1.99623867E-02   7124.8 1.996E+03 2.525E+13 4.422E-01 7.566E+00 2.000E+05 0.000E+00 0.000E+00 7.806E+05
2.39633881E-02   7155.8 2.396E+03 2.907E+13 4.949E-01 8.245E+00 2.000E+05 0.000E+00 0.000E+00 7.837E+05
2.87276173E-02   7188.2 2.873E+03 3.351E+13 5.549E-01 9.029E+00 2.000E+05 0.000E+00 0.000E+00 7.869E+05
3.43799368E-02   7223.9 3.438E+03 3.877E+13 6.252E-01 9.963E+00 2.000E+05 0.000E+00 0.000E+00 7.902E+05
4.10465705E-02   7264.4 4.104E+03 4.510E+13 7.093E-01 1.109E+01 2.000E+05 0.000E+00 0.000E+00 7.935E+05
4.88528392E-02   7310.5 4.885E+03 5.278E+13 8.110E-01 1.247E+01 2.000E+05 0.000E+00 0.000E+00 7.969E+05
5.79128724E-02   7364.0 5.791E+03 6.228E+13 9.365E-01 1.418E+01 2.000E+05 0.000E+00 0.000E+00 8.002E+05
6.83144454E-02   7426.4 6.831E+03 7.416E+13 1.094E+00 1.636E+01 2.000E+05 0.000E+00 0.000E+00 8.037E+05
8.00981114E-02   7500.3 8.009E+03 8.936E+13 1.298E+00 1.918E+01 2.000E+05 0.000E+00 0.000E+00 8.072E+05
9.32406833E-02   7587.3 9.323E+03 1.090E+14 1.565E+00 2.291E+01 2.000E+05 0.000E+00 0.000E+00 8.108E+05
1.07603778E-01   7693.7 1.076E+04 1.356E+14 1.933E+00 2.802E+01 2.000E+05 0.000E+00 0.000E+00 8.146E+05
1.22936903E-01   7819.3 1.229E+04 1.713E+14 2.442E+00 3.511E+01 2.000E+05 3.263E-03 0.000E+00 8.187E+05
1.38891189E-01   7969.2 1.389E+04 2.207E+14 3.177E+00 4.534E+01 2.000E+05 9.234E+00 7.036E+01 8.234E+05
1.54979459E-01   8148.3 1.549E+04 2.904E+14 4.274E+00 6.058E+01 2.000E+05 1.680E+02 9.462E+02 8.292E+05
1.70623340E-01   8363.6 1.706E+04 3.913E+14 5.977E+00 8.394E+01 2.000E+05 2.536E+03 2.279E+03 8.368E+05
1.85245621E-01   8618.2 1.852E+04 5.383E+14 8.705E+00 1.211E+02 2.000E+05 5.373E+04 5.350E+03 8.471E+05
1.98325173E-01   8923.7 1.982E+04 7.582E+14 1.327E+01 1.827E+02 2.000E+05 1.607E+06 1.437E+04 8.617E+05
2.09553241E-01   9280.8 2.094E+04 1.082E+15 2.097E+01 2.855E+02 2.000E+05 3.261E+07 4.341E+04 8.825E+05
2.18893713E-01   9705.1 2.188E+04 1.563E+15 3.403E+01 4.579E+02 2.000E+05 2.538E+08 1.144E+05 9.129E+05
2.26468061E-01  10211.5 2.263E+04 2.264E+15 5.599E+01 7.290E+02 2.000E+05 1.151E+09 2.129E+05 9.581E+05
2.32803234E-01  10731.6 2.326E+04 3.088E+15 8.494E+01 9.902E+02 2.000E+05 3.438E+09 3.376E+05 1.015E+06
2.38769431E-01  11197.9 2.385E+04 3.862E+15 1.139E+02 1.121E+03 2.000E+05 6.614E+09 4.654E+05 1.074E+06
2.45047213E-01  11638.5 2.447E+04 4.563E+15 1.369E+02 1.153E+03 2.000E+05 8.974E+09 5.266E+05 1.135E+06
2.52254973E-01  12101.6 2.518E+04 5.211E+15 1.541E+02 1.274E+03 2.000E+05 9.089E+09 5.649E+05 1.201E+06
2.61111300E-01  12718.1 2.605E+04 5.849E+15 1.607E+02 1.567E+03 2.000E+05 6.032E+09 5.246E+05 1.287E+06
2.73584701E-01  13628.8 2.728E+04 6.348E+15 1.399E+02 1.632E+03 2.000E+05 1.950E+09 2.531E+05 1.404E+06
2.93994659E-01  14716.4 2.929E+04 6.646E+15 1.052E+02 1.321E+03 2.000E+05 1.386E+08 6.683E+04 1.533E+06
3.31111091E-01  15890.6 3.296E+04 7.077E+15 7.802E+01 9.728E+02 2.000E+05 1.712E+06 1.393E+04 1.650E+06
3.95184845E-01  17106.0 3.931E+04 7.936E+15 6.301E+01 7.806E+02 2.000E+05 1.561E+04 6.141E+03 1.715E+06
4.96333426E-01  18424.6 4.935E+04 9.361E+15 5.549E+01 6.863E+02 2.000E+05 3.454E+03 5.271E+03 1.769E+06
6.43314387E-01  19806.7 6.396E+04 1.142E+16 5.260E+01 6.477E+02 2.000E+05 1.766E+03 3.852E+03 1.855E+06
8.46782384E-01  21314.1 8.417E+04 1.409E+16 5.135E+01 6.320E+02 2.000E+05 4.176E+02 4.719E+02 1.980E+06
1.12107969E+00  22903.1 1.114E+05 1.745E+16 5.132E+01 6.301E+02 2.000E+05 7.844E-01 0.000E+00 2.121E+06
1.48453419E+00  24632.7 1.475E+05 2.154E+16 5.200E+01 6.373E+02 2.000E+05 0.000E+00 0.000E+00 2.261E+06
1.95764382E+00  26471.6 1.946E+05 2.646E+16 5.372E+01 6.221E+02 2.000E+05 0.000E+00 0.000E+00 2.382E+06
PRADK 8.8119E+00
BEGIN                    ITERATION  15 COMPLETED
