TEFF   5500.  GRAVITY 2.50000 LTE
TITLE  [-2.5] N(He)/Ntot=0.0784 VTURB=2  L/H=1.25 NOVER
OPACITY IFOP 1 1 1 1 1 1 1 1 1 1 1 1 1 0 1 0 0 0 0 0
CONVECTION ON   1.25 TURBULENCE OFF  0.00  0.00  0.00  0.00
ABUNDANCE SCALE   0.00316 ABUNDANCE CHANGE 1 0.92160 2 0.07840
ABUNDANCE CHANGE  3 -10.94  4 -10.64  5  -9.49  6  -3.52  7  -4.12  8  -3.21
ABUNDANCE CHANGE  9  -7.48 10  -3.96 11  -5.71 12  -4.46 13  -5.57 14  -4.49
ABUNDANCE CHANGE 15  -6.59 16  -4.71 17  -6.54 18  -5.64 19  -6.92 20  -5.68
ABUNDANCE CHANGE 21  -8.87 22  -7.02 23  -8.04 24  -6.37 25  -6.65 26  -4.54
ABUNDANCE CHANGE 27  -7.12 28  -5.79 29  -7.83 30  -7.44 31  -9.16 32  -8.63
ABUNDANCE CHANGE 33  -9.67 34  -8.63 35  -9.41 36  -8.73 37  -9.44 38  -9.07
ABUNDANCE CHANGE 39  -9.80 40  -9.44 41 -10.62 42 -10.12 43 -20.00 44 -10.20
ABUNDANCE CHANGE 45 -10.92 46 -10.35 47 -11.10 48 -10.27 49 -10.38 50 -10.04
ABUNDANCE CHANGE 51 -11.04 52  -9.80 53 -10.53 54  -9.87 55 -10.91 56  -9.91
ABUNDANCE CHANGE 57 -10.87 58 -10.46 59 -11.33 60 -10.54 61 -20.00 62 -11.03
ABUNDANCE CHANGE 63 -11.53 64 -10.92 65 -11.69 66 -10.90 67 -11.78 68 -11.11
ABUNDANCE CHANGE 69 -12.04 70 -10.96 71 -11.98 72 -11.16 73 -12.17 74 -10.93
ABUNDANCE CHANGE 75 -11.76 76 -10.59 77 -10.69 78 -10.24 79 -11.03 80 -10.91
ABUNDANCE CHANGE 81 -11.14 82 -10.09 83 -11.33 84 -20.00 85 -20.00 86 -20.00
ABUNDANCE CHANGE 87 -20.00 88 -20.00 89 -20.00 90 -11.95 91 -20.00 92 -12.54
ABUNDANCE CHANGE 93 -20.00 94 -20.00 95 -20.00 96 -20.00 97 -20.00 98 -20.00
ABUNDANCE CHANGE 99 -20.00
READ DECK6 72 RHOX,T,P,XNE,ABROSS,ACCRAD,VTURB, FLXCNV,VCONV,VELSND
3.49763786E-03   3906.2 1.106E+00 5.672E+07 3.813E-05 1.495E-03 2.000E+05 0.000E+00 0.000E+00 1.092E+06
4.66025918E-03   3924.4 1.474E+00 7.203E+07 3.838E-05 1.488E-03 2.000E+05 0.000E+00 0.000E+00 1.004E+06
6.20242722E-03   3940.4 1.961E+00 9.029E+07 3.853E-05 1.479E-03 2.000E+05 0.000E+00 0.000E+00 9.325E+05
8.23889392E-03   3957.9 2.605E+00 1.139E+08 3.914E-05 1.470E-03 2.000E+05 0.000E+00 0.000E+00 8.754E+05
1.09012572E-02   3975.8 3.447E+00 1.434E+08 4.010E-05 1.462E-03 2.000E+05 0.000E+00 0.000E+00 8.306E+05
1.43508449E-02   3993.7 4.538E+00 1.801E+08 4.144E-05 1.457E-03 2.000E+05 0.000E+00 0.000E+00 7.957E+05
1.87829687E-02   4011.5 5.940E+00 2.253E+08 4.319E-05 1.453E-03 2.000E+05 0.000E+00 0.000E+00 7.689E+05
2.44286974E-02   4029.2 7.725E+00 2.805E+08 4.541E-05 1.452E-03 2.000E+05 0.000E+00 0.000E+00 7.484E+05
3.15538473E-02   4047.0 9.978E+00 3.480E+08 4.821E-05 1.452E-03 2.000E+05 0.000E+00 0.000E+00 7.329E+05
4.04616308E-02   4064.8 1.280E+01 4.297E+08 5.164E-05 1.454E-03 2.000E+05 0.000E+00 0.000E+00 7.213E+05
5.15014592E-02   4082.5 1.629E+01 5.281E+08 5.579E-05 1.458E-03 2.000E+05 0.000E+00 0.000E+00 7.126E+05
6.50769174E-02   4100.0 2.058E+01 6.454E+08 6.070E-05 1.463E-03 2.000E+05 0.000E+00 0.000E+00 7.062E+05
8.16600394E-02   4117.1 2.582E+01 7.843E+08 6.646E-05 1.470E-03 2.000E+05 0.000E+00 0.000E+00 7.014E+05
1.01799765E-01   4133.9 3.219E+01 9.477E+08 7.316E-05 1.479E-03 2.000E+05 0.000E+00 0.000E+00 6.980E+05
1.26140337E-01   4150.2 3.989E+01 1.139E+09 8.090E-05 1.492E-03 2.000E+05 0.000E+00 0.000E+00 6.956E+05
1.55424090E-01   4166.4 4.915E+01 1.363E+09 8.987E-05 1.508E-03 2.000E+05 0.000E+00 0.000E+00 6.939E+05
1.90488307E-01   4182.7 6.024E+01 1.626E+09 1.003E-04 1.527E-03 2.000E+05 0.000E+00 0.000E+00 6.928E+05
2.32280708E-01   4199.2 7.345E+01 1.936E+09 1.125E-04 1.550E-03 2.000E+05 0.000E+00 0.000E+00 6.922E+05
2.81868450E-01   4216.1 8.913E+01 2.302E+09 1.267E-04 1.576E-03 2.000E+05 0.000E+00 0.000E+00 6.920E+05
3.40464874E-01   4233.4 1.077E+02 2.734E+09 1.432E-04 1.606E-03 2.000E+05 0.000E+00 0.000E+00 6.922E+05
4.09491780E-01   4250.8 1.295E+02 3.240E+09 1.623E-04 1.640E-03 2.000E+05 0.000E+00 0.000E+00 6.926E+05
4.90567859E-01   4268.7 1.551E+02 3.838E+09 1.846E-04 1.679E-03 2.000E+05 0.000E+00 0.000E+00 6.932E+05
5.85569576E-01   4286.8 1.852E+02 4.539E+09 2.102E-04 1.723E-03 2.000E+05 0.000E+00 0.000E+00 6.939E+05
6.96734616E-01   4305.1 2.203E+02 5.358E+09 2.397E-04 1.772E-03 2.000E+05 0.000E+00 0.000E+00 6.948E+05
8.26726164E-01   4323.3 2.614E+02 6.311E+09 2.733E-04 1.827E-03 2.000E+05 0.000E+00 0.000E+00 6.958E+05
9.78746979E-01   4341.2 3.095E+02 7.414E+09 3.116E-04 1.889E-03 2.000E+05 0.000E+00 0.000E+00 6.968E+05
1.15667395E+00   4358.8 3.658E+02 8.680E+09 3.548E-04 1.958E-03 2.000E+05 0.000E+00 0.000E+00 6.978E+05
1.36532657E+00   4375.5 4.318E+02 1.012E+10 4.029E-04 2.038E-03 2.000E+05 0.000E+00 0.000E+00 6.988E+05
1.61055313E+00   4391.5 5.093E+02 1.175E+10 4.568E-04 2.128E-03 2.000E+05 0.000E+00 0.000E+00 6.998E+05
1.89929162E+00   4406.8 6.006E+02 1.359E+10 5.168E-04 2.228E-03 2.000E+05 0.000E+00 0.000E+00 7.008E+05
2.24001647E+00   4421.3 7.084E+02 1.567E+10 5.833E-04 2.339E-03 2.000E+05 0.000E+00 0.000E+00 7.017E+05
2.64310745E+00   4434.8 8.358E+02 1.799E+10 6.567E-04 2.462E-03 2.000E+05 0.000E+00 0.000E+00 7.026E+05
3.12118237E+00   4447.4 9.870E+02 2.058E+10 7.376E-04 2.600E-03 2.000E+05 0.000E+00 0.000E+00 7.034E+05
3.68932808E+00   4459.3 1.167E+03 2.348E+10 8.270E-04 2.757E-03 2.000E+05 0.000E+00 0.000E+00 7.042E+05
4.36548324E+00   4470.5 1.380E+03 2.674E+10 9.263E-04 2.933E-03 2.000E+05 0.000E+00 0.000E+00 7.049E+05
5.17040501E+00   4481.7 1.635E+03 3.044E+10 1.038E-03 3.134E-03 2.000E+05 0.000E+00 0.000E+00 7.056E+05
6.12817598E+00   4492.8 1.938E+03 3.466E+10 1.164E-03 3.363E-03 2.000E+05 0.000E+00 0.000E+00 7.062E+05
7.26575572E+00   4504.7 2.298E+03 3.957E+10 1.308E-03 3.629E-03 2.000E+05 0.000E+00 0.000E+00 7.069E+05
8.61290746E+00   4517.5 2.724E+03 4.533E+10 1.476E-03 3.937E-03 2.000E+05 0.000E+00 0.000E+00 7.077E+05
1.02009457E+01   4532.0 3.226E+03 5.222E+10 1.674E-03 4.302E-03 2.000E+05 0.000E+00 0.000E+00 7.086E+05
1.20618128E+01   4548.8 3.814E+03 6.063E+10 1.912E-03 4.743E-03 2.000E+05 0.000E+00 0.000E+00 7.097E+05
1.42265879E+01   4568.2 4.499E+03 7.096E+10 2.199E-03 5.275E-03 2.000E+05 0.000E+00 0.000E+00 7.109E+05
1.67253652E+01   4591.0 5.289E+03 8.391E+10 2.551E-03 5.915E-03 2.000E+05 0.000E+00 0.000E+00 7.124E+05
1.95857536E+01   4617.3 6.193E+03 1.002E+11 2.985E-03 6.702E-03 2.000E+05 0.000E+00 0.000E+00 7.142E+05
2.28247871E+01   4648.9 7.218E+03 1.217E+11 3.540E-03 7.703E-03 2.000E+05 0.000E+00 0.000E+00 7.165E+05
2.64400317E+01   4686.9 8.361E+03 1.504E+11 4.262E-03 8.999E-03 2.000E+05 0.000E+00 0.000E+00 7.193E+05
3.04084032E+01   4732.8 9.616E+03 1.901E+11 5.225E-03 1.072E-02 2.000E+05 0.000E+00 0.000E+00 7.227E+05
3.46792461E+01   4788.5 1.097E+04 2.467E+11 6.547E-03 1.306E-02 2.000E+05 0.000E+00 0.000E+00 7.270E+05
3.91627206E+01   4856.7 1.238E+04 3.311E+11 8.433E-03 1.640E-02 2.000E+05 0.000E+00 0.000E+00 7.322E+05
4.37429100E+01   4938.8 1.383E+04 4.595E+11 1.116E-02 2.119E-02 2.000E+05 0.000E+00 0.000E+00 7.385E+05
4.82919422E+01   5037.6 1.527E+04 6.626E+11 1.521E-02 2.826E-02 2.000E+05 0.000E+00 0.000E+00 7.459E+05
5.26713078E+01   5156.0 1.666E+04 9.957E+11 2.141E-02 3.904E-02 2.000E+05 9.836E-01 0.000E+00 7.546E+05
5.67520210E+01   5296.9 1.795E+04 1.562E+12 3.115E-02 5.591E-02 2.000E+05 3.878E+02 4.929E+02 7.645E+05
6.04268415E+01   5464.3 1.911E+04 2.561E+12 4.695E-02 8.321E-02 2.000E+05 1.322E+04 3.566E+03 7.755E+05
6.36207790E+01   5661.9 2.012E+04 4.387E+12 7.333E-02 1.288E-01 2.000E+05 2.701E+05 1.126E+04 7.874E+05
6.62938771E+01   5895.0 2.096E+04 7.844E+12 1.191E-01 2.077E-01 2.000E+05 2.846E+06 3.021E+04 7.996E+05
6.84530940E+01   6164.2 2.164E+04 1.446E+13 2.001E-01 3.473E-01 2.000E+05 1.753E+07 6.376E+04 8.108E+05
7.01105449E+01   6489.7 2.217E+04 2.816E+13 3.585E-01 6.137E-01 2.000E+05 8.837E+07 1.106E+05 8.200E+05
7.13128994E+01   6858.8 2.255E+04 5.534E+13 6.665E-01 1.057E+00 2.000E+05 4.196E+08 1.832E+05 8.250E+05
7.22020150E+01   7200.2 2.283E+04 9.710E+13 1.151E+00 1.460E+00 2.000E+05 1.154E+09 2.981E+05 8.264E+05
7.29381884E+01   7466.2 2.306E+04 1.452E+14 1.741E+00 1.545E+00 2.000E+05 2.017E+09 3.546E+05 8.272E+05
7.36171614E+01   7683.1 2.327E+04 1.976E+14 2.421E+00 1.448E+00 2.000E+05 2.688E+09 3.782E+05 8.285E+05
7.42878093E+01   7867.5 2.348E+04 2.533E+14 3.188E+00 1.316E+00 2.000E+05 3.133E+09 3.873E+05 8.304E+05
7.49784277E+01   8034.3 2.370E+04 3.142E+14 4.078E+00 1.206E+00 2.000E+05 3.420E+09 3.897E+05 8.330E+05
7.57064156E+01   8187.7 2.393E+04 3.800E+14 5.096E+00 1.110E+00 2.000E+05 3.607E+09 3.877E+05 8.362E+05
7.64893086E+01   8334.0 2.418E+04 4.528E+14 6.279E+00 1.039E+00 2.000E+05 3.735E+09 3.853E+05 8.399E+05
7.73405015E+01   8475.8 2.445E+04 5.335E+14 7.666E+00 9.693E-01 2.000E+05 3.827E+09 3.805E+05 8.443E+05
7.82753924E+01   8613.6 2.474E+04 6.225E+14 9.279E+00 9.135E-01 2.000E+05 3.894E+09 3.773E+05 8.492E+05
7.93055572E+01   8752.8 2.506E+04 7.239E+14 1.121E+01 8.593E-01 2.000E+05 3.946E+09 3.714E+05 8.547E+05
8.04494395E+01   8887.3 2.543E+04 8.340E+14 1.340E+01 8.115E-01 2.000E+05 3.985E+09 3.687E+05 8.607E+05
8.17209339E+01   9029.5 2.583E+04 9.638E+14 1.610E+01 7.682E-01 2.000E+05 4.013E+09 3.622E+05 8.677E+05
8.31429071E+01   9162.9 2.628E+04 1.100E+15 1.907E+01 7.752E-01 2.000E+05 4.035E+09 3.601E+05 8.749E+05
PRADK 1.2231E+00
BEGIN                    ITERATION  15 COMPLETED
