TEFF   7500.  GRAVITY 2.50000 LTE
TITLE  [-2.5] N(He)/Ntot=0.0784 VTURB=2  L/H=1.25 NOVER
OPACITY IFOP 1 1 1 1 1 1 1 1 1 1 1 1 1 0 1 0 0 0 0 0
CONVECTION ON   1.25 TURBULENCE OFF  0.00  0.00  0.00  0.00
ABUNDANCE SCALE   0.00316 ABUNDANCE CHANGE 1 0.92160 2 0.07840
ABUNDANCE CHANGE  3 -10.94  4 -10.64  5  -9.49  6  -3.52  7  -4.12  8  -3.21
ABUNDANCE CHANGE  9  -7.48 10  -3.96 11  -5.71 12  -4.46 13  -5.57 14  -4.49
ABUNDANCE CHANGE 15  -6.59 16  -4.71 17  -6.54 18  -5.64 19  -6.92 20  -5.68
ABUNDANCE CHANGE 21  -8.87 22  -7.02 23  -8.04 24  -6.37 25  -6.65 26  -4.54
ABUNDANCE CHANGE 27  -7.12 28  -5.79 29  -7.83 30  -7.44 31  -9.16 32  -8.63
ABUNDANCE CHANGE 33  -9.67 34  -8.63 35  -9.41 36  -8.73 37  -9.44 38  -9.07
ABUNDANCE CHANGE 39  -9.80 40  -9.44 41 -10.62 42 -10.12 43 -20.00 44 -10.20
ABUNDANCE CHANGE 45 -10.92 46 -10.35 47 -11.10 48 -10.27 49 -10.38 50 -10.04
ABUNDANCE CHANGE 51 -11.04 52  -9.80 53 -10.53 54  -9.87 55 -10.91 56  -9.91
ABUNDANCE CHANGE 57 -10.87 58 -10.46 59 -11.33 60 -10.54 61 -20.00 62 -11.03
ABUNDANCE CHANGE 63 -11.53 64 -10.92 65 -11.69 66 -10.90 67 -11.78 68 -11.11
ABUNDANCE CHANGE 69 -12.04 70 -10.96 71 -11.98 72 -11.16 73 -12.17 74 -10.93
ABUNDANCE CHANGE 75 -11.76 76 -10.59 77 -10.69 78 -10.24 79 -11.03 80 -10.91
ABUNDANCE CHANGE 81 -11.14 82 -10.09 83 -11.33 84 -20.00 85 -20.00 86 -20.00
ABUNDANCE CHANGE 87 -20.00 88 -20.00 89 -20.00 90 -11.95 91 -20.00 92 -12.54
ABUNDANCE CHANGE 93 -20.00 94 -20.00 95 -20.00 96 -20.00 97 -20.00 98 -20.00
ABUNDANCE CHANGE 99 -20.00
READ DECK6 72 RHOX,T,P,XNE,ABROSS,ACCRAD,VTURB, FLXCNV,VCONV,VELSND
3.00130355E-06   5072.8 9.571E-04 1.601E+08 4.389E-02 2.963E-01 2.000E+05 0.000E+00 0.000E+00 1.784E+07
4.08003743E-06   5072.8 1.301E-03 1.904E+08 3.790E-02 2.609E-01 2.000E+05 0.000E+00 0.000E+00 1.553E+07
5.75846471E-06   5072.8 1.836E-03 2.305E+08 3.211E-02 2.268E-01 2.000E+05 0.000E+00 0.000E+00 1.335E+07
8.43357180E-06   5072.8 2.685E-03 2.837E+08 2.676E-02 1.951E-01 2.000E+05 0.000E+00 7.432E+04 1.133E+07
1.27844332E-05   5073.6 4.065E-03 3.555E+08 2.199E-02 1.670E-01 2.000E+05 0.000E+00 7.763E+06 9.529E+06
1.98767719E-05   5075.9 6.313E-03 4.520E+08 1.795E-02 1.432E-01 2.000E+05 0.000E+00 7.405E+06 7.974E+06
3.14836610E-05   5080.1 9.988E-03 5.823E+08 1.463E-02 1.237E-01 2.000E+05 0.000E+00 5.530E+06 6.658E+06
5.04772897E-05   5086.1 1.600E-02 7.573E+08 1.194E-02 1.080E-01 2.000E+05 0.000E+00 3.665E+06 5.561E+06
8.14611319E-05   5094.0 2.581E-02 9.926E+08 9.788E-03 9.557E-02 2.000E+05 0.000E+00 2.336E+06 4.653E+06
1.31632390E-04   5104.5 4.168E-02 1.310E+09 8.102E-03 8.587E-02 2.000E+05 0.000E+00 1.456E+06 3.904E+06
2.11865952E-04   5118.2 6.706E-02 1.740E+09 6.807E-03 7.848E-02 2.000E+05 0.000E+00 8.366E+05 3.286E+06
3.38328399E-04   5134.4 1.071E-01 2.317E+09 5.803E-03 7.277E-02 2.000E+05 0.000E+00 1.797E+05 2.780E+06
5.33436733E-04   5156.4 1.688E-01 3.117E+09 5.084E-03 6.871E-02 2.000E+05 0.000E+00 5.958E+04 2.362E+06
8.26256833E-04   5183.5 2.613E-01 4.215E+09 4.578E-03 6.583E-02 2.000E+05 0.000E+00 0.000E+00 2.021E+06
1.25315322E-03   5215.9 3.963E-01 5.721E+09 4.248E-03 6.392E-02 2.000E+05 0.000E+00 0.000E+00 1.744E+06
1.85739966E-03   5252.9 5.874E-01 7.769E+09 4.057E-03 6.276E-02 2.000E+05 0.000E+00 0.000E+00 1.522E+06
2.69007950E-03   5293.3 8.506E-01 1.051E+10 3.972E-03 6.216E-02 2.000E+05 0.000E+00 0.000E+00 1.346E+06
3.81144885E-03   5335.8 1.205E+00 1.412E+10 3.972E-03 6.204E-02 2.000E+05 0.000E+00 0.000E+00 1.207E+06
5.29332195E-03   5379.3 1.674E+00 1.880E+10 4.039E-03 6.234E-02 2.000E+05 0.000E+00 0.000E+00 1.099E+06
7.22201223E-03   5422.7 2.283E+00 2.475E+10 4.165E-03 6.303E-02 2.000E+05 0.000E+00 0.000E+00 1.015E+06
9.70263487E-03   5465.4 3.068E+00 3.221E+10 4.340E-03 6.412E-02 2.000E+05 0.000E+00 0.000E+00 9.493E+05
1.28594546E-02   5507.4 4.066E+00 4.149E+10 4.571E-03 6.568E-02 2.000E+05 0.000E+00 0.000E+00 8.985E+05
1.68370325E-02   5548.7 5.323E+00 5.292E+10 4.860E-03 6.771E-02 2.000E+05 0.000E+00 0.000E+00 8.592E+05
2.17980294E-02   5589.9 6.892E+00 6.700E+10 5.223E-03 7.027E-02 2.000E+05 0.000E+00 0.000E+00 8.288E+05
2.79226690E-02   5630.9 8.828E+00 8.421E+10 5.668E-03 7.335E-02 2.000E+05 0.000E+00 0.000E+00 8.053E+05
3.54103982E-02   5672.2 1.120E+01 1.052E+11 6.211E-03 7.699E-02 2.000E+05 0.000E+00 0.000E+00 7.872E+05
4.44886966E-02   5712.9 1.407E+01 1.304E+11 6.851E-03 8.105E-02 2.000E+05 0.000E+00 0.000E+00 7.734E+05
5.54411777E-02   5752.2 1.753E+01 1.603E+11 7.583E-03 8.545E-02 2.000E+05 0.000E+00 0.000E+00 7.631E+05
6.86399923E-02   5788.5 2.170E+01 1.947E+11 8.382E-03 9.002E-02 2.000E+05 0.000E+00 0.000E+00 7.554E+05
8.46034014E-02   5820.3 2.675E+01 2.333E+11 9.216E-03 9.465E-02 2.000E+05 0.000E+00 0.000E+00 7.500E+05
1.04030416E-01   5847.3 3.289E+01 2.758E+11 1.007E-02 9.940E-02 2.000E+05 0.000E+00 0.000E+00 7.462E+05
1.27820094E-01   5869.9 4.041E+01 3.224E+11 1.094E-02 1.044E-01 2.000E+05 0.000E+00 0.000E+00 7.438E+05
1.57035830E-01   5889.9 4.964E+01 3.745E+11 1.188E-02 1.099E-01 2.000E+05 0.000E+00 0.000E+00 7.424E+05
1.92891641E-01   5908.7 6.098E+01 4.336E+11 1.292E-02 1.162E-01 2.000E+05 0.000E+00 0.000E+00 7.419E+05
2.36711544E-01   5927.9 7.483E+01 5.022E+11 1.414E-02 1.234E-01 2.000E+05 0.000E+00 0.000E+00 7.420E+05
2.90002262E-01   5947.3 9.168E+01 5.812E+11 1.554E-02 1.317E-01 2.000E+05 0.000E+00 0.000E+00 7.426E+05
3.54458080E-01   5968.1 1.121E+02 6.737E+11 1.718E-02 1.414E-01 2.000E+05 0.000E+00 0.000E+00 7.437E+05
4.32022503E-01   5989.7 1.366E+02 7.810E+11 1.908E-02 1.526E-01 2.000E+05 0.000E+00 0.000E+00 7.451E+05
5.24891470E-01   6013.1 1.659E+02 9.071E+11 2.131E-02 1.657E-01 2.000E+05 0.000E+00 0.000E+00 7.468E+05
6.35558421E-01   6037.9 2.009E+02 1.055E+12 2.389E-02 1.809E-01 2.000E+05 0.000E+00 0.000E+00 7.486E+05
7.66715052E-01   6065.3 2.423E+02 1.231E+12 2.697E-02 1.992E-01 2.000E+05 0.000E+00 0.000E+00 7.507E+05
9.21202355E-01   6095.7 2.912E+02 1.441E+12 3.062E-02 2.210E-01 2.000E+05 0.000E+00 0.000E+00 7.528E+05
1.10185172E+00   6130.5 3.483E+02 1.699E+12 3.508E-02 2.479E-01 2.000E+05 0.000E+00 0.000E+00 7.549E+05
1.31112662E+00   6170.7 4.144E+02 2.018E+12 4.058E-02 2.815E-01 2.000E+05 0.000E+00 0.000E+00 7.570E+05
1.55083239E+00   6218.0 4.901E+02 2.424E+12 4.755E-02 3.245E-01 2.000E+05 0.000E+00 0.000E+00 7.591E+05
1.82166403E+00   6274.0 5.757E+02 2.948E+12 5.654E-02 3.805E-01 2.000E+05 0.000E+00 0.000E+00 7.610E+05
2.12271919E+00   6341.0 6.707E+02 3.643E+12 6.846E-02 4.556E-01 2.000E+05 0.000E+00 0.000E+00 7.628E+05
2.45070459E+00   6421.6 7.743E+02 4.589E+12 8.475E-02 5.596E-01 2.000E+05 0.000E+00 0.000E+00 7.645E+05
2.79938984E+00   6519.2 8.843E+02 5.911E+12 1.078E-01 7.085E-01 2.000E+05 0.000E+00 0.000E+00 7.660E+05
3.15917346E+00   6637.7 9.978E+02 7.820E+12 1.417E-01 9.300E-01 2.000E+05 3.358E-05 0.000E+00 7.674E+05
3.51703482E+00   6782.0 1.111E+03 1.066E+13 1.939E-01 1.274E+00 2.000E+05 3.790E-03 3.537E+01 7.690E+05
3.85797007E+00   6956.1 1.218E+03 1.499E+13 2.779E-01 1.833E+00 2.000E+05 1.149E-01 1.608E+02 7.713E+05
4.16673069E+00   7166.3 1.315E+03 2.178E+13 4.209E-01 2.793E+00 2.000E+05 4.519E+00 4.662E+02 7.752E+05
4.42987443E+00   7419.2 1.397E+03 3.270E+13 6.802E-01 4.537E+00 2.000E+05 2.894E+02 1.506E+03 7.823E+05
4.63963405E+00   7718.9 1.462E+03 5.036E+13 1.175E+00 7.852E+00 2.000E+05 2.757E+04 5.749E+03 7.945E+05
4.79630262E+00   8068.5 1.510E+03 7.864E+13 2.157E+00 1.433E+01 2.000E+05 1.739E+06 2.522E+04 8.145E+05
4.90745502E+00   8471.1 1.543E+03 1.227E+14 4.125E+00 2.704E+01 2.000E+05 2.771E+07 9.752E+04 8.457E+05
4.98428999E+00   8932.5 1.564E+03 1.876E+14 7.949E+00 5.060E+01 2.000E+05 2.083E+08 2.376E+05 8.935E+05
5.03882440E+00   9434.2 1.578E+03 2.691E+14 1.415E+01 8.235E+01 2.000E+05 9.828E+08 4.577E+05 9.609E+05
5.08436164E+00   9894.8 1.588E+03 3.419E+14 2.059E+01 1.017E+02 2.000E+05 2.332E+09 7.684E+05 1.035E+06
5.13010755E+00  10328.2 1.598E+03 3.971E+14 2.514E+01 1.170E+02 2.000E+05 2.816E+09 9.101E+05 1.110E+06
5.18358569E+00  10880.1 1.608E+03 4.394E+14 2.682E+01 1.408E+02 2.000E+05 1.689E+09 7.624E+05 1.203E+06
5.25930881E+00  11642.9 1.621E+03 4.552E+14 2.272E+01 1.337E+02 2.000E+05 4.121E+08 2.418E+05 1.319E+06
5.38833446E+00  12491.2 1.647E+03 4.475E+14 1.621E+01 9.776E+01 2.000E+05 8.098E+06 5.229E+04 1.449E+06
5.63943334E+00  13416.6 1.706E+03 4.377E+14 1.100E+01 6.613E+01 2.000E+05 4.903E+04 9.928E+03 1.575E+06
6.12417505E+00  14395.7 1.833E+03 4.415E+14 7.796E+00 4.665E+01 2.000E+05 2.757E+02 3.721E+03 1.627E+06
7.00033012E+00  15461.8 2.075E+03 4.700E+14 6.006E+00 3.589E+01 2.000E+05 2.532E+01 2.526E+03 1.651E+06
8.44198134E+00  16596.1 2.483E+03 5.311E+14 5.090E+00 3.030E+01 2.000E+05 7.941E+00 1.536E+03 1.728E+06
1.06521982E+01  17831.9 3.119E+03 6.271E+14 4.526E+00 2.696E+01 2.000E+05 1.371E+00 4.401E+02 1.859E+06
1.38931108E+01  19147.0 4.061E+03 7.638E+14 4.196E+00 2.494E+01 2.000E+05 2.960E-02 0.000E+00 2.004E+06
1.84836297E+01  20573.2 5.401E+03 9.473E+14 4.005E+00 2.379E+01 2.000E+05 0.000E+00 0.000E+00 2.128E+06
2.47802553E+01  22096.3 7.245E+03 1.184E+15 3.939E+00 2.302E+01 2.000E+05 0.000E+00 0.000E+00 2.229E+06
PRADK 4.2419E+00
BEGIN                    ITERATION  15 COMPLETED
