TEFF   7500.  GRAVITY 2.00000 LTE
TITLE  [-2.5] N(He)/Ntot=0.0784 VTURB=2  L/H=1.25 NOVER
OPACITY IFOP 1 1 1 1 1 1 1 1 1 1 1 1 1 0 1 0 0 0 0 0
CONVECTION ON   1.25 TURBULENCE OFF  0.00  0.00  0.00  0.00
ABUNDANCE SCALE   0.00316 ABUNDANCE CHANGE 1 0.92160 2 0.07840
ABUNDANCE CHANGE  3 -10.94  4 -10.64  5  -9.49  6  -3.52  7  -4.12  8  -3.21
ABUNDANCE CHANGE  9  -7.48 10  -3.96 11  -5.71 12  -4.46 13  -5.57 14  -4.49
ABUNDANCE CHANGE 15  -6.59 16  -4.71 17  -6.54 18  -5.64 19  -6.92 20  -5.68
ABUNDANCE CHANGE 21  -8.87 22  -7.02 23  -8.04 24  -6.37 25  -6.65 26  -4.54
ABUNDANCE CHANGE 27  -7.12 28  -5.79 29  -7.83 30  -7.44 31  -9.16 32  -8.63
ABUNDANCE CHANGE 33  -9.67 34  -8.63 35  -9.41 36  -8.73 37  -9.44 38  -9.07
ABUNDANCE CHANGE 39  -9.80 40  -9.44 41 -10.62 42 -10.12 43 -20.00 44 -10.20
ABUNDANCE CHANGE 45 -10.92 46 -10.35 47 -11.10 48 -10.27 49 -10.38 50 -10.04
ABUNDANCE CHANGE 51 -11.04 52  -9.80 53 -10.53 54  -9.87 55 -10.91 56  -9.91
ABUNDANCE CHANGE 57 -10.87 58 -10.46 59 -11.33 60 -10.54 61 -20.00 62 -11.03
ABUNDANCE CHANGE 63 -11.53 64 -10.92 65 -11.69 66 -10.90 67 -11.78 68 -11.11
ABUNDANCE CHANGE 69 -12.04 70 -10.96 71 -11.98 72 -11.16 73 -12.17 74 -10.93
ABUNDANCE CHANGE 75 -11.76 76 -10.59 77 -10.69 78 -10.24 79 -11.03 80 -10.91
ABUNDANCE CHANGE 81 -11.14 82 -10.09 83 -11.33 84 -20.00 85 -20.00 86 -20.00
ABUNDANCE CHANGE 87 -20.00 88 -20.00 89 -20.00 90 -11.95 91 -20.00 92 -12.54
ABUNDANCE CHANGE 93 -20.00 94 -20.00 95 -20.00 96 -20.00 97 -20.00 98 -20.00
ABUNDANCE CHANGE 99 -20.00
READ DECK6 72 RHOX,T,P,XNE,ABROSS,ACCRAD,VTURB, FLXCNV,VCONV,VELSND
1.74559197E-06   4989.9 1.768E-04 4.763E+07 7.465E-02 4.759E-01 2.000E+05 0.000E+00 0.000E+00 3.904E+07
2.37409014E-06   4989.9 2.405E-04 5.749E+07 6.472E-02 4.168E-01 2.000E+05 0.000E+00 0.000E+00 3.377E+07
3.34651211E-06   4989.9 3.390E-04 7.059E+07 5.498E-02 3.594E-01 2.000E+05 0.000E+00 0.000E+00 2.879E+07
4.89789453E-06   4990.0 4.953E-04 8.797E+07 4.591E-02 3.051E-01 2.000E+05 0.000E+00 0.000E+00 2.419E+07
7.42658427E-06   4990.0 7.493E-04 1.112E+08 3.766E-02 2.557E-01 2.000E+05 0.000E+00 3.158E+07 2.007E+07
1.15684397E-05   4991.1 1.165E-03 1.424E+08 3.057E-02 2.135E-01 2.000E+05 0.000E+00 4.043E+07 1.653E+07
1.83981378E-05   4993.9 1.849E-03 1.846E+08 2.471E-02 1.786E-01 2.000E+05 0.000E+00 3.281E+07 1.357E+07
2.96913007E-05   4998.3 2.980E-03 2.414E+08 1.993E-02 1.504E-01 2.000E+05 0.000E+00 2.281E+07 1.113E+07
4.83525969E-05   5004.5 4.848E-03 3.180E+08 1.612E-02 1.279E-01 2.000E+05 0.000E+00 1.486E+07 9.148E+06
7.91024868E-05   5012.0 7.924E-03 4.205E+08 1.307E-02 1.101E-01 2.000E+05 0.000E+00 9.367E+06 7.547E+06
1.29459402E-04   5021.8 1.296E-02 5.592E+08 1.070E-02 9.619E-02 2.000E+05 0.000E+00 5.965E+06 6.251E+06
2.11140824E-04   5033.8 2.113E-02 7.460E+08 8.846E-03 8.540E-02 2.000E+05 0.000E+00 3.849E+06 5.202E+06
3.41556527E-04   5050.4 3.417E-02 1.004E+09 7.467E-03 7.740E-02 2.000E+05 0.000E+00 2.586E+06 4.345E+06
5.45086605E-04   5071.9 5.451E-02 1.361E+09 6.458E-03 7.153E-02 2.000E+05 0.000E+00 1.701E+06 3.645E+06
8.54434233E-04   5099.1 8.543E-02 1.858E+09 5.744E-03 6.733E-02 2.000E+05 0.000E+00 1.097E+06 3.073E+06
1.31123756E-03   5131.7 1.311E-01 2.548E+09 5.260E-03 6.441E-02 2.000E+05 0.000E+00 2.096E+05 2.607E+06
1.96696353E-03   5169.3 1.966E-01 3.499E+09 4.950E-03 6.242E-02 2.000E+05 0.000E+00 9.217E+04 2.230E+06
2.88434212E-03   5210.6 2.883E-01 4.796E+09 4.771E-03 6.114E-02 2.000E+05 0.000E+00 3.589E+04 1.925E+06
4.14091757E-03   5254.3 4.139E-01 6.535E+09 4.684E-03 6.037E-02 2.000E+05 0.000E+00 8.860E+03 1.681E+06
5.83413051E-03   5299.2 5.831E-01 8.831E+09 4.666E-03 5.999E-02 2.000E+05 0.000E+00 0.000E+00 1.484E+06
8.08871278E-03   5344.0 8.084E-01 1.181E+10 4.695E-03 5.995E-02 2.000E+05 0.000E+00 0.000E+00 1.327E+06
1.10633459E-02   5388.5 1.106E+00 1.564E+10 4.765E-03 6.026E-02 2.000E+05 0.000E+00 0.000E+00 1.202E+06
1.49540618E-02   5432.6 1.495E+00 2.052E+10 4.879E-03 6.095E-02 2.000E+05 0.000E+00 0.000E+00 1.101E+06
1.99982816E-02   5476.6 1.999E+00 2.673E+10 5.040E-03 6.205E-02 2.000E+05 0.000E+00 0.000E+00 1.020E+06
2.64742396E-02   5520.8 2.646E+00 3.459E+10 5.263E-03 6.361E-02 2.000E+05 0.000E+00 0.000E+00 9.555E+05
3.46928949E-02   5565.7 3.467E+00 4.453E+10 5.562E-03 6.570E-02 2.000E+05 0.000E+00 0.000E+00 9.042E+05
4.49992185E-02   5611.3 4.497E+00 5.702E+10 5.947E-03 6.830E-02 2.000E+05 0.000E+00 0.000E+00 8.638E+05
5.77830288E-02   5657.1 5.775E+00 7.256E+10 6.426E-03 7.138E-02 2.000E+05 0.000E+00 0.000E+00 8.322E+05
7.35078152E-02   5701.6 7.346E+00 9.143E+10 6.981E-03 7.474E-02 2.000E+05 0.000E+00 0.000E+00 8.077E+05
9.28013069E-02   5742.9 9.274E+00 1.137E+11 7.584E-03 7.822E-02 2.000E+05 0.000E+00 0.000E+00 7.890E+05
1.16547715E-01   5779.0 1.165E+01 1.391E+11 8.190E-03 8.165E-02 2.000E+05 0.000E+00 0.000E+00 7.749E+05
1.45990356E-01   5809.2 1.459E+01 1.674E+11 8.777E-03 8.505E-02 2.000E+05 0.000E+00 0.000E+00 7.643E+05
1.82721264E-01   5834.8 1.826E+01 1.991E+11 9.368E-03 8.865E-02 2.000E+05 0.000E+00 0.000E+00 7.564E+05
2.28586687E-01   5858.2 2.284E+01 2.353E+11 1.002E-02 9.274E-02 2.000E+05 0.000E+00 0.000E+00 7.505E+05
2.85577843E-01   5881.3 2.853E+01 2.778E+11 1.079E-02 9.758E-02 2.000E+05 0.000E+00 0.000E+00 7.462E+05
3.55917373E-01   5904.5 3.556E+01 3.274E+11 1.170E-02 1.032E-01 2.000E+05 0.000E+00 0.000E+00 7.432E+05
4.42006917E-01   5929.1 4.416E+01 3.861E+11 1.280E-02 1.101E-01 2.000E+05 0.000E+00 0.000E+00 7.413E+05
5.46617249E-01   5953.9 5.461E+01 4.545E+11 1.409E-02 1.179E-01 2.000E+05 0.000E+00 0.000E+00 7.404E+05
6.72798707E-01   5980.8 6.721E+01 5.359E+11 1.564E-02 1.274E-01 2.000E+05 0.000E+00 0.000E+00 7.401E+05
8.23964270E-01   6008.5 8.231E+01 6.311E+11 1.745E-02 1.384E-01 2.000E+05 0.000E+00 0.000E+00 7.404E+05
1.00384476E+00   6039.0 1.003E+02 7.455E+11 1.964E-02 1.519E-01 2.000E+05 0.000E+00 0.000E+00 7.411E+05
1.21611886E+00   6072.4 1.215E+02 8.830E+11 2.228E-02 1.682E-01 2.000E+05 0.000E+00 0.000E+00 7.421E+05
1.46440626E+00   6110.2 1.462E+02 1.052E+12 2.553E-02 1.885E-01 2.000E+05 0.000E+00 0.000E+00 7.434E+05
1.75175758E+00   6153.3 1.749E+02 1.261E+12 2.958E-02 2.140E-01 2.000E+05 0.000E+00 0.000E+00 7.448E+05
2.08016193E+00   6203.6 2.077E+02 1.528E+12 3.476E-02 2.470E-01 2.000E+05 0.000E+00 0.000E+00 7.463E+05
2.44975857E+00   6262.7 2.446E+02 1.873E+12 4.153E-02 2.905E-01 2.000E+05 0.000E+00 0.000E+00 7.477E+05
2.85838182E+00   6332.7 2.853E+02 2.330E+12 5.059E-02 3.494E-01 2.000E+05 0.000E+00 0.000E+00 7.492E+05
3.30047843E+00   6416.4 3.293E+02 2.953E+12 6.313E-02 4.320E-01 2.000E+05 0.000E+00 0.000E+00 7.506E+05
3.76620284E+00   6517.3 3.757E+02 3.826E+12 8.113E-02 5.521E-01 2.000E+05 2.741E-09 0.000E+00 7.522E+05
4.24114671E+00   6639.3 4.229E+02 5.084E+12 1.081E-01 7.336E-01 2.000E+05 5.693E-05 2.028E+00 7.540E+05
4.70649340E+00   6787.4 4.690E+02 6.958E+12 1.504E-01 1.021E+00 2.000E+05 1.436E-03 5.271E+01 7.567E+05
5.14123159E+00   6966.1 5.119E+02 9.811E+12 2.204E-01 1.500E+00 2.000E+05 3.630E-02 1.421E+02 7.608E+05
5.52527449E+00   7181.5 5.496E+02 1.428E+13 3.431E-01 2.341E+00 2.000E+05 1.632E+00 3.950E+02 7.676E+05
5.84313011E+00   7439.6 5.804E+02 2.138E+13 5.715E-01 3.902E+00 2.000E+05 1.264E+02 1.348E+03 7.789E+05
6.08892691E+00   7743.9 6.037E+02 3.265E+13 1.016E+00 6.900E+00 2.000E+05 1.287E+04 5.535E+03 7.971E+05
6.26838534E+00   8093.9 6.200E+02 4.996E+13 1.893E+00 1.266E+01 2.000E+05 8.035E+05 2.522E+04 8.250E+05
6.39590036E+00   8487.1 6.306E+02 7.488E+13 3.555E+00 2.316E+01 2.000E+05 3.625E+06 9.936E+04 8.665E+05
6.48786165E+00   8924.7 6.369E+02 1.074E+14 6.417E+00 4.055E+01 2.000E+05 2.075E+07 1.409E+05 9.262E+05
6.55862289E+00   9403.8 6.403E+02 1.429E+14 1.035E+01 6.333E+01 2.000E+05 7.151E+07 2.943E+05 1.007E+06
6.62406982E+00   9929.5 6.420E+02 1.726E+14 1.376E+01 8.270E+01 2.000E+05 9.716E+07 4.276E+05 1.104E+06
6.69819408E+00  10519.0 6.431E+02 1.887E+14 1.431E+01 8.575E+01 2.000E+05 4.959E+07 2.580E+05 1.208E+06
6.80478210E+00  11176.6 6.453E+02 1.911E+14 1.208E+01 7.279E+01 2.000E+05 6.235E+06 9.844E+04 1.318E+06
6.98506691E+00  11909.9 6.521E+02 1.865E+14 8.884E+00 5.359E+01 2.000E+05 2.054E+05 1.778E+04 1.449E+06
7.32157656E+00  12710.0 6.706E+02 1.818E+14 6.286E+00 3.783E+01 2.000E+05 7.664E+02 4.349E+03 1.575E+06
7.95179062E+00  13590.3 7.136E+02 1.820E+14 4.534E+00 2.721E+01 2.000E+05 9.680E+00 1.738E+03 1.637E+06
9.07516617E+00  14537.4 7.993E+02 1.922E+14 3.528E+00 2.108E+01 2.000E+05 1.093E+00 1.204E+03 1.656E+06
1.09181879E+01  15574.5 9.482E+02 2.155E+14 2.984E+00 1.781E+01 2.000E+05 4.436E-01 8.975E+02 1.716E+06
1.37331996E+01  16689.6 1.183E+03 2.536E+14 2.672E+00 1.591E+01 2.000E+05 1.219E-01 3.676E+02 1.838E+06
1.78653515E+01  17904.6 1.533E+03 3.082E+14 2.458E+00 1.464E+01 2.000E+05 7.430E-03 0.000E+00 1.983E+06
2.37610515E+01  19207.5 2.039E+03 3.831E+14 2.330E+00 1.386E+01 2.000E+05 0.000E+00 0.000E+00 2.106E+06
3.19557215E+01  20620.9 2.747E+03 4.812E+14 2.260E+00 1.343E+01 2.000E+05 0.000E+00 0.000E+00 2.205E+06
4.30615427E+01  22135.5 3.710E+03 6.057E+14 2.244E+00 1.311E+01 2.000E+05 0.000E+00 0.000E+00 2.292E+06
PRADK 4.2412E+00
BEGIN                    ITERATION  15 COMPLETED
