TEFF   8500.  GRAVITY 3.00000 LTE
TITLE  [-2.5] N(He)/Ntot=0.0784 VTURB=2  L/H=1.25 NOVER
OPACITY IFOP 1 1 1 1 1 1 1 1 1 1 1 1 1 0 1 0 0 0 0 0
CONVECTION ON   1.25 TURBULENCE OFF  0.00  0.00  0.00  0.00
ABUNDANCE SCALE   0.00316 ABUNDANCE CHANGE 1 0.92160 2 0.07840
ABUNDANCE CHANGE  3 -10.94  4 -10.64  5  -9.49  6  -3.52  7  -4.12  8  -3.21
ABUNDANCE CHANGE  9  -7.48 10  -3.96 11  -5.71 12  -4.46 13  -5.57 14  -4.49
ABUNDANCE CHANGE 15  -6.59 16  -4.71 17  -6.54 18  -5.64 19  -6.92 20  -5.68
ABUNDANCE CHANGE 21  -8.87 22  -7.02 23  -8.04 24  -6.37 25  -6.65 26  -4.54
ABUNDANCE CHANGE 27  -7.12 28  -5.79 29  -7.83 30  -7.44 31  -9.16 32  -8.63
ABUNDANCE CHANGE 33  -9.67 34  -8.63 35  -9.41 36  -8.73 37  -9.44 38  -9.07
ABUNDANCE CHANGE 39  -9.80 40  -9.44 41 -10.62 42 -10.12 43 -20.00 44 -10.20
ABUNDANCE CHANGE 45 -10.92 46 -10.35 47 -11.10 48 -10.27 49 -10.38 50 -10.04
ABUNDANCE CHANGE 51 -11.04 52  -9.80 53 -10.53 54  -9.87 55 -10.91 56  -9.91
ABUNDANCE CHANGE 57 -10.87 58 -10.46 59 -11.33 60 -10.54 61 -20.00 62 -11.03
ABUNDANCE CHANGE 63 -11.53 64 -10.92 65 -11.69 66 -10.90 67 -11.78 68 -11.11
ABUNDANCE CHANGE 69 -12.04 70 -10.96 71 -11.98 72 -11.16 73 -12.17 74 -10.93
ABUNDANCE CHANGE 75 -11.76 76 -10.59 77 -10.69 78 -10.24 79 -11.03 80 -10.91
ABUNDANCE CHANGE 81 -11.14 82 -10.09 83 -11.33 84 -20.00 85 -20.00 86 -20.00
ABUNDANCE CHANGE 87 -20.00 88 -20.00 89 -20.00 90 -11.95 91 -20.00 92 -12.54
ABUNDANCE CHANGE 93 -20.00 94 -20.00 95 -20.00 96 -20.00 97 -20.00 98 -20.00
ABUNDANCE CHANGE 99 -20.00
READ DECK6 72 RHOX,T,P,XNE,ABROSS,ACCRAD,VTURB, FLXCNV,VCONV,VELSND
5.24511381E-07   5795.1 5.231E-04 2.866E+08 2.542E-01 2.653E+00 2.000E+05 0.000E+00 0.000E+00 4.693E+07
7.02447866E-07   5806.5 7.006E-04 3.755E+08 2.457E-01 2.575E+00 2.000E+05 0.000E+00 0.000E+00 3.897E+07
9.48532613E-07   5821.0 9.461E-04 4.941E+08 2.364E-01 2.487E+00 2.000E+05 0.000E+00 0.000E+00 3.244E+07
1.29038604E-06   5837.9 1.287E-03 6.527E+08 2.264E-01 2.390E+00 2.000E+05 0.000E+00 3.552E+08 2.705E+07
1.76866781E-06   5854.1 1.764E-03 8.638E+08 2.150E-01 2.280E+00 2.000E+05 0.000E+00 2.467E+08 2.253E+07
2.44450911E-06   5867.0 2.439E-03 1.143E+09 2.016E-01 2.152E+00 2.000E+05 0.000E+00 1.559E+08 1.870E+07
3.41370423E-06   5876.3 3.406E-03 1.511E+09 1.860E-01 2.007E+00 2.000E+05 0.000E+00 9.426E+07 1.545E+07
4.82645073E-06   5883.5 4.816E-03 1.996E+09 1.689E-01 1.848E+00 2.000E+05 0.000E+00 5.692E+07 1.271E+07
6.91946602E-06   5889.3 6.905E-03 2.636E+09 1.508E-01 1.683E+00 2.000E+05 0.000E+00 3.192E+07 1.041E+07
1.00779192E-05   5892.9 1.006E-02 3.475E+09 1.322E-01 1.515E+00 2.000E+05 0.000E+00 2.663E+07 8.479E+06
1.48564084E-05   5907.5 1.483E-02 4.640E+09 1.171E-01 1.379E+00 2.000E+05 0.000E+00 2.148E+07 6.926E+06
2.21188273E-05   5916.8 2.208E-02 6.136E+09 1.017E-01 1.240E+00 2.000E+05 0.000E+00 9.485E+06 5.644E+06
3.33943967E-05   5921.7 3.335E-02 8.057E+09 8.665E-02 1.106E+00 2.000E+05 0.000E+00 5.838E+06 4.589E+06
5.08925308E-05   5936.3 5.083E-02 1.072E+10 7.503E-02 1.003E+00 2.000E+05 0.000E+00 4.035E+06 3.748E+06
7.81044064E-05   5944.2 7.801E-02 1.407E+10 6.375E-02 9.043E-01 2.000E+05 0.000E+00 5.797E+05 3.072E+06
1.20732395E-04   5955.5 1.206E-01 1.852E+10 5.448E-02 8.252E-01 2.000E+05 0.000E+00 2.619E+05 2.534E+06
1.86830740E-04   5970.9 1.866E-01 2.447E+10 4.712E-02 7.645E-01 2.000E+05 0.000E+00 3.180E+04 2.111E+06
2.88339523E-04   5987.7 2.881E-01 3.223E+10 4.110E-02 7.168E-01 2.000E+05 0.000E+00 0.000E+00 1.782E+06
4.41786348E-04   6010.3 4.414E-01 4.262E+10 3.667E-02 6.848E-01 2.000E+05 0.000E+00 0.000E+00 1.526E+06
6.68253683E-04   6037.9 6.677E-01 5.641E+10 3.352E-02 6.657E-01 2.000E+05 0.000E+00 0.000E+00 1.331E+06
9.94405688E-04   6070.0 9.937E-01 7.451E+10 3.143E-02 6.577E-01 2.000E+05 0.000E+00 0.000E+00 1.182E+06
1.44982746E-03   6109.3 1.449E+00 9.861E+10 3.052E-02 6.622E-01 2.000E+05 0.000E+00 0.000E+00 1.070E+06
2.06631184E-03   6152.9 2.065E+00 1.299E+11 3.047E-02 6.761E-01 2.000E+05 0.000E+00 0.000E+00 9.864E+05
2.87589163E-03   6202.3 2.874E+00 1.705E+11 3.141E-02 7.003E-01 2.000E+05 0.000E+00 0.000E+00 9.243E+05
3.90975869E-03   6254.7 3.907E+00 2.221E+11 3.315E-02 7.326E-01 2.000E+05 0.000E+00 0.000E+00 8.785E+05
5.20520353E-03   6307.6 5.201E+00 2.859E+11 3.552E-02 7.700E-01 2.000E+05 0.000E+00 0.000E+00 8.449E+05
6.81026048E-03   6358.8 6.805E+00 3.628E+11 3.836E-02 8.106E-01 2.000E+05 0.000E+00 0.000E+00 8.199E+05
8.79359207E-03   6404.6 8.787E+00 4.520E+11 4.129E-02 8.498E-01 2.000E+05 0.000E+00 0.000E+00 8.013E+05
1.12590162E-02   6443.8 1.125E+01 5.533E+11 4.413E-02 8.870E-01 2.000E+05 0.000E+00 0.000E+00 7.870E+05
1.43532195E-02   6475.4 1.434E+01 6.657E+11 4.665E-02 9.212E-01 2.000E+05 0.000E+00 0.000E+00 7.759E+05
1.82692222E-02   6501.6 1.825E+01 7.919E+11 4.905E-02 9.556E-01 2.000E+05 0.000E+00 0.000E+00 7.670E+05
2.32398559E-02   6524.6 2.322E+01 9.358E+11 5.156E-02 9.925E-01 2.000E+05 0.000E+00 0.000E+00 7.601E+05
2.95249090E-02   6547.5 2.950E+01 1.104E+12 5.458E-02 1.036E+00 2.000E+05 0.000E+00 0.000E+00 7.549E+05
3.74006311E-02   6571.8 3.737E+01 1.304E+12 5.837E-02 1.088E+00 2.000E+05 0.000E+00 0.000E+00 7.512E+05
4.71669160E-02   6598.1 4.712E+01 1.541E+12 6.309E-02 1.150E+00 2.000E+05 0.000E+00 0.000E+00 7.487E+05
5.91438932E-02   6627.1 5.908E+01 1.823E+12 6.898E-02 1.224E+00 2.000E+05 0.000E+00 0.000E+00 7.472E+05
7.36873318E-02   6658.0 7.361E+01 2.157E+12 7.605E-02 1.310E+00 2.000E+05 0.000E+00 0.000E+00 7.466E+05
9.12128978E-02   6690.7 9.111E+01 2.549E+12 8.444E-02 1.410E+00 2.000E+05 0.000E+00 0.000E+00 7.467E+05
1.12192455E-01   6725.3 1.121E+02 3.010E+12 9.435E-02 1.527E+00 2.000E+05 0.000E+00 0.000E+00 7.473E+05
1.37144056E-01   6762.2 1.370E+02 3.556E+12 1.061E-01 1.665E+00 2.000E+05 0.000E+00 0.000E+00 7.484E+05
1.66633201E-01   6801.8 1.664E+02 4.203E+12 1.201E-01 1.831E+00 2.000E+05 0.000E+00 0.000E+00 7.499E+05
2.01238016E-01   6845.2 2.009E+02 4.982E+12 1.371E-01 2.034E+00 2.000E+05 0.000E+00 0.000E+00 7.517E+05
2.41457308E-01   6894.2 2.411E+02 5.933E+12 1.581E-01 2.288E+00 2.000E+05 0.000E+00 0.000E+00 7.539E+05
2.87643380E-01   6950.3 2.872E+02 7.115E+12 1.849E-01 2.613E+00 2.000E+05 0.000E+00 0.000E+00 7.564E+05
3.39886128E-01   7016.0 3.392E+02 8.614E+12 2.198E-01 3.041E+00 2.000E+05 0.000E+00 0.000E+00 7.593E+05
3.97885258E-01   7093.8 3.971E+02 1.055E+13 2.668E-01 3.617E+00 2.000E+05 0.000E+00 0.000E+00 7.627E+05
4.60825437E-01   7186.6 4.597E+02 1.312E+13 3.320E-01 4.412E+00 2.000E+05 9.078E-06 0.000E+00 7.668E+05
5.27423382E-01   7295.7 5.260E+02 1.654E+13 4.239E-01 5.531E+00 2.000E+05 1.059E-03 2.533E+01 7.718E+05
5.95907017E-01   7425.1 5.941E+02 2.120E+13 5.587E-01 7.166E+00 2.000E+05 1.085E-02 1.170E+02 7.780E+05
6.63990424E-01   7578.2 6.616E+02 2.766E+13 7.633E-01 9.626E+00 2.000E+05 7.367E-02 2.269E+02 7.861E+05
7.29083795E-01   7760.9 7.259E+02 3.679E+13 1.087E+00 1.344E+01 2.000E+05 5.997E-01 4.009E+02 7.970E+05
7.88812004E-01   7974.4 7.847E+02 4.964E+13 1.612E+00 1.948E+01 2.000E+05 8.727E+00 7.948E+02 8.118E+05
8.41454006E-01   8224.2 8.361E+02 6.781E+13 2.486E+00 2.927E+01 2.000E+05 2.112E+02 1.948E+03 8.321E+05
8.86259953E-01   8513.1 8.793E+02 9.301E+13 3.944E+00 4.502E+01 2.000E+05 5.764E+03 5.634E+03 8.604E+05
9.23686169E-01   8842.1 9.146E+02 1.265E+14 6.306E+00 6.951E+01 2.000E+05 1.105E+05 1.701E+04 8.992E+05
9.55155323E-01   9213.7 9.433E+02 1.678E+14 9.839E+00 1.046E+02 2.000E+05 8.547E+05 4.596E+04 9.519E+05
9.82834075E-01   9628.9 9.675E+02 2.132E+14 1.426E+01 1.466E+02 2.000E+05 2.244E+06 8.954E+04 1.020E+06
1.01007301E+00  10094.2 9.903E+02 2.553E+14 1.830E+01 1.838E+02 2.000E+05 2.465E+06 1.040E+05 1.102E+06
1.04089150E+00  10620.7 1.015E+03 2.858E+14 1.974E+01 1.954E+02 2.000E+05 1.101E+06 6.041E+04 1.192E+06
1.08249941E+00  11214.4 1.049E+03 3.027E+14 1.812E+01 1.798E+02 2.000E+05 1.327E+05 1.823E+04 1.285E+06
1.14704814E+00  11891.7 1.103E+03 3.121E+14 1.456E+01 1.455E+02 2.000E+05 2.539E+03 3.933E+03 1.389E+06
1.25791700E+00  12651.3 1.200E+03 3.246E+14 1.115E+01 1.122E+02 2.000E+05 1.726E+01 8.799E+02 1.506E+06
1.45074940E+00  13500.2 1.374E+03 3.511E+14 8.618E+00 8.671E+01 2.000E+05 1.470E-01 2.452E+02 1.597E+06
1.77355670E+00  14418.6 1.671E+03 4.023E+14 7.089E+00 7.080E+01 2.000E+05 5.921E-03 1.303E+02 1.629E+06
2.27752986E+00  15418.2 2.142E+03 4.863E+14 6.268E+00 6.217E+01 2.000E+05 8.124E-03 1.807E+02 1.649E+06
3.01302770E+00  16493.0 2.834E+03 6.081E+14 5.877E+00 5.796E+01 2.000E+05 9.227E-03 2.040E+02 1.708E+06
4.04544647E+00  17663.5 3.808E+03 7.705E+14 5.638E+00 5.550E+01 2.000E+05 3.636E-03 2.935E+01 1.813E+06
5.47188044E+00  18926.6 5.156E+03 9.794E+14 5.469E+00 5.371E+01 2.000E+05 1.161E-05 0.000E+00 1.947E+06
7.42421395E+00  20297.3 7.005E+03 1.244E+15 5.352E+00 5.254E+01 2.000E+05 0.000E+00 0.000E+00 2.077E+06
1.00628857E+01  21775.5 9.506E+03 1.576E+15 5.322E+00 5.219E+01 2.000E+05 0.000E+00 0.000E+00 2.187E+06
1.35728459E+01  23373.4 1.283E+04 1.982E+15 5.375E+00 5.255E+01 2.000E+05 0.000E+00 0.000E+00 2.283E+06
1.81676589E+01  25090.7 1.719E+04 2.474E+15 5.511E+00 5.180E+01 2.000E+05 0.000E+00 0.000E+00 2.373E+06
PRADK 7.0011E+00
BEGIN                    ITERATION  15 COMPLETED
