TEFF   6750.  GRAVITY 1.00000 LTE
TITLE  [-2.5] N(He)/Ntot=0.0784 VTURB=2  L/H=1.25 NOVER
OPACITY IFOP 1 1 1 1 1 1 1 1 1 1 1 1 1 0 1 0 0 0 0 0
CONVECTION ON   1.25 TURBULENCE OFF  0.00  0.00  0.00  0.00
ABUNDANCE SCALE   0.00316 ABUNDANCE CHANGE 1 0.92160 2 0.07840
ABUNDANCE CHANGE  3 -10.94  4 -10.64  5  -9.49  6  -3.52  7  -4.12  8  -3.21
ABUNDANCE CHANGE  9  -7.48 10  -3.96 11  -5.71 12  -4.46 13  -5.57 14  -4.49
ABUNDANCE CHANGE 15  -6.59 16  -4.71 17  -6.54 18  -5.64 19  -6.92 20  -5.68
ABUNDANCE CHANGE 21  -8.87 22  -7.02 23  -8.04 24  -6.37 25  -6.65 26  -4.54
ABUNDANCE CHANGE 27  -7.12 28  -5.79 29  -7.83 30  -7.44 31  -9.16 32  -8.63
ABUNDANCE CHANGE 33  -9.67 34  -8.63 35  -9.41 36  -8.73 37  -9.44 38  -9.07
ABUNDANCE CHANGE 39  -9.80 40  -9.44 41 -10.62 42 -10.12 43 -20.00 44 -10.20
ABUNDANCE CHANGE 45 -10.92 46 -10.35 47 -11.10 48 -10.27 49 -10.38 50 -10.04
ABUNDANCE CHANGE 51 -11.04 52  -9.80 53 -10.53 54  -9.87 55 -10.91 56  -9.91
ABUNDANCE CHANGE 57 -10.87 58 -10.46 59 -11.33 60 -10.54 61 -20.00 62 -11.03
ABUNDANCE CHANGE 63 -11.53 64 -10.92 65 -11.69 66 -10.90 67 -11.78 68 -11.11
ABUNDANCE CHANGE 69 -12.04 70 -10.96 71 -11.98 72 -11.16 73 -12.17 74 -10.93
ABUNDANCE CHANGE 75 -11.76 76 -10.59 77 -10.69 78 -10.24 79 -11.03 80 -10.91
ABUNDANCE CHANGE 81 -11.14 82 -10.09 83 -11.33 84 -20.00 85 -20.00 86 -20.00
ABUNDANCE CHANGE 87 -20.00 88 -20.00 89 -20.00 90 -11.95 91 -20.00 92 -12.54
ABUNDANCE CHANGE 93 -20.00 94 -20.00 95 -20.00 96 -20.00 97 -20.00 98 -20.00
ABUNDANCE CHANGE 99 -20.00
READ DECK6 72 RHOX,T,P,XNE,ABROSS,ACCRAD,VTURB, FLXCNV,VCONV,VELSND
1.52735727E-05   4397.4 1.522E-04 6.327E+06 8.725E-03 4.040E-02 2.000E+05 0.000E+00 0.000E+00 4.098E+07
2.07439332E-05   4397.4 2.067E-04 7.402E+06 7.531E-03 3.578E-02 2.000E+05 0.000E+00 0.000E+00 3.688E+07
2.92427641E-05   4398.6 2.914E-04 8.866E+06 6.422E-03 3.149E-02 2.000E+05 0.000E+00 0.000E+00 3.274E+07
4.26162575E-05   4400.3 4.248E-04 1.081E+07 5.404E-03 2.756E-02 2.000E+05 0.000E+00 6.366E+07 2.873E+07
6.40505017E-05   4403.5 6.386E-04 1.347E+07 4.516E-03 2.414E-02 2.000E+05 0.000E+00 5.291E+07 2.493E+07
9.82867979E-05   4408.5 9.802E-04 1.708E+07 3.769E-03 2.128E-02 2.000E+05 0.000E+00 4.022E+07 2.145E+07
1.52903271E-04   4415.5 1.525E-03 2.197E+07 3.158E-03 1.894E-02 2.000E+05 0.000E+00 2.979E+07 1.832E+07
2.39396716E-04   4425.5 2.389E-03 2.869E+07 2.673E-03 1.710E-02 2.000E+05 0.000E+00 2.176E+07 1.556E+07
3.74636052E-04   4438.7 3.739E-03 3.792E+07 2.297E-03 1.566E-02 2.000E+05 0.000E+00 1.564E+07 1.316E+07
5.82446928E-04   4455.8 5.814E-03 5.072E+07 2.013E-03 1.459E-02 2.000E+05 0.000E+00 1.121E+07 1.110E+07
8.94977241E-04   4477.2 8.935E-03 6.855E+07 1.804E-03 1.379E-02 2.000E+05 0.000E+00 7.964E+06 9.346E+06
1.35428291E-03   4502.5 1.352E-02 9.331E+07 1.655E-03 1.319E-02 2.000E+05 0.000E+00 5.607E+06 7.879E+06
2.01411921E-03   4531.7 2.011E-02 1.276E+08 1.553E-03 1.275E-02 2.000E+05 0.000E+00 3.902E+06 6.659E+06
2.94279682E-03   4563.8 2.939E-02 1.747E+08 1.483E-03 1.242E-02 2.000E+05 0.000E+00 2.643E+06 5.651E+06
4.23101435E-03   4597.4 4.225E-02 2.382E+08 1.433E-03 1.207E-02 2.000E+05 0.000E+00 1.730E+06 4.821E+06
5.99904010E-03   4632.3 5.991E-02 3.234E+08 1.399E-03 1.174E-02 2.000E+05 0.000E+00 1.088E+06 4.133E+06
8.40584026E-03   4667.7 8.395E-02 4.366E+08 1.375E-03 1.145E-02 2.000E+05 0.000E+00 1.382E+05 3.563E+06
1.16647909E-02   4703.4 1.165E-01 5.858E+08 1.356E-03 1.119E-02 2.000E+05 0.000E+00 6.197E+04 3.087E+06
1.60617852E-02   4739.0 1.604E-01 7.814E+08 1.343E-03 1.096E-02 2.000E+05 0.000E+00 2.546E+04 2.688E+06
2.19750252E-02   4774.8 2.195E-01 1.038E+09 1.333E-03 1.076E-02 2.000E+05 0.000E+00 8.124E+03 2.352E+06
2.99028972E-02   4810.5 2.987E-01 1.371E+09 1.328E-03 1.062E-02 2.000E+05 0.000E+00 2.246E+02 2.069E+06
4.04999186E-02   4846.1 4.045E-01 1.803E+09 1.327E-03 1.052E-02 2.000E+05 0.000E+00 0.000E+00 1.831E+06
5.46249423E-02   4881.4 5.456E-01 2.360E+09 1.329E-03 1.043E-02 2.000E+05 0.000E+00 0.000E+00 1.630E+06
7.34154477E-02   4915.9 7.334E-01 3.071E+09 1.333E-03 1.037E-02 2.000E+05 0.000E+00 0.000E+00 1.462E+06
9.83721170E-02   4949.4 9.827E-01 3.969E+09 1.340E-03 1.034E-02 2.000E+05 0.000E+00 0.000E+00 1.322E+06
1.31413153E-01   4982.6 1.313E+00 5.110E+09 1.353E-03 1.036E-02 2.000E+05 0.000E+00 0.000E+00 1.206E+06
1.74857874E-01   5016.3 1.747E+00 6.569E+09 1.379E-03 1.045E-02 2.000E+05 0.000E+00 0.000E+00 1.109E+06
2.31335431E-01   5051.8 2.311E+00 8.454E+09 1.424E-03 1.063E-02 2.000E+05 0.000E+00 0.000E+00 1.030E+06
3.03664955E-01   5089.6 3.033E+00 1.090E+10 1.494E-03 1.090E-02 2.000E+05 0.000E+00 0.000E+00 9.658E+05
3.94758719E-01   5129.8 3.943E+00 1.406E+10 1.595E-03 1.127E-02 2.000E+05 0.000E+00 0.000E+00 9.144E+05
5.07747998E-01   5171.5 5.072E+00 1.808E+10 1.725E-03 1.174E-02 2.000E+05 0.000E+00 0.000E+00 8.739E+05
6.46310215E-01   5213.5 6.456E+00 2.312E+10 1.885E-03 1.228E-02 2.000E+05 0.000E+00 0.000E+00 8.423E+05
8.15013195E-01   5253.8 8.141E+00 2.921E+10 2.066E-03 1.288E-02 2.000E+05 0.000E+00 0.000E+00 8.179E+05
1.02041891E+00   5290.4 1.019E+01 3.633E+10 2.260E-03 1.350E-02 2.000E+05 0.000E+00 0.000E+00 7.992E+05
1.27143118E+00   5322.7 1.270E+01 4.446E+10 2.461E-03 1.416E-02 2.000E+05 0.000E+00 0.000E+00 7.851E+05
1.57925963E+00   5351.4 1.577E+01 5.373E+10 2.673E-03 1.488E-02 2.000E+05 0.000E+00 0.000E+00 7.743E+05
1.95709271E+00   5377.7 1.955E+01 6.437E+10 2.906E-03 1.569E-02 2.000E+05 0.000E+00 0.000E+00 7.661E+05
2.42003473E+00   5402.6 2.417E+01 7.667E+10 3.168E-03 1.662E-02 2.000E+05 0.000E+00 0.000E+00 7.600E+05
2.98495420E+00   5427.0 2.981E+01 9.105E+10 3.470E-03 1.771E-02 2.000E+05 0.000E+00 0.000E+00 7.555E+05
3.67061737E+00   5451.6 3.665E+01 1.079E+11 3.824E-03 1.901E-02 2.000E+05 0.000E+00 0.000E+00 7.523E+05
4.49723439E+00   5477.3 4.490E+01 1.280E+11 4.246E-03 2.058E-02 2.000E+05 0.000E+00 0.000E+00 7.502E+05
5.48578576E+00   5505.0 5.476E+01 1.522E+11 4.754E-03 2.250E-02 2.000E+05 0.000E+00 0.000E+00 7.488E+05
6.65700266E+00   5535.9 6.645E+01 1.819E+11 5.379E-03 2.488E-02 2.000E+05 0.000E+00 0.000E+00 7.481E+05
8.02927112E+00   5571.0 8.014E+01 2.189E+11 6.158E-03 2.787E-02 2.000E+05 0.000E+00 0.000E+00 7.479E+05
9.61639302E+00   5611.9 9.596E+01 2.661E+11 7.151E-03 3.171E-02 2.000E+05 0.000E+00 0.000E+00 7.480E+05
1.14240534E+01   5660.2 1.140E+02 3.276E+11 8.443E-03 3.675E-02 2.000E+05 0.000E+00 0.000E+00 7.483E+05
1.34458205E+01   5718.1 1.341E+02 4.101E+11 1.017E-02 4.352E-02 2.000E+05 0.000E+00 0.000E+00 7.486E+05
1.56591301E+01   5787.5 1.561E+02 5.236E+11 1.253E-02 5.286E-02 2.000E+05 0.000E+00 0.000E+00 7.489E+05
1.80217083E+01   5871.4 1.796E+02 6.846E+11 1.588E-02 6.616E-02 2.000E+05 0.000E+00 0.000E+00 7.490E+05
2.04699312E+01   5972.5 2.039E+02 9.192E+11 2.076E-02 8.576E-02 2.000E+05 0.000E+00 0.000E+00 7.488E+05
2.29208895E+01   6094.6 2.282E+02 1.272E+12 2.820E-02 1.159E-01 2.000E+05 1.076E-06 0.000E+00 7.484E+05
2.52749589E+01   6242.2 2.514E+02 1.821E+12 4.008E-02 1.647E-01 2.000E+05 8.215E-05 1.844E+01 7.479E+05
2.74248617E+01   6420.9 2.725E+02 2.708E+12 6.020E-02 2.489E-01 2.000E+05 4.420E-03 7.325E+01 7.479E+05
2.92702669E+01   6637.8 2.903E+02 4.191E+12 9.683E-02 4.050E-01 2.000E+05 3.686E-01 2.593E+02 7.497E+05
3.07372632E+01   6900.6 3.042E+02 6.755E+12 1.692E-01 7.180E-01 2.000E+05 5.332E+01 1.068E+03 7.554E+05
3.18063226E+01   7213.8 3.138E+02 1.122E+13 3.223E-01 1.387E+00 2.000E+05 1.257E+04 5.302E+03 7.678E+05
3.25211190E+01   7580.7 3.195E+02 1.888E+13 6.655E-01 2.880E+00 2.000E+05 8.391E+05 3.136E+04 7.906E+05
3.29698223E+01   8001.1 3.221E+02 3.133E+13 1.438E+00 6.210E+00 2.000E+05 7.764E+06 1.240E+05 8.286E+05
3.32462140E+01   8478.9 3.224E+02 4.969E+13 3.070E+00 1.272E+01 2.000E+05 1.877E+08 2.476E+05 8.893E+05
3.34309627E+01   8963.2 3.212E+02 6.976E+13 5.532E+00 2.027E+01 2.000E+05 8.361E+08 7.995E+05 9.708E+05
3.35896710E+01   9404.4 3.191E+02 8.483E+13 7.759E+00 2.533E+01 2.000E+05 1.456E+09 1.208E+06 1.057E+06
3.37560964E+01   9885.1 3.161E+02 9.425E+13 8.916E+00 3.056E+01 2.000E+05 1.134E+09 1.169E+06 1.152E+06
3.39758729E+01  10541.4 3.115E+02 9.658E+13 8.053E+00 3.057E+01 2.000E+05 3.464E+08 4.750E+05 1.275E+06
3.43332441E+01  11281.5 3.055E+02 9.208E+13 5.944E+00 2.335E+01 2.000E+05 1.331E+07 1.355E+05 1.429E+06
3.50198744E+01  12107.0 2.992E+02 8.519E+13 3.993E+00 1.570E+01 2.000E+05 1.738E+05 3.243E+04 1.593E+06
3.63798999E+01  12976.4 2.953E+02 7.893E+13 2.718E+00 1.066E+01 2.000E+05 1.854E+03 1.301E+04 1.688E+06
3.89813805E+01  13935.8 2.981E+02 7.483E+13 1.952E+00 7.656E+00 2.000E+05 1.563E+02 8.161E+03 1.736E+06
4.35766561E+01  14948.8 3.131E+02 7.435E+13 1.545E+00 6.036E+00 2.000E+05 4.026E+01 5.251E+03 1.849E+06
5.11068851E+01  16060.4 3.472E+02 7.765E+13 1.289E+00 5.033E+00 2.000E+05 8.245E+00 2.522E+03 2.053E+06
6.28367982E+01  17239.1 4.096E+02 8.574E+13 1.130E+00 4.403E+00 2.000E+05 8.009E-01 1.099E+03 2.238E+06
8.02747752E+01  18523.3 5.109E+02 9.967E+13 1.035E+00 4.032E+00 2.000E+05 9.760E-02 3.395E+02 2.372E+06
1.05014505E+02  19891.9 6.612E+02 1.202E+14 9.873E-01 3.818E+00 2.000E+05 1.317E-01 8.481E+02 2.478E+06
PRADK 2.7844E+00
BEGIN                    ITERATION  15 COMPLETED
