TEFF   9500.  GRAVITY 2.00000 LTE
TITLE  [-2.5] N(He)/Ntot=0.0784 VTURB=2  L/H=1.25 NOVER
OPACITY IFOP 1 1 1 1 1 1 1 1 1 1 1 1 1 0 1 0 0 0 0 0
CONVECTION ON   1.25 TURBULENCE OFF  0.00  0.00  0.00  0.00
ABUNDANCE SCALE   0.00316 ABUNDANCE CHANGE 1 0.92160 2 0.07840
ABUNDANCE CHANGE  3 -10.94  4 -10.64  5  -9.49  6  -3.52  7  -4.12  8  -3.21
ABUNDANCE CHANGE  9  -7.48 10  -3.96 11  -5.71 12  -4.46 13  -5.57 14  -4.49
ABUNDANCE CHANGE 15  -6.59 16  -4.71 17  -6.54 18  -5.64 19  -6.92 20  -5.68
ABUNDANCE CHANGE 21  -8.87 22  -7.02 23  -8.04 24  -6.37 25  -6.65 26  -4.54
ABUNDANCE CHANGE 27  -7.12 28  -5.79 29  -7.83 30  -7.44 31  -9.16 32  -8.63
ABUNDANCE CHANGE 33  -9.67 34  -8.63 35  -9.41 36  -8.73 37  -9.44 38  -9.07
ABUNDANCE CHANGE 39  -9.80 40  -9.44 41 -10.62 42 -10.12 43 -20.00 44 -10.20
ABUNDANCE CHANGE 45 -10.92 46 -10.35 47 -11.10 48 -10.27 49 -10.38 50 -10.04
ABUNDANCE CHANGE 51 -11.04 52  -9.80 53 -10.53 54  -9.87 55 -10.91 56  -9.91
ABUNDANCE CHANGE 57 -10.87 58 -10.46 59 -11.33 60 -10.54 61 -20.00 62 -11.03
ABUNDANCE CHANGE 63 -11.53 64 -10.92 65 -11.69 66 -10.90 67 -11.78 68 -11.11
ABUNDANCE CHANGE 69 -12.04 70 -10.96 71 -11.98 72 -11.16 73 -12.17 74 -10.93
ABUNDANCE CHANGE 75 -11.76 76 -10.59 77 -10.69 78 -10.24 79 -11.03 80 -10.91
ABUNDANCE CHANGE 81 -11.14 82 -10.09 83 -11.33 84 -20.00 85 -20.00 86 -20.00
ABUNDANCE CHANGE 87 -20.00 88 -20.00 89 -20.00 90 -11.95 91 -20.00 92 -12.54
ABUNDANCE CHANGE 93 -20.00 94 -20.00 95 -20.00 96 -20.00 97 -20.00 98 -20.00
ABUNDANCE CHANGE 99 -20.00
READ DECK6 72 RHOX,T,P,XNE,ABROSS,ACCRAD,VTURB, FLXCNV,VCONV,VELSND
4.47047672E-07   6503.1 4.264E-05 2.277E+07 2.982E-01 4.640E+00 2.000E+05 0.000E+00 0.000E+00 1.696E+09
5.96160003E-07   6503.1 5.686E-05 3.036E+07 2.982E-01 4.640E+00 2.000E+05 0.000E+00 0.000E+00 9.668E+08
7.95040188E-07   6503.1 7.583E-05 4.048E+07 2.981E-01 4.640E+00 2.000E+05 0.000E+00 0.000E+00 6.906E+08
1.06031289E-06   6503.1 1.011E-04 5.398E+07 2.980E-01 4.640E+00 2.000E+05 0.000E+00 9.456E+06 5.286E+08
1.41411540E-06   6503.1 1.349E-04 7.197E+07 2.980E-01 4.652E+00 2.000E+05 0.000E+00 3.940E+06 4.169E+08
1.88603143E-06   6503.2 1.799E-04 9.595E+07 2.979E-01 4.668E+00 2.000E+05 0.000E+00 1.127E+06 3.334E+08
2.51555593E-06   6503.2 2.399E-04 1.279E+08 2.979E-01 4.686E+00 2.000E+05 0.000E+00 1.499E+05 2.681E+08
3.35543566E-06   6503.2 3.199E-04 1.705E+08 2.977E-01 4.708E+00 2.000E+05 0.000E+00 4.105E+08 2.157E+08
4.47606015E-06   6510.8 4.267E-04 2.269E+08 2.975E-01 4.726E+00 2.000E+05 0.000E+00 6.133E+08 1.745E+08
5.97153073E-06   6524.3 5.692E-04 3.018E+08 2.973E-01 4.743E+00 2.000E+05 0.000E+00 5.801E+08 1.419E+08
7.96725387E-06   6543.5 7.593E-04 4.011E+08 2.971E-01 4.760E+00 2.000E+05 0.000E+00 4.727E+08 1.160E+08
1.06307391E-05   6564.7 1.013E-03 5.328E+08 2.968E-01 4.778E+00 2.000E+05 0.000E+00 3.423E+08 9.498E+07
1.41861395E-05   6586.1 1.351E-03 7.076E+08 2.965E-01 4.785E+00 2.000E+05 0.000E+00 2.333E+08 7.775E+07
1.89335969E-05   6606.6 1.803E-03 9.398E+08 2.960E-01 4.793E+00 2.000E+05 0.000E+00 1.485E+08 6.354E+07
2.52754298E-05   6624.4 2.407E-03 1.248E+09 2.954E-01 4.799E+00 2.000E+05 0.000E+00 8.500E+07 5.174E+07
3.37533292E-05   6637.6 3.214E-03 1.659E+09 2.946E-01 4.809E+00 2.000E+05 0.000E+00 4.841E+07 4.189E+07
4.50967813E-05   6650.5 4.294E-03 2.204E+09 2.935E-01 4.809E+00 2.000E+05 0.000E+00 2.936E+07 3.395E+07
6.02915602E-05   6660.4 5.740E-03 2.927E+09 2.919E-01 4.813E+00 2.000E+05 0.000E+00 1.717E+07 2.748E+07
8.06728089E-05   6670.2 7.680E-03 3.887E+09 2.900E-01 4.819E+00 2.000E+05 0.000E+00 9.701E+06 2.231E+07
1.08064948E-04   6675.9 1.029E-02 5.158E+09 2.874E-01 4.826E+00 2.000E+05 0.000E+00 9.305E+06 1.811E+07
1.44913427E-04   6693.6 1.379E-02 6.839E+09 2.850E-01 4.826E+00 2.000E+05 0.000E+00 8.903E+06 1.495E+07
1.94549032E-04   6705.5 1.852E-02 9.056E+09 2.817E-01 4.825E+00 2.000E+05 0.000E+00 2.819E+06 1.233E+07
2.61481654E-04   6726.8 2.489E-02 1.198E+10 2.787E-01 4.832E+00 2.000E+05 0.000E+00 2.018E+06 1.029E+07
3.51873892E-04   6741.9 3.349E-02 1.582E+10 2.746E-01 4.838E+00 2.000E+05 0.000E+00 1.543E+06 8.573E+06
4.73823768E-04   6773.7 4.509E-02 2.090E+10 2.724E-01 4.857E+00 2.000E+05 0.000E+00 1.232E+06 7.256E+06
6.38121807E-04   6799.2 6.072E-02 2.752E+10 2.691E-01 4.878E+00 2.000E+05 0.000E+00 7.340E+05 6.129E+06
8.59503768E-04   6832.2 8.178E-02 3.620E+10 2.670E-01 4.923E+00 2.000E+05 0.000E+00 5.320E+05 5.221E+06
1.15649577E-03   6869.4 1.100E-01 4.751E+10 2.659E-01 4.984E+00 2.000E+05 0.000E+00 3.814E+05 4.473E+06
1.55178159E-03   6918.3 1.475E-01 6.233E+10 2.678E-01 5.071E+00 2.000E+05 0.000E+00 2.536E+05 3.874E+06
2.07410844E-03   6968.4 1.971E-01 8.142E+10 2.708E-01 5.179E+00 2.000E+05 0.000E+00 1.492E+05 3.374E+06
2.75991007E-03   7023.0 2.621E-01 1.060E+11 2.761E-01 5.316E+00 2.000E+05 0.000E+00 8.631E+04 2.962E+06
3.65501780E-03   7077.7 3.468E-01 1.373E+11 2.827E-01 5.469E+00 2.000E+05 0.000E+00 5.022E+04 2.616E+06
4.81505378E-03   7139.1 4.563E-01 1.773E+11 2.923E-01 5.638E+00 2.000E+05 0.000E+00 2.322E+04 2.334E+06
6.32044830E-03   7180.0 5.982E-01 2.259E+11 2.981E-01 5.812E+00 2.000E+05 0.000E+00 6.349E+03 2.078E+06
8.29274186E-03   7213.6 7.838E-01 2.861E+11 3.029E-01 6.024E+00 2.000E+05 0.000E+00 7.119E+02 1.857E+06
1.08880552E-02   7240.2 1.027E+00 3.601E+11 3.065E-01 6.268E+00 2.000E+05 0.000E+00 0.000E+00 1.668E+06
1.42936638E-02   7272.3 1.346E+00 4.532E+11 3.128E-01 6.562E+00 2.000E+05 0.000E+00 0.000E+00 1.513E+06
1.87367786E-02   7303.5 1.760E+00 5.677E+11 3.202E-01 6.898E+00 2.000E+05 0.000E+00 0.000E+00 1.386E+06
2.44970162E-02   7338.9 2.296E+00 7.097E+11 3.310E-01 7.304E+00 2.000E+05 0.000E+00 0.000E+00 1.283E+06
3.18951597E-02   7377.0 2.980E+00 8.840E+11 3.452E-01 7.782E+00 2.000E+05 0.000E+00 0.000E+00 1.202E+06
4.12686728E-02   7424.7 3.841E+00 1.101E+12 3.666E-01 8.371E+00 2.000E+05 0.000E+00 0.000E+00 1.140E+06
5.29584085E-02   7477.8 4.908E+00 1.368E+12 3.946E-01 9.077E+00 2.000E+05 0.000E+00 0.000E+00 1.092E+06
6.73266520E-02   7538.2 6.208E+00 1.694E+12 4.315E-01 9.955E+00 2.000E+05 0.000E+00 0.000E+00 1.058E+06
8.46857005E-02   7608.3 7.762E+00 2.094E+12 4.806E-01 1.105E+01 2.000E+05 8.127E-07 0.000E+00 1.034E+06
1.05254286E-01   7691.7 9.577E+00 2.586E+12 5.463E-01 1.243E+01 2.000E+05 1.222E-05 4.631E+01 1.021E+06
1.29134504E-01   7789.9 1.165E+01 3.190E+12 6.336E-01 1.417E+01 2.000E+05 5.632E-05 1.015E+02 1.018E+06
1.56322846E-01   7905.4 1.395E+01 3.924E+12 7.489E-01 1.637E+01 2.000E+05 1.457E-04 1.416E+02 1.023E+06
1.86747109E-01   8041.0 1.646E+01 4.804E+12 8.986E-01 1.911E+01 2.000E+05 2.546E-04 1.686E+02 1.038E+06
2.20396316E-01   8200.6 1.912E+01 5.841E+12 1.086E+00 2.232E+01 2.000E+05 3.202E-04 1.790E+02 1.063E+06
2.57601004E-01   8385.6 2.195E+01 7.024E+12 1.305E+00 2.578E+01 2.000E+05 2.961E-04 1.702E+02 1.098E+06
2.99243983E-01   8597.8 2.496E+01 8.325E+12 1.541E+00 2.927E+01 2.000E+05 2.030E-04 1.466E+02 1.143E+06
3.46971432E-01   8841.5 2.827E+01 9.715E+12 1.763E+00 3.213E+01 2.000E+05 1.022E-04 1.130E+02 1.199E+06
4.03766068E-01   9119.3 3.207E+01 1.119E+13 1.936E+00 3.389E+01 2.000E+05 3.687E-05 7.692E+01 1.269E+06
4.74211038E-01   9435.6 3.670E+01 1.279E+13 2.042E+00 3.446E+01 2.000E+05 9.363E-06 4.646E+01 1.356E+06
5.65029978E-01   9794.7 4.267E+01 1.464E+13 2.078E+00 3.397E+01 2.000E+05 1.669E-06 2.438E+01 1.460E+06
6.85753833E-01  10202.8 5.070E+01 1.693E+13 2.060E+00 3.288E+01 2.000E+05 1.915E-07 9.093E+00 1.570E+06
8.49870359E-01  10667.6 6.184E+01 1.990E+13 2.004E+00 3.145E+01 2.000E+05 8.748E-09 0.000E+00 1.667E+06
1.07618705E+00  11196.3 7.752E+01 2.389E+13 1.926E+00 3.002E+01 2.000E+05 0.000E+00 0.000E+00 1.739E+06
1.39211760E+00  11802.0 9.987E+01 2.928E+13 1.831E+00 2.854E+01 2.000E+05 0.000E+00 0.000E+00 1.786E+06
1.83642058E+00  12488.4 1.320E+02 3.666E+13 1.735E+00 2.713E+01 2.000E+05 0.000E+00 0.000E+00 1.805E+06
2.46061158E+00  13264.5 1.779E+02 4.672E+13 1.652E+00 2.593E+01 2.000E+05 0.000E+00 0.000E+00 1.798E+06
3.32867179E+00  14125.6 2.426E+02 6.036E+13 1.595E+00 2.496E+01 2.000E+05 2.902E-09 0.000E+00 1.799E+06
4.51653095E+00  15066.3 3.321E+02 7.835E+13 1.564E+00 2.433E+01 2.000E+05 5.805E-09 3.890E+00 1.855E+06
6.13495868E+00  16092.2 4.552E+02 1.014E+14 1.528E+00 2.364E+01 2.000E+05 2.902E-09 0.000E+00 1.966E+06
8.34882432E+00  17204.2 6.251E+02 1.309E+14 1.487E+00 2.290E+01 2.000E+05 0.000E+00 0.000E+00 2.085E+06
1.13800551E+01  18411.5 8.598E+02 1.686E+14 1.451E+00 2.230E+01 2.000E+05 0.000E+00 0.000E+00 2.185E+06
1.55006222E+01  19719.9 1.181E+03 2.164E+14 1.431E+00 2.194E+01 2.000E+05 0.000E+00 0.000E+00 2.270E+06
2.10438457E+01  21137.4 1.614E+03 2.760E+14 1.425E+00 2.182E+01 2.000E+05 0.000E+00 0.000E+00 2.349E+06
2.84165703E+01  22670.6 2.190E+03 3.492E+14 1.438E+00 2.198E+01 2.000E+05 0.000E+00 0.000E+00 2.429E+06
3.81079640E+01  24326.8 2.944E+03 4.376E+14 1.467E+00 2.239E+01 2.000E+05 0.000E+00 0.000E+00 2.514E+06
5.06896686E+01  26114.0 3.916E+03 5.423E+14 1.516E+00 2.307E+01 2.000E+05 0.000E+00 0.000E+00 2.603E+06
6.68162207E+01  28037.5 5.159E+03 6.654E+14 1.586E+00 2.280E+01 2.000E+05 0.000E+00 0.000E+00 2.693E+06
PRADK 1.0965E+01
BEGIN                    ITERATION  15 COMPLETED
