TEFF   4500.  GRAVITY 0.50000 LTE
TITLE  [-2.5] N(He)/Ntot=0.0784 VTURB=2  L/H=1.25 NOVER
OPACITY IFOP 1 1 1 1 1 1 1 1 1 1 1 1 1 0 1 0 0 0 0 0
CONVECTION ON   1.25 TURBULENCE OFF  0.00  0.00  0.00  0.00
ABUNDANCE SCALE   0.00316 ABUNDANCE CHANGE 1 0.92160 2 0.07840
ABUNDANCE CHANGE  3 -10.94  4 -10.64  5  -9.49  6  -3.52  7  -4.12  8  -3.21
ABUNDANCE CHANGE  9  -7.48 10  -3.96 11  -5.71 12  -4.46 13  -5.57 14  -4.49
ABUNDANCE CHANGE 15  -6.59 16  -4.71 17  -6.54 18  -5.64 19  -6.92 20  -5.68
ABUNDANCE CHANGE 21  -8.87 22  -7.02 23  -8.04 24  -6.37 25  -6.65 26  -4.54
ABUNDANCE CHANGE 27  -7.12 28  -5.79 29  -7.83 30  -7.44 31  -9.16 32  -8.63
ABUNDANCE CHANGE 33  -9.67 34  -8.63 35  -9.41 36  -8.73 37  -9.44 38  -9.07
ABUNDANCE CHANGE 39  -9.80 40  -9.44 41 -10.62 42 -10.12 43 -20.00 44 -10.20
ABUNDANCE CHANGE 45 -10.92 46 -10.35 47 -11.10 48 -10.27 49 -10.38 50 -10.04
ABUNDANCE CHANGE 51 -11.04 52  -9.80 53 -10.53 54  -9.87 55 -10.91 56  -9.91
ABUNDANCE CHANGE 57 -10.87 58 -10.46 59 -11.33 60 -10.54 61 -20.00 62 -11.03
ABUNDANCE CHANGE 63 -11.53 64 -10.92 65 -11.69 66 -10.90 67 -11.78 68 -11.11
ABUNDANCE CHANGE 69 -12.04 70 -10.96 71 -11.98 72 -11.16 73 -12.17 74 -10.93
ABUNDANCE CHANGE 75 -11.76 76 -10.59 77 -10.69 78 -10.24 79 -11.03 80 -10.91
ABUNDANCE CHANGE 81 -11.14 82 -10.09 83 -11.33 84 -20.00 85 -20.00 86 -20.00
ABUNDANCE CHANGE 87 -20.00 88 -20.00 89 -20.00 90 -11.95 91 -20.00 92 -12.54
ABUNDANCE CHANGE 93 -20.00 94 -20.00 95 -20.00 96 -20.00 97 -20.00 98 -20.00
ABUNDANCE CHANGE 99 -20.00
READ DECK6 72 RHOX,T,P,XNE,ABROSS,ACCRAD,VTURB, FLXCNV,VCONV,VELSND
6.72232360E-02   2573.7 2.126E-01 1.278E+05 1.984E-06 1.451E-04 2.000E+05 0.000E+00 0.000E+00 1.188E+06
8.92217547E-02   2597.2 2.821E-01 1.700E+05 2.060E-06 1.454E-04 2.000E+05 0.000E+00 0.000E+00 1.068E+06
1.17464331E-01   2619.9 3.714E-01 2.241E+05 2.140E-06 1.457E-04 2.000E+05 0.000E+00 0.000E+00 9.702E+05
1.53640064E-01   2643.5 4.858E-01 2.941E+05 2.232E-06 1.452E-04 2.000E+05 0.000E+00 0.000E+00 8.903E+05
1.99791629E-01   2668.2 6.318E-01 3.844E+05 2.336E-06 1.445E-04 2.000E+05 0.000E+00 0.000E+00 8.256E+05
2.58506586E-01   2695.0 8.174E-01 5.019E+05 2.452E-06 1.440E-04 2.000E+05 0.000E+00 0.000E+00 7.737E+05
3.32955614E-01   2724.0 1.053E+00 6.545E+05 2.584E-06 1.436E-04 2.000E+05 0.000E+00 0.000E+00 7.323E+05
4.26956269E-01   2755.6 1.350E+00 8.524E+05 2.736E-06 1.430E-04 2.000E+05 0.000E+00 0.000E+00 6.996E+05
5.44964736E-01   2790.2 1.723E+00 1.108E+06 2.914E-06 1.408E-04 2.000E+05 0.000E+00 0.000E+00 6.744E+05
6.92570480E-01   2825.8 2.190E+00 1.434E+06 3.108E-06 1.392E-04 2.000E+05 0.000E+00 0.000E+00 6.549E+05
8.77028838E-01   2862.9 2.773E+00 1.847E+06 3.322E-06 1.383E-04 2.000E+05 0.000E+00 0.000E+00 6.399E+05
1.10619724E+00   2908.0 3.498E+00 2.382E+06 3.581E-06 1.357E-04 2.000E+05 0.000E+00 0.000E+00 6.298E+05
1.38947666E+00   2953.3 4.393E+00 3.047E+06 3.863E-06 1.324E-04 2.000E+05 0.000E+00 0.000E+00 6.225E+05
1.73895603E+00   3001.2 5.498E+00 3.872E+06 4.177E-06 1.300E-04 2.000E+05 0.000E+00 0.000E+00 6.178E+05
2.17161775E+00   3051.1 6.862E+00 4.895E+06 4.511E-06 1.266E-04 2.000E+05 0.000E+00 0.000E+00 6.150E+05
2.70254828E+00   3101.4 8.546E+00 6.163E+06 4.877E-06 1.234E-04 2.000E+05 0.000E+00 0.000E+00 6.137E+05
3.35874849E+00   3151.1 1.062E+01 7.748E+06 5.287E-06 1.211E-04 2.000E+05 0.000E+00 0.000E+00 6.134E+05
4.16780224E+00   3200.6 1.317E+01 9.772E+06 5.717E-06 1.182E-04 2.000E+05 0.000E+00 0.000E+00 6.140E+05
5.15883883E+00   3248.3 1.632E+01 1.240E+07 6.204E-06 1.161E-04 2.000E+05 0.000E+00 0.000E+00 6.151E+05
6.37884777E+00   3290.2 2.018E+01 1.578E+07 6.747E-06 1.149E-04 2.000E+05 0.000E+00 0.000E+00 6.162E+05
7.87452550E+00   3329.1 2.491E+01 2.015E+07 7.350E-06 1.141E-04 2.000E+05 0.000E+00 0.000E+00 6.174E+05
9.69984591E+00   3369.3 3.068E+01 2.600E+07 8.054E-06 1.134E-04 2.000E+05 0.000E+00 0.000E+00 6.192E+05
1.19216531E+01   3404.3 3.770E+01 3.338E+07 8.824E-06 1.132E-04 2.000E+05 0.000E+00 0.000E+00 6.208E+05
1.46161806E+01   3439.9 4.622E+01 4.311E+07 9.735E-06 1.131E-04 2.000E+05 0.000E+00 0.000E+00 6.228E+05
1.78851151E+01   3467.2 5.656E+01 5.451E+07 1.067E-05 1.138E-04 2.000E+05 0.000E+00 0.000E+00 6.241E+05
2.17855222E+01   3521.1 6.889E+01 7.533E+07 1.214E-05 1.118E-04 2.000E+05 0.000E+00 0.000E+00 6.282E+05
2.64580176E+01   3542.1 8.367E+01 9.330E+07 1.325E-05 1.118E-04 2.000E+05 0.000E+00 0.000E+00 6.292E+05
3.20351530E+01   3582.5 1.013E+02 1.237E+08 1.512E-05 1.118E-04 2.000E+05 0.000E+00 0.000E+00 6.322E+05
3.86856890E+01   3599.6 1.223E+02 1.505E+08 1.658E-05 1.125E-04 2.000E+05 0.000E+00 0.000E+00 6.331E+05
4.66434182E+01   3629.1 1.475E+02 1.914E+08 1.879E-05 1.135E-04 2.000E+05 0.000E+00 0.000E+00 6.351E+05
5.61707596E+01   3640.6 1.776E+02 2.266E+08 2.056E-05 1.150E-04 2.000E+05 0.000E+00 0.000E+00 6.354E+05
6.77182503E+01   3655.1 2.141E+02 2.714E+08 2.277E-05 1.171E-04 2.000E+05 0.000E+00 0.000E+00 6.360E+05
8.15744642E+01   3669.7 2.580E+02 3.250E+08 2.535E-05 1.196E-04 2.000E+05 0.000E+00 0.000E+00 6.367E+05
9.81226067E+01   3685.2 3.103E+02 3.899E+08 2.840E-05 1.226E-04 2.000E+05 0.000E+00 0.000E+00 6.374E+05
1.17764921E+02   3701.2 3.724E+02 4.676E+08 3.198E-05 1.261E-04 2.000E+05 0.000E+00 0.000E+00 6.381E+05
1.40952032E+02   3718.2 4.457E+02 5.618E+08 3.625E-05 1.304E-04 2.000E+05 0.000E+00 0.000E+00 6.389E+05
1.68141878E+02   3736.3 5.317E+02 6.763E+08 4.135E-05 1.354E-04 2.000E+05 0.000E+00 0.000E+00 6.399E+05
1.99806894E+02   3756.1 6.318E+02 8.164E+08 4.753E-05 1.416E-04 2.000E+05 0.000E+00 0.000E+00 6.410E+05
2.36390476E+02   3777.8 7.475E+02 9.898E+08 5.508E-05 1.491E-04 2.000E+05 0.000E+00 0.000E+00 6.423E+05
2.78336306E+02   3801.2 8.801E+02 1.204E+09 6.429E-05 1.582E-04 2.000E+05 0.000E+00 0.000E+00 6.438E+05
3.26024075E+02   3827.7 1.031E+03 1.477E+09 7.570E-05 1.686E-04 2.000E+05 0.000E+00 0.000E+00 6.458E+05
3.79996570E+02   3854.4 1.202E+03 1.808E+09 8.926E-05 1.810E-04 2.000E+05 0.000E+00 0.000E+00 6.477E+05
4.40775562E+02   3883.6 1.394E+03 2.228E+09 1.062E-04 1.966E-04 2.000E+05 0.000E+00 0.000E+00 6.499E+05
5.08490115E+02   3916.0 1.608E+03 2.773E+09 1.279E-04 2.164E-04 2.000E+05 0.000E+00 0.000E+00 6.526E+05
5.83002266E+02   3952.2 1.844E+03 3.494E+09 1.561E-04 2.420E-04 2.000E+05 0.000E+00 0.000E+00 6.557E+05
6.63768328E+02   3993.3 2.099E+03 4.476E+09 1.936E-04 2.757E-04 2.000E+05 0.000E+00 0.000E+00 6.593E+05
7.49723373E+02   4040.2 2.371E+03 5.849E+09 2.451E-04 3.212E-04 2.000E+05 0.000E+00 0.000E+00 6.637E+05
8.39321014E+02   4093.8 2.654E+03 7.823E+09 3.170E-04 3.835E-04 2.000E+05 0.000E+00 0.000E+00 6.687E+05
9.30607005E+02   4155.3 2.943E+03 1.075E+10 4.200E-04 4.708E-04 2.000E+05 0.000E+00 0.000E+00 6.745E+05
1.02125163E+03   4226.1 3.229E+03 1.523E+10 5.719E-04 5.967E-04 2.000E+05 0.000E+00 0.000E+00 6.811E+05
1.10873779E+03   4308.0 3.506E+03 2.234E+10 8.020E-04 7.830E-04 2.000E+05 0.000E+00 0.000E+00 6.886E+05
1.19065032E+03   4402.8 3.765E+03 3.406E+10 1.160E-03 1.067E-03 2.000E+05 2.407E-01 0.000E+00 6.970E+05
1.26485413E+03   4513.0 3.999E+03 5.415E+10 1.737E-03 1.518E-03 2.000E+05 1.691E+01 4.825E+02 7.065E+05
1.33000860E+03   4640.2 4.205E+03 8.964E+10 2.675E-03 2.237E-03 2.000E+05 4.360E+02 1.959E+03 7.169E+05
1.38567592E+03   4787.0 4.381E+03 1.546E+11 4.233E-03 3.415E-03 2.000E+05 8.519E+03 5.675E+03 7.283E+05
1.43179791E+03   4957.3 4.527E+03 2.783E+11 6.929E-03 5.454E-03 2.000E+05 1.286E+05 1.518E+04 7.407E+05
1.46869416E+03   5156.3 4.643E+03 5.253E+11 1.175E-02 9.095E-03 2.000E+05 8.438E+05 3.724E+04 7.542E+05
1.49715991E+03   5388.8 4.733E+03 1.037E+12 2.069E-02 1.587E-02 2.000E+05 4.047E+06 6.565E+04 7.682E+05
1.51819022E+03   5663.2 4.799E+03 2.147E+12 3.819E-02 2.901E-02 2.000E+05 2.140E+07 1.083E+05 7.816E+05
1.53302215E+03   5978.2 4.845E+03 4.555E+12 7.316E-02 5.236E-02 2.000E+05 1.351E+08 1.924E+05 7.919E+05
1.54356198E+03   6287.1 4.878E+03 8.846E+12 1.330E-01 7.820E-02 2.000E+05 4.441E+08 3.566E+05 7.967E+05
1.55181323E+03   6541.1 4.903E+03 1.457E+13 2.126E-01 8.790E-02 2.000E+05 8.596E+08 4.562E+05 7.973E+05
1.55910105E+03   6742.7 4.926E+03 2.108E+13 3.054E-01 8.345E-02 2.000E+05 1.194E+09 4.951E+05 7.968E+05
1.56610175E+03   6912.4 4.947E+03 2.828E+13 4.118E-01 7.724E-02 2.000E+05 1.402E+09 5.084E+05 7.963E+05
1.57317101E+03   7062.0 4.969E+03 3.624E+13 5.342E-01 7.147E-02 2.000E+05 1.531E+09 5.119E+05 7.961E+05
1.58052944E+03   7199.9 4.992E+03 4.512E+13 6.771E-01 6.689E-02 2.000E+05 1.614E+09 5.100E+05 7.965E+05
1.58834018E+03   7329.3 5.016E+03 5.502E+13 8.442E-01 6.271E-02 2.000E+05 1.673E+09 5.050E+05 7.974E+05
1.59674078E+03   7453.8 5.042E+03 6.614E+13 1.042E+00 5.918E-02 2.000E+05 1.715E+09 5.004E+05 7.989E+05
1.60584215E+03   7575.8 5.070E+03 7.875E+13 1.279E+00 5.565E-02 2.000E+05 1.746E+09 4.917E+05 8.011E+05
1.61578589E+03   7693.5 5.101E+03 9.270E+13 1.554E+00 5.285E-02 2.000E+05 1.770E+09 4.878E+05 8.037E+05
1.62666057E+03   7815.0 5.135E+03 1.091E+14 1.897E+00 4.997E-02 2.000E+05 1.786E+09 4.769E+05 8.071E+05
1.63863384E+03   7928.3 5.172E+03 1.264E+14 2.281E+00 5.096E-02 2.000E+05 1.799E+09 4.736E+05 8.108E+05
PRADK 5.4293E-01
BEGIN                    ITERATION  15 COMPLETED
