TEFF   4250.  GRAVITY 1.50000 LTE
TITLE  [-2.5] N(He)/Ntot=0.0784 VTURB=2  L/H=1.25 NOVER
OPACITY IFOP 1 1 1 1 1 1 1 1 1 1 1 1 1 0 1 0 0 0 0 0
CONVECTION ON   1.25 TURBULENCE OFF  0.00  0.00  0.00  0.00
ABUNDANCE SCALE   0.00316 ABUNDANCE CHANGE 1 0.92160 2 0.07840
ABUNDANCE CHANGE  3 -10.94  4 -10.64  5  -9.49  6  -3.52  7  -4.12  8  -3.21
ABUNDANCE CHANGE  9  -7.48 10  -3.96 11  -5.71 12  -4.46 13  -5.57 14  -4.49
ABUNDANCE CHANGE 15  -6.59 16  -4.71 17  -6.54 18  -5.64 19  -6.92 20  -5.68
ABUNDANCE CHANGE 21  -8.87 22  -7.02 23  -8.04 24  -6.37 25  -6.65 26  -4.54
ABUNDANCE CHANGE 27  -7.12 28  -5.79 29  -7.83 30  -7.44 31  -9.16 32  -8.63
ABUNDANCE CHANGE 33  -9.67 34  -8.63 35  -9.41 36  -8.73 37  -9.44 38  -9.07
ABUNDANCE CHANGE 39  -9.80 40  -9.44 41 -10.62 42 -10.12 43 -20.00 44 -10.20
ABUNDANCE CHANGE 45 -10.92 46 -10.35 47 -11.10 48 -10.27 49 -10.38 50 -10.04
ABUNDANCE CHANGE 51 -11.04 52  -9.80 53 -10.53 54  -9.87 55 -10.91 56  -9.91
ABUNDANCE CHANGE 57 -10.87 58 -10.46 59 -11.33 60 -10.54 61 -20.00 62 -11.03
ABUNDANCE CHANGE 63 -11.53 64 -10.92 65 -11.69 66 -10.90 67 -11.78 68 -11.11
ABUNDANCE CHANGE 69 -12.04 70 -10.96 71 -11.98 72 -11.16 73 -12.17 74 -10.93
ABUNDANCE CHANGE 75 -11.76 76 -10.59 77 -10.69 78 -10.24 79 -11.03 80 -10.91
ABUNDANCE CHANGE 81 -11.14 82 -10.09 83 -11.33 84 -20.00 85 -20.00 86 -20.00
ABUNDANCE CHANGE 87 -20.00 88 -20.00 89 -20.00 90 -11.95 91 -20.00 92 -12.54
ABUNDANCE CHANGE 93 -20.00 94 -20.00 95 -20.00 96 -20.00 97 -20.00 98 -20.00
ABUNDANCE CHANGE 99 -20.00
READ DECK6 72 RHOX,T,P,XNE,ABROSS,ACCRAD,VTURB, FLXCNV,VCONV,VELSND
2.82617911E-02   2287.1 8.937E-01 1.080E+05 4.719E-06 1.049E-04 2.000E+05 0.000E+00 0.000E+00 4.936E+05
3.73576820E-02   2307.3 1.181E+00 1.450E+05 5.061E-06 1.053E-04 2.000E+05 0.000E+00 0.000E+00 4.792E+05
4.86152694E-02   2324.7 1.537E+00 1.899E+05 5.476E-06 1.057E-04 2.000E+05 0.000E+00 0.000E+00 4.681E+05
6.25348699E-02   2342.2 1.977E+00 2.463E+05 5.889E-06 1.061E-04 2.000E+05 0.000E+00 0.000E+00 4.603E+05
7.98459417E-02   2360.4 2.525E+00 3.186E+05 6.282E-06 1.063E-04 2.000E+05 0.000E+00 0.000E+00 4.550E+05
1.01537109E-01   2379.3 3.211E+00 4.117E+05 6.668E-06 1.064E-04 2.000E+05 0.000E+00 0.000E+00 4.515E+05
1.28966376E-01   2400.0 4.078E+00 5.353E+05 6.985E-06 1.066E-04 2.000E+05 0.000E+00 0.000E+00 4.496E+05
1.64165744E-01   2424.1 5.191E+00 7.073E+05 7.214E-06 1.067E-04 2.000E+05 0.000E+00 0.000E+00 4.493E+05
2.09680173E-01   2449.7 6.630E+00 9.419E+05 7.430E-06 1.067E-04 2.000E+05 0.000E+00 0.000E+00 4.499E+05
2.68751344E-01   2477.3 8.498E+00 1.267E+06 7.614E-06 1.066E-04 2.000E+05 0.000E+00 0.000E+00 4.513E+05
3.45958960E-01   2507.6 1.094E+01 1.727E+06 7.730E-06 1.063E-04 2.000E+05 0.000E+00 0.000E+00 4.536E+05
4.48436526E-01   2543.7 1.418E+01 2.422E+06 7.701E-06 1.061E-04 2.000E+05 0.000E+00 0.000E+00 4.576E+05
5.86083817E-01   2584.2 1.853E+01 3.469E+06 7.622E-06 1.057E-04 2.000E+05 0.000E+00 0.000E+00 4.627E+05
7.72221834E-01   2630.1 2.442E+01 5.085E+06 7.492E-06 1.051E-04 2.000E+05 0.000E+00 0.000E+00 4.691E+05
1.02411637E+00   2682.0 3.238E+01 7.614E+06 7.411E-06 1.046E-04 2.000E+05 0.000E+00 0.000E+00 4.771E+05
1.36310422E+00   2740.1 4.310E+01 1.157E+07 7.363E-06 1.042E-04 2.000E+05 0.000E+00 0.000E+00 4.867E+05
1.80936567E+00   2799.9 5.721E+01 1.738E+07 7.597E-06 1.035E-04 2.000E+05 0.000E+00 0.000E+00 4.966E+05
2.38173258E+00   2862.7 7.531E+01 2.579E+07 7.959E-06 1.031E-04 2.000E+05 0.000E+00 0.000E+00 5.074E+05
3.09912961E+00   2924.1 9.800E+01 3.717E+07 8.596E-06 1.024E-04 2.000E+05 0.000E+00 0.000E+00 5.177E+05
3.97385355E+00   2982.3 1.257E+02 5.178E+07 9.492E-06 1.019E-04 2.000E+05 0.000E+00 0.000E+00 5.272E+05
5.02443247E+00   3038.3 1.589E+02 7.014E+07 1.059E-05 1.014E-04 2.000E+05 0.000E+00 0.000E+00 5.360E+05
6.27310131E+00   3090.7 1.984E+02 9.253E+07 1.194E-05 1.007E-04 2.000E+05 0.000E+00 0.000E+00 5.438E+05
7.75289487E+00   3138.2 2.452E+02 1.192E+08 1.340E-05 1.008E-04 2.000E+05 0.000E+00 0.000E+00 5.503E+05
9.50713492E+00   3184.4 3.006E+02 1.514E+08 1.511E-05 1.009E-04 2.000E+05 0.000E+00 0.000E+00 5.565E+05
1.15751467E+01   3227.7 3.660E+02 1.897E+08 1.715E-05 1.008E-04 2.000E+05 0.000E+00 0.000E+00 5.619E+05
1.40073600E+01   3266.0 4.429E+02 2.341E+08 1.940E-05 1.014E-04 2.000E+05 0.000E+00 0.000E+00 5.661E+05
1.68798002E+01   3299.0 5.338E+02 2.856E+08 2.188E-05 1.027E-04 2.000E+05 0.000E+00 0.000E+00 5.690E+05
2.02690186E+01   3333.3 6.410E+02 3.475E+08 2.478E-05 1.040E-04 2.000E+05 0.000E+00 0.000E+00 5.723E+05
2.42641447E+01   3361.6 7.673E+02 4.185E+08 2.800E-05 1.059E-04 2.000E+05 0.000E+00 0.000E+00 5.742E+05
2.89773684E+01   3387.3 9.163E+02 5.014E+08 3.166E-05 1.085E-04 2.000E+05 0.000E+00 0.000E+00 5.755E+05
3.45304002E+01   3410.7 1.092E+03 5.977E+08 3.587E-05 1.117E-04 2.000E+05 0.000E+00 0.000E+00 5.762E+05
4.10627681E+01   3432.3 1.299E+03 7.098E+08 4.068E-05 1.156E-04 2.000E+05 0.000E+00 0.000E+00 5.766E+05
4.87415331E+01   3451.9 1.541E+03 8.396E+08 4.615E-05 1.202E-04 2.000E+05 0.000E+00 0.000E+00 5.765E+05
5.77776500E+01   3468.5 1.827E+03 9.881E+08 5.224E-05 1.259E-04 2.000E+05 0.000E+00 0.000E+00 5.756E+05
6.84277217E+01   3492.8 2.164E+03 1.173E+09 5.907E-05 1.298E-04 2.000E+05 0.000E+00 0.000E+00 5.765E+05
8.10147625E+01   3505.2 2.562E+03 1.372E+09 6.659E-05 1.362E-04 2.000E+05 0.000E+00 0.000E+00 5.746E+05
9.58672641E+01   3520.6 3.032E+03 1.609E+09 7.542E-05 1.439E-04 2.000E+05 0.000E+00 0.000E+00 5.734E+05
1.13331646E+02   3535.2 3.584E+03 1.884E+09 8.562E-05 1.530E-04 2.000E+05 0.000E+00 0.000E+00 5.720E+05
1.33818215E+02   3550.7 4.232E+03 2.206E+09 9.746E-05 1.637E-04 2.000E+05 0.000E+00 0.000E+00 5.708E+05
1.57792741E+02   3567.5 4.990E+03 2.584E+09 1.112E-04 1.762E-04 2.000E+05 0.000E+00 0.000E+00 5.698E+05
1.85767991E+02   3586.6 5.874E+03 3.031E+09 1.273E-04 1.906E-04 2.000E+05 0.000E+00 0.000E+00 5.694E+05
2.18297277E+02   3608.2 6.903E+03 3.564E+09 1.462E-04 2.073E-04 2.000E+05 0.000E+00 0.000E+00 5.696E+05
2.55936237E+02   3633.7 8.093E+03 4.206E+09 1.691E-04 2.269E-04 2.000E+05 0.000E+00 0.000E+00 5.707E+05
2.99034595E+02   3664.1 9.456E+03 4.987E+09 1.984E-04 2.519E-04 2.000E+05 0.000E+00 0.000E+00 5.728E+05
3.47787030E+02   3700.9 1.100E+04 5.957E+09 2.349E-04 2.819E-04 2.000E+05 0.000E+00 0.000E+00 5.764E+05
4.02410818E+02   3744.0 1.273E+04 7.179E+09 2.812E-04 3.189E-04 2.000E+05 0.000E+00 0.000E+00 5.814E+05
4.62690872E+02   3796.4 1.463E+04 8.802E+09 3.428E-04 3.677E-04 2.000E+05 0.000E+00 0.000E+00 5.884E+05
5.28405231E+02   3854.6 1.671E+04 1.099E+10 4.209E-04 4.242E-04 2.000E+05 0.000E+00 0.000E+00 5.966E+05
5.98936923E+02   3920.2 1.894E+04 1.411E+10 5.305E-04 5.017E-04 2.000E+05 0.000E+00 0.000E+00 6.063E+05
6.72219192E+02   3994.8 2.126E+04 1.886E+10 6.942E-04 6.146E-04 2.000E+05 0.000E+00 0.000E+00 6.177E+05
7.45290907E+02   4079.2 2.357E+04 2.646E+10 9.494E-04 7.860E-04 2.000E+05 0.000E+00 0.000E+00 6.309E+05
8.14918399E+02   4174.9 2.577E+04 3.921E+10 1.360E-03 1.055E-03 2.000E+05 1.182E+03 0.000E+00 6.456E+05
8.78073132E+02   4284.8 2.777E+04 6.175E+10 2.051E-03 1.495E-03 2.000E+05 5.771E+04 4.003E+03 6.619E+05
9.32661985E+02   4410.5 2.949E+04 1.030E+11 3.235E-03 2.232E-03 2.000E+05 1.058E+06 1.452E+04 6.791E+05
9.77713738E+02   4556.5 3.092E+04 1.824E+11 5.345E-03 3.512E-03 2.000E+05 6.190E+06 3.774E+04 6.971E+05
1.01347757E+03   4724.9 3.205E+04 3.407E+11 9.115E-03 5.694E-03 2.000E+05 2.485E+07 6.286E+04 7.153E+05
1.04091668E+03   4920.6 3.292E+04 6.703E+11 1.611E-02 9.496E-03 2.000E+05 7.196E+07 9.778E+04 7.338E+05
1.06129478E+03   5142.1 3.356E+04 1.357E+12 2.893E-02 1.533E-02 2.000E+05 1.937E+08 1.323E+05 7.523E+05
1.07717395E+03   5342.4 3.406E+04 2.449E+12 4.698E-02 2.032E-02 2.000E+05 4.135E+08 1.889E+05 7.672E+05
1.09097088E+03   5510.7 3.450E+04 3.895E+12 6.869E-02 2.255E-02 2.000E+05 6.626E+08 2.224E+05 7.788E+05
1.10392973E+03   5662.9 3.491E+04 5.794E+12 9.509E-02 2.306E-02 2.000E+05 8.754E+08 2.454E+05 7.884E+05
1.11665392E+03   5804.7 3.531E+04 8.240E+12 1.270E-01 2.272E-02 2.000E+05 1.036E+09 2.597E+05 7.967E+05
1.12951692E+03   5940.3 3.572E+04 1.136E+13 1.657E-01 2.234E-02 2.000E+05 1.147E+09 2.685E+05 8.040E+05
1.14277452E+03   6072.3 3.613E+04 1.534E+13 2.129E-01 2.220E-02 2.000E+05 1.222E+09 2.740E+05 8.103E+05
1.15661221E+03   6202.9 3.657E+04 2.040E+13 2.707E-01 2.221E-02 2.000E+05 1.276E+09 2.771E+05 8.160E+05
1.17118274E+03   6333.0 3.703E+04 2.679E+13 3.417E-01 2.252E-02 2.000E+05 1.315E+09 2.795E+05 8.209E+05
1.18659725E+03   6465.0 3.752E+04 3.496E+13 4.301E-01 2.270E-02 2.000E+05 1.346E+09 2.799E+05 8.252E+05
1.20297643E+03   6596.8 3.804E+04 4.514E+13 5.385E-01 2.297E-02 2.000E+05 1.370E+09 2.806E+05 8.287E+05
1.22039729E+03   6733.0 3.859E+04 5.820E+13 6.757E-01 2.323E-02 2.000E+05 1.390E+09 2.791E+05 8.317E+05
1.23898767E+03   6867.2 3.917E+04 7.408E+13 8.416E-01 2.337E-02 2.000E+05 1.406E+09 2.785E+05 8.339E+05
1.25881130E+03   7008.1 3.980E+04 9.452E+13 1.055E+00 2.355E-02 2.000E+05 1.419E+09 2.754E+05 8.358E+05
1.27998222E+03   7143.8 4.047E+04 1.186E+14 1.308E+00 2.543E-02 2.000E+05 1.426E+09 2.737E+05 8.371E+05
PRADK 4.3212E-01
BEGIN                    ITERATION  15 COMPLETED
