TEFF   5000.  GRAVITY 4.50000 LTE
TITLE  [-2.5] N(He)/Ntot=0.0784 VTURB=2  L/H=1.25 NOVER
OPACITY IFOP 1 1 1 1 1 1 1 1 1 1 1 1 1 0 1 0 0 0 0 0
CONVECTION ON   1.25 TURBULENCE OFF  0.00  0.00  0.00  0.00
ABUNDANCE SCALE   0.00316 ABUNDANCE CHANGE 1 0.92160 2 0.07840
ABUNDANCE CHANGE  3 -10.94  4 -10.64  5  -9.49  6  -3.52  7  -4.12  8  -3.21
ABUNDANCE CHANGE  9  -7.48 10  -3.96 11  -5.71 12  -4.46 13  -5.57 14  -4.49
ABUNDANCE CHANGE 15  -6.59 16  -4.71 17  -6.54 18  -5.64 19  -6.92 20  -5.68
ABUNDANCE CHANGE 21  -8.87 22  -7.02 23  -8.04 24  -6.37 25  -6.65 26  -4.54
ABUNDANCE CHANGE 27  -7.12 28  -5.79 29  -7.83 30  -7.44 31  -9.16 32  -8.63
ABUNDANCE CHANGE 33  -9.67 34  -8.63 35  -9.41 36  -8.73 37  -9.44 38  -9.07
ABUNDANCE CHANGE 39  -9.80 40  -9.44 41 -10.62 42 -10.12 43 -20.00 44 -10.20
ABUNDANCE CHANGE 45 -10.92 46 -10.35 47 -11.10 48 -10.27 49 -10.38 50 -10.04
ABUNDANCE CHANGE 51 -11.04 52  -9.80 53 -10.53 54  -9.87 55 -10.91 56  -9.91
ABUNDANCE CHANGE 57 -10.87 58 -10.46 59 -11.33 60 -10.54 61 -20.00 62 -11.03
ABUNDANCE CHANGE 63 -11.53 64 -10.92 65 -11.69 66 -10.90 67 -11.78 68 -11.11
ABUNDANCE CHANGE 69 -12.04 70 -10.96 71 -11.98 72 -11.16 73 -12.17 74 -10.93
ABUNDANCE CHANGE 75 -11.76 76 -10.59 77 -10.69 78 -10.24 79 -11.03 80 -10.91
ABUNDANCE CHANGE 81 -11.14 82 -10.09 83 -11.33 84 -20.00 85 -20.00 86 -20.00
ABUNDANCE CHANGE 87 -20.00 88 -20.00 89 -20.00 90 -11.95 91 -20.00 92 -12.54
ABUNDANCE CHANGE 93 -20.00 94 -20.00 95 -20.00 96 -20.00 97 -20.00 98 -20.00
ABUNDANCE CHANGE 99 -20.00
READ DECK6 72 RHOX,T,P,XNE,ABROSS,ACCRAD,VTURB, FLXCNV,VCONV,VELSND
5.89672660E-03   3669.3 1.865E+02 2.629E+08 2.261E-05 6.183E-04 2.000E+05 0.000E+00 0.000E+00 6.389E+05
7.73991965E-03   3680.5 2.448E+02 3.278E+08 2.565E-05 6.332E-04 2.000E+05 0.000E+00 0.000E+00 6.386E+05
9.91511034E-03   3689.7 3.135E+02 3.995E+08 2.889E-05 6.482E-04 2.000E+05 0.000E+00 0.000E+00 6.382E+05
1.24895739E-02   3699.0 3.950E+02 4.821E+08 3.255E-05 6.673E-04 2.000E+05 0.000E+00 0.000E+00 6.379E+05
1.55324500E-02   3708.8 4.912E+02 5.782E+08 3.675E-05 6.883E-04 2.000E+05 0.000E+00 0.000E+00 6.375E+05
1.91247265E-02   3718.9 6.048E+02 6.897E+08 4.154E-05 7.110E-04 2.000E+05 0.000E+00 0.000E+00 6.372E+05
2.33568618E-02   3729.6 7.386E+02 8.200E+08 4.708E-05 7.358E-04 2.000E+05 0.000E+00 0.000E+00 6.369E+05
2.83309834E-02   3740.8 8.959E+02 9.724E+08 5.347E-05 7.624E-04 2.000E+05 0.000E+00 0.000E+00 6.365E+05
3.41630108E-02   3752.7 1.080E+03 1.151E+09 6.089E-05 7.925E-04 2.000E+05 0.000E+00 0.000E+00 6.362E+05
4.09883997E-02   3765.0 1.296E+03 1.359E+09 6.943E-05 8.270E-04 2.000E+05 0.000E+00 0.000E+00 6.359E+05
4.89582690E-02   3778.0 1.548E+03 1.603E+09 7.940E-05 8.649E-04 2.000E+05 0.000E+00 0.000E+00 6.356E+05
5.82419079E-02   3791.8 1.842E+03 1.889E+09 9.098E-05 9.063E-04 2.000E+05 0.000E+00 0.000E+00 6.353E+05
6.90377775E-02   3806.1 2.183E+03 2.225E+09 1.044E-04 9.484E-04 2.000E+05 0.000E+00 0.000E+00 6.350E+05
8.15825019E-02   3821.2 2.580E+03 2.621E+09 1.198E-04 9.849E-04 2.000E+05 0.000E+00 0.000E+00 6.347E+05
9.61419400E-02   3837.0 3.040E+03 3.086E+09 1.378E-04 1.024E-03 2.000E+05 0.000E+00 0.000E+00 6.345E+05
1.13020134E-01   3853.1 3.574E+03 3.630E+09 1.586E-04 1.068E-03 2.000E+05 0.000E+00 0.000E+00 6.343E+05
1.32559180E-01   3870.0 4.192E+03 4.274E+09 1.829E-04 1.116E-03 2.000E+05 0.000E+00 0.000E+00 6.342E+05
1.55128744E-01   3887.8 4.906E+03 5.035E+09 2.113E-04 1.168E-03 2.000E+05 0.000E+00 0.000E+00 6.341E+05
1.81158982E-01   3906.1 5.729E+03 5.932E+09 2.444E-04 1.223E-03 2.000E+05 0.000E+00 0.000E+00 6.341E+05
2.11155140E-01   3924.8 6.677E+03 6.987E+09 2.829E-04 1.282E-03 2.000E+05 0.000E+00 0.000E+00 6.340E+05
2.45718999E-01   3943.6 7.770E+03 8.219E+09 3.274E-04 1.346E-03 2.000E+05 0.000E+00 0.000E+00 6.340E+05
2.85580971E-01   3962.1 9.031E+03 9.647E+09 3.782E-04 1.417E-03 2.000E+05 0.000E+00 0.000E+00 6.338E+05
3.31604733E-01   3980.4 1.049E+04 1.131E+10 4.367E-04 1.495E-03 2.000E+05 0.000E+00 0.000E+00 6.336E+05
3.84928762E-01   3996.8 1.217E+04 1.316E+10 5.012E-04 1.589E-03 2.000E+05 0.000E+00 0.000E+00 6.330E+05
4.46894439E-01   4013.2 1.413E+04 1.530E+10 5.751E-04 1.694E-03 2.000E+05 0.000E+00 0.000E+00 6.322E+05
5.19007322E-01   4028.6 1.641E+04 1.773E+10 6.579E-04 1.810E-03 2.000E+05 0.000E+00 0.000E+00 6.312E+05
6.03185851E-01   4042.9 1.907E+04 2.048E+10 7.505E-04 1.941E-03 2.000E+05 0.000E+00 0.000E+00 6.299E+05
7.01786421E-01   4055.8 2.219E+04 2.355E+10 8.528E-04 2.087E-03 2.000E+05 0.000E+00 0.000E+00 6.282E+05
8.17652828E-01   4067.7 2.586E+04 2.700E+10 9.665E-04 2.253E-03 2.000E+05 0.000E+00 0.000E+00 6.262E+05
9.54248283E-01   4078.1 3.018E+04 3.083E+10 1.092E-03 2.440E-03 2.000E+05 0.000E+00 0.000E+00 6.237E+05
1.11563975E+00   4087.8 3.528E+04 3.515E+10 1.231E-03 2.656E-03 2.000E+05 0.000E+00 0.000E+00 6.210E+05
1.30663798E+00   4096.5 4.132E+04 4.000E+10 1.386E-03 2.903E-03 2.000E+05 0.000E+00 0.000E+00 6.180E+05
1.53271366E+00   4105.3 4.847E+04 4.557E+10 1.563E-03 3.185E-03 2.000E+05 0.000E+00 0.000E+00 6.150E+05
1.80015586E+00   4114.0 5.693E+04 5.193E+10 1.762E-03 3.506E-03 2.000E+05 0.000E+00 0.000E+00 6.118E+05
2.11612892E+00   4123.3 6.692E+04 5.933E+10 1.991E-03 3.872E-03 2.000E+05 0.000E+00 0.000E+00 6.088E+05
2.48883556E+00   4133.0 7.870E+04 6.788E+10 2.252E-03 4.288E-03 2.000E+05 0.000E+00 0.000E+00 6.058E+05
2.92749441E+00   4143.9 9.257E+04 7.792E+10 2.556E-03 4.766E-03 2.000E+05 0.000E+00 0.000E+00 6.031E+05
3.44260781E+00   4155.7 1.089E+05 8.966E+10 2.905E-03 5.312E-03 2.000E+05 0.000E+00 0.000E+00 6.006E+05
4.04560015E+00   4169.4 1.279E+05 1.036E+11 3.316E-03 5.946E-03 2.000E+05 0.000E+00 0.000E+00 5.985E+05
4.74882325E+00   4184.8 1.502E+05 1.203E+11 3.798E-03 6.679E-03 2.000E+05 0.000E+00 0.000E+00 5.967E+05
5.56560556E+00   4202.6 1.760E+05 1.403E+11 4.372E-03 7.538E-03 2.000E+05 0.000E+00 0.000E+00 5.954E+05
6.50892152E+00   4223.5 2.058E+05 1.649E+11 5.064E-03 8.556E-03 2.000E+05 0.000E+00 0.000E+00 5.948E+05
7.59142570E+00   4247.6 2.401E+05 1.952E+11 5.904E-03 9.773E-03 2.000E+05 0.000E+00 0.000E+00 5.947E+05
8.82267929E+00   4276.7 2.790E+05 2.338E+11 6.963E-03 1.128E-02 2.000E+05 0.000E+00 0.000E+00 5.956E+05
1.02066946E+01   4311.3 3.228E+05 2.840E+11 8.316E-03 1.316E-02 2.000E+05 0.000E+00 0.000E+00 5.975E+05
1.17364231E+01   4355.1 3.711E+05 3.535E+11 1.017E-02 1.569E-02 2.000E+05 0.000E+00 0.000E+00 6.010E+05
1.33624751E+01   4419.6 4.225E+05 4.674E+11 1.316E-02 1.965E-02 2.000E+05 1.389E+06 0.000E+00 6.081E+05
1.49552094E+01   4516.3 4.729E+05 6.824E+11 1.864E-02 2.646E-02 2.000E+05 1.037E+07 1.392E+04 6.209E+05
1.64622914E+01   4611.9 5.206E+05 9.882E+11 2.603E-02 3.516E-02 2.000E+05 3.385E+07 2.452E+04 6.339E+05
1.79107331E+01   4708.0 5.664E+05 1.424E+12 3.593E-02 4.617E-02 2.000E+05 7.460E+07 3.233E+04 6.472E+05
1.93120075E+01   4807.8 6.107E+05 2.057E+12 4.951E-02 6.043E-02 2.000E+05 1.376E+08 4.013E+04 6.611E+05
2.06685760E+01   4911.6 6.536E+05 2.977E+12 6.815E-02 7.855E-02 2.000E+05 2.312E+08 4.831E+04 6.756E+05
2.19839297E+01   5020.3 6.952E+05 4.321E+12 9.362E-02 1.007E-01 2.000E+05 3.599E+08 5.680E+04 6.907E+05
2.32632398E+01   5133.3 7.356E+05 6.269E+12 1.281E-01 1.264E-01 2.000E+05 5.268E+08 6.505E+04 7.059E+05
2.45133917E+01   5250.9 7.752E+05 9.081E+12 1.744E-01 1.546E-01 2.000E+05 7.325E+08 7.352E+04 7.212E+05
2.57399847E+01   5374.0 8.140E+05 1.316E+13 2.366E-01 1.835E-01 2.000E+05 9.721E+08 8.133E+04 7.364E+05
2.69493262E+01   5501.2 8.522E+05 1.897E+13 3.190E-01 2.106E-01 2.000E+05 1.233E+09 8.890E+04 7.513E+05
2.81468008E+01   5634.3 8.901E+05 2.732E+13 4.287E-01 2.335E-01 2.000E+05 1.501E+09 9.517E+04 7.658E+05
2.93422688E+01   5768.8 9.279E+05 3.886E+13 5.689E-01 2.474E-01 2.000E+05 1.764E+09 1.010E+05 7.794E+05
3.05524002E+01   5902.7 9.661E+05 5.437E+13 7.442E-01 2.531E-01 2.000E+05 1.994E+09 1.054E+05 7.919E+05
3.17929560E+01   6037.4 1.005E+06 7.514E+13 9.629E-01 2.550E-01 2.000E+05 2.179E+09 1.082E+05 8.037E+05
3.30782625E+01   6172.8 1.046E+06 1.027E+14 1.234E+00 2.576E-01 2.000E+05 2.319E+09 1.106E+05 8.147E+05
3.44187934E+01   6311.5 1.088E+06 1.395E+14 1.574E+00 2.616E-01 2.000E+05 2.421E+09 1.112E+05 8.252E+05
3.58266274E+01   6450.7 1.133E+06 1.875E+14 1.991E+00 2.691E-01 2.000E+05 2.499E+09 1.125E+05 8.351E+05
3.73101659E+01   6596.3 1.180E+06 2.521E+14 2.519E+00 2.769E-01 2.000E+05 2.557E+09 1.121E+05 8.448E+05
3.88808055E+01   6741.3 1.230E+06 3.348E+14 3.161E+00 2.860E-01 2.000E+05 2.605E+09 1.125E+05 8.538E+05
4.05456980E+01   6894.9 1.282E+06 4.465E+14 3.984E+00 2.961E-01 2.000E+05 2.643E+09 1.119E+05 8.628E+05
4.23164304E+01   7047.0 1.338E+06 5.874E+14 4.974E+00 3.029E-01 2.000E+05 2.673E+09 1.116E+05 8.710E+05
4.42012970E+01   7208.9 1.398E+06 7.768E+14 6.247E+00 3.133E-01 2.000E+05 2.702E+09 1.108E+05 8.791E+05
4.62128423E+01   7368.3 1.461E+06 1.013E+15 7.773E+00 3.189E-01 2.000E+05 2.722E+09 1.101E+05 8.865E+05
4.83602567E+01   7538.1 1.529E+06 1.327E+15 9.738E+00 3.276E-01 2.000E+05 2.739E+09 1.087E+05 8.937E+05
5.06547889E+01   7703.5 1.602E+06 1.711E+15 1.206E+01 3.580E-01 2.000E+05 2.751E+09 1.079E+05 9.001E+05
PRADK 8.2275E-01
BEGIN                    ITERATION  15 COMPLETED
