TEFF   5250.  GRAVITY 0.50000 LTE
TITLE  [-2.5] N(He)/Ntot=0.0784 VTURB=2  L/H=1.25 NOVER
OPACITY IFOP 1 1 1 1 1 1 1 1 1 1 1 1 1 0 1 0 0 0 0 0
CONVECTION ON   1.25 TURBULENCE OFF  0.00  0.00  0.00  0.00
ABUNDANCE SCALE   0.00316 ABUNDANCE CHANGE 1 0.92160 2 0.07840
ABUNDANCE CHANGE  3 -10.94  4 -10.64  5  -9.49  6  -3.52  7  -4.12  8  -3.21
ABUNDANCE CHANGE  9  -7.48 10  -3.96 11  -5.71 12  -4.46 13  -5.57 14  -4.49
ABUNDANCE CHANGE 15  -6.59 16  -4.71 17  -6.54 18  -5.64 19  -6.92 20  -5.68
ABUNDANCE CHANGE 21  -8.87 22  -7.02 23  -8.04 24  -6.37 25  -6.65 26  -4.54
ABUNDANCE CHANGE 27  -7.12 28  -5.79 29  -7.83 30  -7.44 31  -9.16 32  -8.63
ABUNDANCE CHANGE 33  -9.67 34  -8.63 35  -9.41 36  -8.73 37  -9.44 38  -9.07
ABUNDANCE CHANGE 39  -9.80 40  -9.44 41 -10.62 42 -10.12 43 -20.00 44 -10.20
ABUNDANCE CHANGE 45 -10.92 46 -10.35 47 -11.10 48 -10.27 49 -10.38 50 -10.04
ABUNDANCE CHANGE 51 -11.04 52  -9.80 53 -10.53 54  -9.87 55 -10.91 56  -9.91
ABUNDANCE CHANGE 57 -10.87 58 -10.46 59 -11.33 60 -10.54 61 -20.00 62 -11.03
ABUNDANCE CHANGE 63 -11.53 64 -10.92 65 -11.69 66 -10.90 67 -11.78 68 -11.11
ABUNDANCE CHANGE 69 -12.04 70 -10.96 71 -11.98 72 -11.16 73 -12.17 74 -10.93
ABUNDANCE CHANGE 75 -11.76 76 -10.59 77 -10.69 78 -10.24 79 -11.03 80 -10.91
ABUNDANCE CHANGE 81 -11.14 82 -10.09 83 -11.33 84 -20.00 85 -20.00 86 -20.00
ABUNDANCE CHANGE 87 -20.00 88 -20.00 89 -20.00 90 -11.95 91 -20.00 92 -12.54
ABUNDANCE CHANGE 93 -20.00 94 -20.00 95 -20.00 96 -20.00 97 -20.00 98 -20.00
ABUNDANCE CHANGE 99 -20.00
READ DECK6 72 RHOX,T,P,XNE,ABROSS,ACCRAD,VTURB, FLXCNV,VCONV,VELSND
4.08440194E-03   3561.1 1.291E-02 8.457E+05 3.265E-05 5.266E-04 2.000E+05 0.000E+00 0.000E+00 7.010E+06
5.46401633E-03   3575.0 1.728E-02 1.068E+06 3.183E-05 5.214E-04 2.000E+05 0.000E+00 0.000E+00 6.085E+06
7.35797974E-03   3587.7 2.326E-02 1.341E+06 3.080E-05 5.159E-04 2.000E+05 0.000E+00 0.000E+00 5.266E+06
9.96613123E-03   3601.0 3.151E-02 1.695E+06 2.984E-05 5.106E-04 2.000E+05 0.000E+00 4.625E+05 4.547E+06
1.35581985E-02   3614.6 4.287E-02 2.150E+06 2.892E-05 5.059E-04 2.000E+05 0.000E+00 1.425E+05 3.922E+06
1.85053279E-02   3627.8 5.851E-02 2.723E+06 2.798E-05 5.017E-04 2.000E+05 0.000E+00 0.000E+00 3.381E+06
2.53333323E-02   3640.5 8.010E-02 3.443E+06 2.701E-05 5.001E-04 2.000E+05 0.000E+00 0.000E+00 2.915E+06
3.47589108E-02   3653.7 1.099E-01 4.367E+06 2.612E-05 4.996E-04 2.000E+05 0.000E+00 0.000E+00 2.516E+06
4.77204758E-02   3668.0 1.509E-01 5.575E+06 2.540E-05 4.997E-04 2.000E+05 0.000E+00 0.000E+00 2.178E+06
6.54250636E-02   3683.9 2.069E-01 7.173E+06 2.489E-05 5.001E-04 2.000E+05 0.000E+00 0.000E+00 1.895E+06
8.94178051E-02   3701.3 2.827E-01 9.292E+06 2.459E-05 5.009E-04 2.000E+05 0.000E+00 0.000E+00 1.658E+06
1.21669346E-01   3720.2 3.847E-01 1.210E+07 2.449E-05 5.020E-04 2.000E+05 0.000E+00 0.000E+00 1.464E+06
1.64697684E-01   3740.2 5.207E-01 1.579E+07 2.456E-05 5.037E-04 2.000E+05 0.000E+00 0.000E+00 1.304E+06
2.21724118E-01   3761.0 7.010E-01 2.062E+07 2.478E-05 5.058E-04 2.000E+05 0.000E+00 0.000E+00 1.174E+06
2.96830119E-01   3782.4 9.385E-01 2.690E+07 2.517E-05 5.086E-04 2.000E+05 0.000E+00 0.000E+00 1.068E+06
3.95197255E-01   3804.1 1.250E+00 3.502E+07 2.569E-05 5.120E-04 2.000E+05 0.000E+00 0.000E+00 9.838E+05
5.23161584E-01   3826.7 1.654E+00 4.564E+07 2.644E-05 5.127E-04 2.000E+05 0.000E+00 0.000E+00 9.163E+05
6.88235056E-01   3850.4 2.176E+00 5.949E+07 2.745E-05 5.137E-04 2.000E+05 0.000E+00 0.000E+00 8.631E+05
8.98972008E-01   3875.7 2.842E+00 7.783E+07 2.885E-05 5.150E-04 2.000E+05 0.000E+00 0.000E+00 8.216E+05
1.16478391E+00   3902.4 3.683E+00 1.020E+08 3.067E-05 5.166E-04 2.000E+05 0.000E+00 0.000E+00 7.897E+05
1.49615647E+00   3930.4 4.731E+00 1.337E+08 3.299E-05 5.187E-04 2.000E+05 0.000E+00 0.000E+00 7.653E+05
1.90471922E+00   3959.3 6.022E+00 1.750E+08 3.586E-05 5.212E-04 2.000E+05 0.000E+00 0.000E+00 7.468E+05
2.40346930E+00   3988.7 7.599E+00 2.279E+08 3.934E-05 5.242E-04 2.000E+05 0.000E+00 0.000E+00 7.330E+05
3.00723080E+00   4018.2 9.508E+00 2.951E+08 4.349E-05 5.278E-04 2.000E+05 0.000E+00 0.000E+00 7.226E+05
3.73321689E+00   4047.3 1.180E+01 3.792E+08 4.837E-05 5.324E-04 2.000E+05 0.000E+00 0.000E+00 7.149E+05
4.60155617E+00   4075.7 1.455E+01 4.831E+08 5.404E-05 5.380E-04 2.000E+05 0.000E+00 0.000E+00 7.092E+05
5.63593619E+00   4103.4 1.782E+01 6.101E+08 6.059E-05 5.445E-04 2.000E+05 0.000E+00 0.000E+00 7.051E+05
6.86476825E+00   4130.0 2.170E+01 7.631E+08 6.808E-05 5.523E-04 2.000E+05 0.000E+00 0.000E+00 7.021E+05
8.32240264E+00   4155.4 2.631E+01 9.453E+08 7.657E-05 5.613E-04 2.000E+05 0.000E+00 0.000E+00 6.999E+05
1.00503872E+01   4179.4 3.178E+01 1.160E+09 8.613E-05 5.718E-04 2.000E+05 0.000E+00 0.000E+00 6.984E+05
1.20995688E+01   4201.9 3.826E+01 1.410E+09 9.682E-05 5.842E-04 2.000E+05 0.000E+00 0.000E+00 6.974E+05
1.45305868E+01   4223.2 4.594E+01 1.700E+09 1.088E-04 5.985E-04 2.000E+05 0.000E+00 0.000E+00 6.968E+05
1.74158956E+01   4243.2 5.506E+01 2.035E+09 1.222E-04 6.148E-04 2.000E+05 0.000E+00 0.000E+00 6.965E+05
2.08424034E+01   4262.1 6.590E+01 2.420E+09 1.372E-04 6.336E-04 2.000E+05 0.000E+00 0.000E+00 6.964E+05
2.49126007E+01   4280.0 7.877E+01 2.863E+09 1.541E-04 6.551E-04 2.000E+05 0.000E+00 0.000E+00 6.965E+05
2.97455800E+01   4297.3 9.405E+01 3.373E+09 1.731E-04 6.800E-04 2.000E+05 0.000E+00 0.000E+00 6.968E+05
3.54787042E+01   4314.3 1.122E+02 3.965E+09 1.947E-04 7.089E-04 2.000E+05 0.000E+00 0.000E+00 6.973E+05
4.22648278E+01   4331.5 1.336E+02 4.657E+09 2.197E-04 7.427E-04 2.000E+05 0.000E+00 0.000E+00 6.979E+05
5.02745161E+01   4349.1 1.589E+02 5.473E+09 2.486E-04 7.825E-04 2.000E+05 0.000E+00 0.000E+00 6.986E+05
5.96875760E+01   4367.7 1.887E+02 6.450E+09 2.828E-04 8.299E-04 2.000E+05 0.000E+00 0.000E+00 6.996E+05
7.06938828E+01   4387.7 2.235E+02 7.631E+09 3.235E-04 8.876E-04 2.000E+05 0.000E+00 0.000E+00 7.007E+05
8.34720417E+01   4410.2 2.639E+02 9.098E+09 3.732E-04 9.585E-04 2.000E+05 0.000E+00 0.000E+00 7.021E+05
9.81719558E+01   4435.7 3.104E+02 1.095E+10 4.347E-04 1.047E-03 2.000E+05 0.000E+00 0.000E+00 7.037E+05
1.14905030E+02   4465.0 3.633E+02 1.333E+10 5.122E-04 1.158E-03 2.000E+05 0.000E+00 0.000E+00 7.057E+05
1.33712705E+02   4499.3 4.227E+02 1.647E+10 6.119E-04 1.303E-03 2.000E+05 0.000E+00 0.000E+00 7.081E+05
1.54541292E+02   4539.5 4.886E+02 2.072E+10 7.427E-04 1.492E-03 2.000E+05 0.000E+00 0.000E+00 7.110E+05
1.77224603E+02   4586.8 5.603E+02 2.660E+10 9.173E-04 1.744E-03 2.000E+05 0.000E+00 0.000E+00 7.144E+05
2.01511446E+02   4642.1 6.370E+02 3.488E+10 1.152E-03 2.079E-03 2.000E+05 0.000E+00 0.000E+00 7.183E+05
2.27008271E+02   4707.5 7.176E+02 4.701E+10 1.481E-03 2.546E-03 2.000E+05 0.000E+00 0.000E+00 7.230E+05
2.53147714E+02   4785.0 8.002E+02 6.534E+10 1.951E-03 3.213E-03 2.000E+05 0.000E+00 0.000E+00 7.283E+05
2.79186917E+02   4877.9 8.824E+02 9.430E+10 2.654E-03 4.212E-03 2.000E+05 0.000E+00 0.000E+00 7.346E+05
3.04319645E+02   4987.9 9.618E+02 1.413E+11 3.724E-03 5.727E-03 2.000E+05 4.293E-06 0.000E+00 7.416E+05
3.27796335E+02   5118.3 1.036E+03 2.208E+11 5.410E-03 8.112E-03 2.000E+05 5.197E-03 2.051E+01 7.492E+05
3.48973232E+02   5271.8 1.103E+03 3.594E+11 8.144E-03 1.197E-02 2.000E+05 2.181E-01 2.150E+02 7.573E+05
3.67368469E+02   5452.0 1.161E+03 6.094E+11 1.275E-02 1.847E-02 2.000E+05 6.051E+00 7.255E+02 7.650E+05
3.82713733E+02   5661.8 1.209E+03 1.073E+12 2.081E-02 2.984E-02 2.000E+05 1.681E+02 2.147E+03 7.713E+05
3.94963300E+02   5905.7 1.247E+03 1.957E+12 3.556E-02 5.082E-02 2.000E+05 5.931E+03 6.383E+03 7.750E+05
4.04259194E+02   6189.8 1.276E+03 3.695E+12 6.420E-02 9.206E-02 2.000E+05 1.956E+05 2.043E+04 7.751E+05
4.10897002E+02   6520.7 1.296E+03 7.185E+12 1.238E-01 1.797E-01 2.000E+05 1.429E+06 6.247E+04 7.727E+05
4.15216908E+02   6920.0 1.308E+03 1.464E+13 2.655E-01 3.860E-01 2.000E+05 7.440E+07 1.044E+05 7.722E+05
4.17787930E+02   7359.7 1.315E+03 2.910E+13 6.007E-01 7.539E-01 2.000E+05 5.633E+08 3.957E+05 7.801E+05
4.19468801E+02   7694.7 1.319E+03 4.625E+13 1.099E+00 8.797E-01 2.000E+05 1.504E+09 6.775E+05 7.933E+05
4.20860305E+02   7910.3 1.322E+03 6.076E+13 1.603E+00 7.361E-01 2.000E+05 2.293E+09 7.443E+05 8.051E+05
4.22207310E+02   8072.4 1.326E+03 7.368E+13 2.114E+00 6.132E-01 2.000E+05 2.710E+09 7.683E+05 8.157E+05
4.23601859E+02   8213.8 1.329E+03 8.645E+13 2.672E+00 5.341E-01 2.000E+05 2.948E+09 7.847E+05 8.261E+05
4.25095692E+02   8342.3 1.333E+03 9.928E+13 3.284E+00 4.707E-01 2.000E+05 3.081E+09 7.868E+05 8.366E+05
4.26733897E+02   8462.3 1.338E+03 1.123E+14 3.959E+00 4.280E-01 2.000E+05 3.172E+09 7.937E+05 8.473E+05
4.28550601E+02   8582.5 1.343E+03 1.264E+14 4.748E+00 3.949E-01 2.000E+05 3.229E+09 7.966E+05 8.590E+05
4.30584471E+02   8698.5 1.348E+03 1.409E+14 5.624E+00 3.635E-01 2.000E+05 3.273E+09 7.970E+05 8.710E+05
4.32879280E+02   8818.2 1.355E+03 1.568E+14 6.637E+00 3.456E-01 2.000E+05 3.308E+09 8.074E+05 8.844E+05
4.35475728E+02   8941.7 1.362E+03 1.740E+14 7.812E+00 3.218E-01 2.000E+05 3.322E+09 8.031E+05 8.991E+05
4.38432482E+02   9063.8 1.370E+03 1.918E+14 9.105E+00 3.270E-01 2.000E+05 3.352E+09 8.167E+05 9.146E+05
PRADK 1.0119E+00
BEGIN                    ITERATION  15 COMPLETED
