TEFF   9000.  GRAVITY 2.00000 LTE
TITLE  [-2.5] N(He)/Ntot=0.0784 VTURB=2  L/H=1.25 NOVER
OPACITY IFOP 1 1 1 1 1 1 1 1 1 1 1 1 1 0 1 0 0 0 0 0
CONVECTION ON   1.25 TURBULENCE OFF  0.00  0.00  0.00  0.00
ABUNDANCE SCALE   0.00316 ABUNDANCE CHANGE 1 0.92160 2 0.07840
ABUNDANCE CHANGE  3 -10.94  4 -10.64  5  -9.49  6  -3.52  7  -4.12  8  -3.21
ABUNDANCE CHANGE  9  -7.48 10  -3.96 11  -5.71 12  -4.46 13  -5.57 14  -4.49
ABUNDANCE CHANGE 15  -6.59 16  -4.71 17  -6.54 18  -5.64 19  -6.92 20  -5.68
ABUNDANCE CHANGE 21  -8.87 22  -7.02 23  -8.04 24  -6.37 25  -6.65 26  -4.54
ABUNDANCE CHANGE 27  -7.12 28  -5.79 29  -7.83 30  -7.44 31  -9.16 32  -8.63
ABUNDANCE CHANGE 33  -9.67 34  -8.63 35  -9.41 36  -8.73 37  -9.44 38  -9.07
ABUNDANCE CHANGE 39  -9.80 40  -9.44 41 -10.62 42 -10.12 43 -20.00 44 -10.20
ABUNDANCE CHANGE 45 -10.92 46 -10.35 47 -11.10 48 -10.27 49 -10.38 50 -10.04
ABUNDANCE CHANGE 51 -11.04 52  -9.80 53 -10.53 54  -9.87 55 -10.91 56  -9.91
ABUNDANCE CHANGE 57 -10.87 58 -10.46 59 -11.33 60 -10.54 61 -20.00 62 -11.03
ABUNDANCE CHANGE 63 -11.53 64 -10.92 65 -11.69 66 -10.90 67 -11.78 68 -11.11
ABUNDANCE CHANGE 69 -12.04 70 -10.96 71 -11.98 72 -11.16 73 -12.17 74 -10.93
ABUNDANCE CHANGE 75 -11.76 76 -10.59 77 -10.69 78 -10.24 79 -11.03 80 -10.91
ABUNDANCE CHANGE 81 -11.14 82 -10.09 83 -11.33 84 -20.00 85 -20.00 86 -20.00
ABUNDANCE CHANGE 87 -20.00 88 -20.00 89 -20.00 90 -11.95 91 -20.00 92 -12.54
ABUNDANCE CHANGE 93 -20.00 94 -20.00 95 -20.00 96 -20.00 97 -20.00 98 -20.00
ABUNDANCE CHANGE 99 -20.00
READ DECK6 72 RHOX,T,P,XNE,ABROSS,ACCRAD,VTURB, FLXCNV,VCONV,VELSND
4.47622673E-07   6160.6 4.308E-05 2.426E+07 2.978E-01 3.782E+00 2.000E+05 0.000E+00 0.000E+00 9.754E+08
5.96976370E-07   6160.6 5.745E-05 3.233E+07 2.976E-01 3.779E+00 2.000E+05 0.000E+00 0.000E+00 6.328E+08
7.96323960E-07   6160.6 7.664E-05 4.310E+07 2.972E-01 3.776E+00 2.000E+05 0.000E+00 0.000E+00 4.559E+08
1.06248232E-06   6160.6 1.023E-04 5.747E+07 2.968E-01 3.772E+00 2.000E+05 0.000E+00 6.816E+06 3.420E+08
1.41797816E-06   6160.6 1.365E-04 7.661E+07 2.963E-01 3.779E+00 2.000E+05 0.000E+00 2.496E+06 2.614E+08
1.89318509E-06   6160.6 1.822E-04 1.021E+08 2.956E-01 3.787E+00 2.000E+05 0.000E+00 1.288E+06 2.018E+08
2.52872586E-06   6160.7 2.434E-04 1.361E+08 2.946E-01 3.793E+00 2.000E+05 0.000E+00 5.790E+08 1.568E+08
3.37920193E-06   6168.8 3.252E-04 1.812E+08 2.936E-01 3.796E+00 2.000E+05 0.000E+00 7.989E+08 1.239E+08
4.51788534E-06   6181.5 4.347E-04 2.411E+08 2.923E-01 3.787E+00 2.000E+05 0.000E+00 7.476E+08 9.903E+07
6.04324523E-06   6199.6 5.815E-04 3.207E+08 2.909E-01 3.775E+00 2.000E+05 0.000E+00 6.268E+08 8.012E+07
8.08779713E-06   6218.6 7.783E-04 4.263E+08 2.893E-01 3.760E+00 2.000E+05 0.000E+00 4.586E+08 6.515E+07
1.08317916E-05   6235.1 1.042E-03 5.669E+08 2.872E-01 3.741E+00 2.000E+05 0.000E+00 3.068E+08 5.300E+07
1.45223685E-05   6248.0 1.398E-03 7.539E+08 2.844E-01 3.714E+00 2.000E+05 0.000E+00 1.954E+08 4.308E+07
1.95006443E-05   6257.7 1.877E-03 1.003E+09 2.807E-01 3.681E+00 2.000E+05 0.000E+00 1.235E+08 3.505E+07
2.62404053E-05   6265.4 2.526E-03 1.333E+09 2.759E-01 3.640E+00 2.000E+05 0.000E+00 7.819E+07 2.859E+07
3.54076889E-05   6271.2 3.410E-03 1.773E+09 2.698E-01 3.588E+00 2.000E+05 0.000E+00 6.244E+07 2.338E+07
4.79330524E-05   6280.9 4.618E-03 2.357E+09 2.629E-01 3.525E+00 2.000E+05 0.000E+00 5.673E+07 1.927E+07
6.51225144E-05   6291.1 6.277E-03 3.133E+09 2.548E-01 3.451E+00 2.000E+05 0.000E+00 4.209E+07 1.593E+07
8.88636343E-05   6300.9 8.570E-03 4.162E+09 2.452E-01 3.365E+00 2.000E+05 0.000E+00 3.500E+07 1.318E+07
1.21809439E-04   6316.3 1.176E-02 5.533E+09 2.354E-01 3.276E+00 2.000E+05 0.000E+00 2.965E+07 1.097E+07
1.67716273E-04   6332.5 1.620E-02 7.348E+09 2.246E-01 3.178E+00 2.000E+05 0.000E+00 2.219E+07 9.137E+06
2.31923757E-04   6352.1 2.242E-02 9.761E+09 2.139E-01 3.083E+00 2.000E+05 0.000E+00 1.475E+07 7.631E+06
3.22415979E-04   6367.3 3.119E-02 1.291E+10 2.013E-01 2.975E+00 2.000E+05 0.000E+00 1.057E+07 6.357E+06
4.49937720E-04   6395.2 4.357E-02 1.718E+10 1.916E-01 2.894E+00 2.000E+05 0.000E+00 8.192E+06 5.334E+06
6.28979452E-04   6421.9 6.097E-02 2.277E+10 1.816E-01 2.815E+00 2.000E+05 0.000E+00 1.285E+06 4.482E+06
8.80851742E-04   6450.9 8.545E-02 3.012E+10 1.724E-01 2.750E+00 2.000E+05 0.000E+00 7.424E+05 3.778E+06
1.23213737E-03   6488.9 1.196E-01 3.999E+10 1.661E-01 2.717E+00 2.000E+05 0.000E+00 4.712E+05 3.211E+06
1.71420827E-03   6534.8 1.665E-01 5.312E+10 1.626E-01 2.713E+00 2.000E+05 0.000E+00 2.724E+05 2.756E+06
2.36630360E-03   6585.6 2.300E-01 7.035E+10 1.614E-01 2.736E+00 2.000E+05 0.000E+00 1.549E+05 2.390E+06
3.23372751E-03   6644.2 3.143E-01 9.308E+10 1.633E-01 2.787E+00 2.000E+05 0.000E+00 9.190E+04 2.099E+06
4.36332211E-03   6710.5 4.241E-01 1.228E+11 1.687E-01 2.864E+00 2.000E+05 0.000E+00 4.435E+04 1.869E+06
5.83214535E-03   6762.9 5.667E-01 1.585E+11 1.714E-01 2.918E+00 2.000E+05 0.000E+00 1.520E+04 1.675E+06
7.76773704E-03   6807.3 7.546E-01 2.020E+11 1.728E-01 2.969E+00 2.000E+05 0.000E+00 3.178E+03 1.511E+06
1.03531525E-02   6839.6 1.005E+00 2.537E+11 1.713E-01 3.007E+00 2.000E+05 0.000E+00 0.000E+00 1.369E+06
1.38328975E-02   6869.6 1.343E+00 3.175E+11 1.697E-01 3.057E+00 2.000E+05 0.000E+00 0.000E+00 1.250E+06
1.85193100E-02   6896.7 1.797E+00 3.955E+11 1.680E-01 3.117E+00 2.000E+05 0.000E+00 0.000E+00 1.152E+06
2.48043908E-02   6925.8 2.406E+00 4.927E+11 1.679E-01 3.205E+00 2.000E+05 0.000E+00 0.000E+00 1.073E+06
3.31492012E-02   6956.7 3.213E+00 6.129E+11 1.695E-01 3.321E+00 2.000E+05 0.000E+00 0.000E+00 1.010E+06
4.40438975E-02   6995.0 4.265E+00 7.650E+11 1.750E-01 3.487E+00 2.000E+05 0.000E+00 0.000E+00 9.619E+05
5.80124910E-02   7036.3 5.612E+00 9.519E+11 1.833E-01 3.695E+00 2.000E+05 0.000E+00 0.000E+00 9.254E+05
7.56301799E-02   7082.8 7.306E+00 1.183E+12 1.956E-01 3.966E+00 2.000E+05 0.000E+00 0.000E+00 8.984E+05
9.73992013E-02   7136.5 9.393E+00 1.471E+12 2.134E-01 4.318E+00 2.000E+05 0.000E+00 0.000E+00 8.793E+05
1.23718925E-01   7197.7 1.191E+01 1.828E+12 2.378E-01 4.776E+00 2.000E+05 0.000E+00 0.000E+00 8.665E+05
1.54854608E-01   7267.5 1.486E+01 2.271E+12 2.711E-01 5.377E+00 2.000E+05 1.140E-08 0.000E+00 8.592E+05
1.90829926E-01   7348.1 1.825E+01 2.827E+12 3.167E-01 6.181E+00 2.000E+05 6.554E-06 7.850E+00 8.568E+05
2.31313834E-01   7442.7 2.203E+01 3.529E+12 3.806E-01 7.276E+00 2.000E+05 6.120E-05 6.103E+01 8.593E+05
2.75580333E-01   7553.9 2.610E+01 4.420E+12 4.710E-01 8.783E+00 2.000E+05 2.658E-04 1.124E+02 8.669E+05
3.22554326E-01   7686.3 3.034E+01 5.559E+12 6.005E-01 1.085E+01 2.000E+05 7.613E-04 1.615E+02 8.806E+05
3.71082482E-01   7840.4 3.460E+01 6.985E+12 7.837E-01 1.366E+01 2.000E+05 1.746E-03 2.089E+02 9.012E+05
4.20239059E-01   8018.4 3.876E+01 8.728E+12 1.039E+00 1.741E+01 2.000E+05 3.577E-03 2.625E+02 9.297E+05
4.69564467E-01   8223.7 4.272E+01 1.079E+13 1.379E+00 2.216E+01 2.000E+05 6.577E-03 3.268E+02 9.679E+05
5.19447656E-01   8458.2 4.646E+01 1.307E+13 1.796E+00 2.757E+01 2.000E+05 9.791E-03 3.932E+02 1.017E+06
5.71643623E-01   8725.0 5.010E+01 1.542E+13 2.246E+00 3.301E+01 2.000E+05 1.017E-02 4.226E+02 1.077E+06
6.29218454E-01   9027.2 5.384E+01 1.764E+13 2.615E+00 3.671E+01 2.000E+05 6.551E-03 3.613E+02 1.147E+06
6.97765226E-01   9366.7 5.811E+01 1.963E+13 2.823E+00 3.812E+01 2.000E+05 2.402E-03 2.380E+02 1.229E+06
7.85853574E-01   9750.7 6.361E+01 2.152E+13 2.833E+00 3.696E+01 2.000E+05 4.754E-04 1.283E+02 1.329E+06
9.06167971E-01  10185.0 7.134E+01 2.367E+13 2.708E+00 3.448E+01 2.000E+05 5.618E-05 6.159E+01 1.448E+06
1.07644269E+00  10678.1 8.276E+01 2.653E+13 2.516E+00 3.157E+01 2.000E+05 4.845E-06 2.450E+01 1.568E+06
1.32246877E+00  11237.3 9.994E+01 3.064E+13 2.317E+00 2.895E+01 2.000E+05 2.519E-07 2.051E+00 1.665E+06
1.67920415E+00  11873.5 1.257E+02 3.662E+13 2.130E+00 2.667E+01 2.000E+05 1.532E-10 0.000E+00 1.731E+06
2.19557432E+00  12594.5 1.641E+02 4.520E+13 1.969E+00 2.474E+01 2.000E+05 0.000E+00 0.000E+00 1.762E+06
2.93448738E+00  13398.2 2.203E+02 5.730E+13 1.850E+00 2.329E+01 2.000E+05 1.727E-08 0.000E+00 1.760E+06
3.97235413E+00  14289.2 3.005E+02 7.394E+13 1.773E+00 2.225E+01 2.000E+05 8.279E-08 7.100E+00 1.766E+06
5.39944138E+00  15255.6 4.120E+02 9.602E+13 1.733E+00 2.163E+01 2.000E+05 1.138E-07 9.252E+00 1.829E+06
7.34996409E+00  16310.7 5.655E+02 1.244E+14 1.688E+00 2.097E+01 2.000E+05 4.826E-08 0.000E+00 1.943E+06
1.00252153E+01  17450.6 7.779E+02 1.606E+14 1.640E+00 2.030E+01 2.000E+05 0.000E+00 0.000E+00 2.065E+06
1.36919841E+01  18690.6 1.071E+03 2.069E+14 1.600E+00 1.978E+01 2.000E+05 0.000E+00 0.000E+00 2.168E+06
1.86734208E+01  20030.6 1.472E+03 2.655E+14 1.579E+00 1.950E+01 2.000E+05 0.000E+00 0.000E+00 2.254E+06
2.53672334E+01  21484.2 2.011E+03 3.383E+14 1.575E+00 1.942E+01 2.000E+05 0.000E+00 0.000E+00 2.335E+06
3.42549579E+01  23050.0 2.726E+03 4.276E+14 1.592E+00 1.960E+01 2.000E+05 0.000E+00 0.000E+00 2.417E+06
4.59091143E+01  24743.4 3.661E+03 5.350E+14 1.629E+00 1.999E+01 2.000E+05 0.000E+00 0.000E+00 2.502E+06
6.09789698E+01  26563.6 4.869E+03 6.627E+14 1.691E+00 1.977E+01 2.000E+05 0.000E+00 0.000E+00 2.590E+06
PRADK 8.8099E+00
BEGIN                    ITERATION  15 COMPLETED
