
       Teff log g  [M]a Vturb  l/H  E(B-V)    U       B       V      BOL     BC      U-B     B-V(J)  B-V(H) 
    1  3500  0.00 -0.50  2.00  1.25  0.00  -9.438 -11.795 -12.887 -22.077  -2.216   2.006   1.695   1.679
    2  3500  0.50 -0.50  2.00  1.25  0.00  -9.813 -11.909 -12.861 -22.077  -2.242   1.738   1.555   1.539
    3  3500  1.00 -0.50  2.00  1.25  0.00 -10.184 -12.025 -12.845 -22.077  -2.257   1.475   1.424   1.408
    4  3500  1.50 -0.50  2.00  1.25  0.00 -10.545 -12.152 -12.851 -22.077  -2.251   1.235   1.302   1.286
    5  3500  2.00 -0.50  2.00  1.25  0.00 -10.880 -12.292 -12.882 -22.077  -2.220   1.033   1.194   1.178
    6  3500  2.50 -0.50  2.00  1.25  0.00 -11.185 -12.443 -12.941 -22.077  -2.162   0.874   1.101   1.085
    7  3500  3.00 -0.50  2.00  1.25  0.00 -11.445 -12.596 -13.028 -22.077  -2.075   0.764   1.035   1.019
    8  3500  3.50 -0.50  2.00  1.25  0.00 -11.643 -12.743 -13.157 -22.077  -1.946   0.713   1.017   1.001
    9  3500  4.00 -0.50  2.00  1.25  0.00 -11.787 -12.870 -13.311 -22.077  -1.792   0.697   1.044   1.028
   10  3500  4.50 -0.50  2.00  1.25  0.00 -11.863 -12.954 -13.444 -22.077  -1.658   0.706   1.094   1.078
   11  3500  5.00 -0.50  2.00  1.25  0.00 -11.815 -12.955 -13.526 -22.077  -1.577   0.759   1.174   1.158
   12  3750  0.00 -0.50  2.00  1.25  0.00 -10.272 -12.814 -13.914 -22.376  -1.488   2.197   1.704   1.688
   13  3750  0.50 -0.50  2.00  1.25  0.00 -10.594 -12.903 -13.910 -22.376  -1.492   1.959   1.610   1.594
   14  3750  1.00 -0.50  2.00  1.25  0.00 -10.895 -12.977 -13.895 -22.376  -1.507   1.726   1.522   1.506
   15  3750  1.50 -0.50  2.00  1.25  0.00 -11.185 -13.049 -13.879 -22.376  -1.523   1.503   1.434   1.418
   16  3750  2.00 -0.50  2.00  1.25  0.00 -11.458 -13.124 -13.867 -22.376  -1.535   1.300   1.347   1.331
   17  3750  2.50 -0.50  2.00  1.25  0.00 -11.708 -13.206 -13.866 -22.376  -1.536   1.128   1.263   1.247
   18  3750  3.00 -0.50  2.00  1.25  0.00 -11.928 -13.289 -13.877 -22.376  -1.525   0.987   1.191   1.175
   19  3750  3.50 -0.50  2.00  1.25  0.00 -12.096 -13.368 -13.906 -22.376  -1.496   0.895   1.142   1.126
   20  3750  4.00 -0.50  2.00  1.25  0.00 -12.202 -13.428 -13.962 -22.376  -1.440   0.849   1.137   1.121
   21  3750  4.50 -0.50  2.00  1.25  0.00 -12.301 -13.490 -14.038 -22.376  -1.364   0.811   1.151   1.135
   22  3750  5.00 -0.50  2.00  1.25  0.00 -12.353 -13.530 -14.106 -22.376  -1.296   0.799   1.180   1.164
   23  4000  0.00 -0.50  2.00  1.25  0.00 -11.331 -13.634 -14.595 -22.656  -1.088   1.956   1.564   1.548
   24  4000  0.50 -0.50  2.00  1.25  0.00 -11.613 -13.718 -14.602 -22.656  -1.081   1.754   1.487   1.471
   25  4000  1.00 -0.50  2.00  1.25  0.00 -11.857 -13.778 -14.599 -22.656  -1.084   1.566   1.424   1.408
   26  4000  1.50 -0.50  2.00  1.25  0.00 -12.068 -13.825 -14.590 -22.656  -1.092   1.398   1.368   1.352
   27  4000  2.00 -0.50  2.00  1.25  0.00 -12.257 -13.866 -14.579 -22.656  -1.104   1.247   1.316   1.300
   28  4000  2.50 -0.50  2.00  1.25  0.00 -12.413 -13.904 -14.567 -22.656  -1.115   1.125   1.267   1.251
   29  4000  3.00 -0.50  2.00  1.25  0.00 -12.548 -13.942 -14.558 -22.656  -1.125   1.025   1.219   1.203
   30  4000  3.50 -0.50  2.00  1.25  0.00 -12.655 -13.976 -14.553 -22.656  -1.130   0.950   1.180   1.164
   31  4000  4.00 -0.50  2.00  1.25  0.00 -12.721 -14.003 -14.559 -22.656  -1.123   0.908   1.160   1.144
   32  4000  4.50 -0.50  2.00  1.25  0.00 -12.772 -14.020 -14.584 -22.656  -1.099   0.874   1.167   1.151
   33  4000  5.00 -0.50  2.00  1.25  0.00 -12.830 -14.042 -14.618 -22.656  -1.065   0.838   1.179   1.163
   34  4250  0.00 -0.50  2.00  1.25  0.00 -12.365 -14.310 -15.125 -22.920  -0.821   1.593   1.419   1.403
   35  4250  0.50 -0.50  2.00  1.25  0.00 -12.619 -14.393 -15.134 -22.920  -0.812   1.418   1.345   1.329
   36  4250  1.00 -0.50  2.00  1.25  0.00 -12.832 -14.451 -15.134 -22.920  -0.812   1.260   1.286   1.270
   37  4250  1.50 -0.50  2.00  1.25  0.00 -13.008 -14.493 -15.128 -22.920  -0.818   1.122   1.238   1.222
   38  4250  2.00 -0.50  2.00  1.25  0.00 -13.159 -14.528 -15.119 -22.920  -0.827   1.004   1.195   1.179
   39  4250  2.50 -0.50  2.00  1.25  0.00 -13.271 -14.553 -15.108 -22.920  -0.837   0.914   1.159   1.143
   40  4250  3.00 -0.50  2.00  1.25  0.00 -13.343 -14.570 -15.098 -22.920  -0.848   0.856   1.132   1.116
   41  4250  3.50 -0.50  2.00  1.25  0.00 -13.378 -14.576 -15.086 -22.920  -0.860   0.826   1.114   1.098
   42  4250  4.00 -0.50  2.00  1.25  0.00 -13.384 -14.576 -15.076 -22.920  -0.870   0.819   1.104   1.088
   43  4250  4.50 -0.50  2.00  1.25  0.00 -13.370 -14.566 -15.072 -22.920  -0.874   0.823   1.109   1.093
   44  4250  5.00 -0.50  2.00  1.25  0.00 -13.363 -14.553 -15.078 -22.920  -0.868   0.816   1.129   1.113
   45  4500  0.00 -0.50  2.00  1.25  0.00 -13.213 -14.877 -15.565 -23.168  -0.629   1.306   1.292   1.276
   46  4500  0.50 -0.50  2.00  1.25  0.00 -13.434 -14.952 -15.573 -23.168  -0.621   1.157   1.225   1.209
   47  4500  1.00 -0.50  2.00  1.25  0.00 -13.616 -15.005 -15.574 -23.168  -0.620   1.026   1.172   1.156
   48  4500  1.50 -0.50  2.00  1.25  0.00 -13.766 -15.043 -15.569 -23.168  -0.625   0.911   1.129   1.113
   49  4500  2.00 -0.50  2.00  1.25  0.00 -13.892 -15.074 -15.561 -23.168  -0.633   0.812   1.091   1.075
   50  4500  2.50 -0.50  2.00  1.25  0.00 -13.993 -15.098 -15.552 -23.168  -0.642   0.733   1.058   1.042
   51  4500  3.00 -0.50  2.00  1.25  0.00 -14.060 -15.114 -15.542 -23.168  -0.652   0.681   1.031   1.015
   52  4500  3.50 -0.50  2.00  1.25  0.00 -14.091 -15.122 -15.532 -23.168  -0.662   0.657   1.014   0.998
   53  4500  4.00 -0.50  2.00  1.25  0.00 -14.086 -15.118 -15.520 -23.168  -0.674   0.657   1.006   0.990
   54  4500  4.50 -0.50  2.00  1.25  0.00 -14.053 -15.106 -15.509 -23.168  -0.685   0.678   1.006   0.990
   55  4500  5.00 -0.50  2.00  1.25  0.00 -14.004 -15.084 -15.499 -23.168  -0.695   0.705   1.019   1.003
   56  4750  0.00 -0.50  2.00  1.25  0.00 -13.952 -15.388 -15.947 -23.403  -0.482   1.072   1.162   1.146
   57  4750  0.50 -0.50  2.00  1.25  0.00 -14.145 -15.452 -15.952 -23.403  -0.477   0.941   1.104   1.088
   58  4750  1.00 -0.50  2.00  1.25  0.00 -14.303 -15.497 -15.952 -23.403  -0.477   0.825   1.058   1.042
   59  4750  1.50 -0.50  2.00  1.25  0.00 -14.431 -15.529 -15.948 -23.403  -0.481   0.726   1.022   1.006
   60  4750  2.00 -0.50  2.00  1.25  0.00 -14.534 -15.553 -15.941 -23.403  -0.488   0.645   0.992   0.976
   61  4750  2.50 -0.50  2.00  1.25  0.00 -14.619 -15.572 -15.933 -23.403  -0.496   0.577   0.965   0.949
   62  4750  3.00 -0.50  2.00  1.25  0.00 -14.681 -15.587 -15.925 -23.403  -0.503   0.529   0.942   0.926
   63  4750  3.50 -0.50  2.00  1.25  0.00 -14.715 -15.596 -15.917 -23.403  -0.512   0.503   0.924   0.908
   64  4750  4.00 -0.50  2.00  1.25  0.00 -14.721 -15.598 -15.908 -23.403  -0.521   0.499   0.913   0.897
   65  4750  4.50 -0.50  2.00  1.25  0.00 -14.699 -15.593 -15.898 -23.403  -0.531   0.515   0.909   0.893
   66  4750  5.00 -0.50  2.00  1.25  0.00 -14.653 -15.578 -15.887 -23.403  -0.542   0.547   0.912   0.896
   67  5000  0.00 -0.50  2.00  1.25  0.00 -14.625 -15.867 -16.288 -23.626  -0.363   0.871   1.025   1.009
   68  5000  0.50 -0.50  2.00  1.25  0.00 -14.789 -15.914 -16.288 -23.626  -0.364   0.753   0.978   0.962
   69  5000  1.00 -0.50  2.00  1.25  0.00 -14.926 -15.948 -16.284 -23.626  -0.367   0.647   0.939   0.923
   70  5000  1.50 -0.50  2.00  1.25  0.00 -15.038 -15.972 -16.278 -23.626  -0.373   0.558   0.910   0.894
   71  5000  2.00 -0.50  2.00  1.25  0.00 -15.125 -15.988 -16.272 -23.626  -0.380   0.485   0.887   0.871
   72  5000  2.50 -0.50  2.00  1.25  0.00 -15.194 -16.000 -16.264 -23.626  -0.387   0.426   0.868   0.852
   73  5000  3.00 -0.50  2.00  1.25  0.00 -15.244 -16.009 -16.258 -23.626  -0.394   0.384   0.852   0.836
   74  5000  3.50 -0.50  2.00  1.25  0.00 -15.274 -16.015 -16.251 -23.626  -0.400   0.359   0.840   0.824
   75  5000  4.00 -0.50  2.00  1.25  0.00 -15.284 -16.018 -16.245 -23.626  -0.407   0.351   0.831   0.815
   76  5000  4.50 -0.50  2.00  1.25  0.00 -15.273 -16.016 -16.238 -23.626  -0.413   0.361   0.826   0.810
   77  5000  5.00 -0.50  2.00  1.25  0.00 -15.242 -16.010 -16.230 -23.626  -0.421   0.386   0.824   0.808
   78  5250  0.00 -0.50  2.00  1.25  0.00 -15.230 -16.316 -16.598 -23.837  -0.266   0.710   0.885   0.869
   79  5250  0.50 -0.50  2.00  1.25  0.00 -15.358 -16.343 -16.591 -23.837  -0.273   0.606   0.852   0.836
   80  5250  1.00 -0.50  2.00  1.25  0.00 -15.472 -16.363 -16.583 -23.837  -0.281   0.511   0.823   0.807
   81  5250  1.50 -0.50  2.00  1.25  0.00 -15.568 -16.377 -16.574 -23.837  -0.290   0.427   0.800   0.784
   82  5250  2.00 -0.50  2.00  1.25  0.00 -15.644 -16.385 -16.565 -23.837  -0.298   0.357   0.784   0.768
   83  5250  2.50 -0.50  2.00  1.25  0.00 -15.703 -16.389 -16.557 -23.837  -0.307   0.301   0.771   0.755
   84  5250  3.00 -0.50  2.00  1.25  0.00 -15.746 -16.391 -16.550 -23.837  -0.314   0.259   0.763   0.747
   85  5250  3.50 -0.50  2.00  1.25  0.00 -15.772 -16.391 -16.544 -23.837  -0.320   0.233   0.757   0.741
   86  5250  4.00 -0.50  2.00  1.25  0.00 -15.782 -16.389 -16.539 -23.837  -0.324   0.222   0.753   0.737
   87  5250  4.50 -0.50  2.00  1.25  0.00 -15.775 -16.387 -16.535 -23.837  -0.329   0.226   0.751   0.735
   88  5250  5.00 -0.50  2.00  1.25  0.00 -15.753 -16.383 -16.531 -23.837  -0.333   0.245   0.751   0.735
   89  5500  0.00 -0.50  2.00  1.25  0.00 -15.765 -16.733 -16.879 -24.039  -0.187   0.586   0.749   0.733
   90  5500  0.50 -0.50  2.00  1.25  0.00 -15.858 -16.742 -16.866 -24.039  -0.200   0.500   0.728   0.712
   91  5500  1.00 -0.50  2.00  1.25  0.00 -15.948 -16.748 -16.854 -24.039  -0.212   0.414   0.709   0.693
   92  5500  1.50 -0.50  2.00  1.25  0.00 -16.027 -16.750 -16.842 -24.039  -0.224   0.336   0.695   0.679
   93  5500  2.00 -0.50  2.00  1.25  0.00 -16.093 -16.749 -16.831 -24.039  -0.235   0.267   0.685   0.669
   94  5500  2.50 -0.50  2.00  1.25  0.00 -16.146 -16.746 -16.820 -24.039  -0.245   0.210   0.678   0.662
   95  5500  3.00 -0.50  2.00  1.25  0.00 -16.186 -16.740 -16.811 -24.039  -0.254   0.164   0.675   0.659
   96  5500  3.50 -0.50  2.00  1.25  0.00 -16.212 -16.733 -16.804 -24.039  -0.262   0.131   0.674   0.658
   97  5500  4.00 -0.50  2.00  1.25  0.00 -16.224 -16.727 -16.799 -24.039  -0.266   0.113   0.676   0.660
   98  5500  4.50 -0.50  2.00  1.25  0.00 -16.222 -16.721 -16.796 -24.039  -0.269   0.109   0.679   0.663
   99  5500  5.00 -0.50  2.00  1.25  0.00 -16.207 -16.716 -16.794 -24.039  -0.272   0.120   0.682   0.666
  100  5750  0.00 -0.50  2.00  1.25  0.00 -16.231 -17.115 -17.134 -24.233  -0.125   0.496   0.622   0.606
  101  5750  0.50 -0.50  2.00  1.25  0.00 -16.292 -17.109 -17.118 -24.233  -0.141   0.427   0.612   0.596
  102  5750  1.00 -0.50  2.00  1.25  0.00 -16.359 -17.103 -17.103 -24.233  -0.156   0.353   0.603   0.587
  103  5750  1.50 -0.50  2.00  1.25  0.00 -16.423 -17.095 -17.088 -24.233  -0.171   0.280   0.596   0.580
  104  5750  2.00 -0.50  2.00  1.25  0.00 -16.480 -17.085 -17.074 -24.233  -0.185   0.213   0.592   0.576
  105  5750  2.50 -0.50  2.00  1.25  0.00 -16.527 -17.073 -17.061 -24.233  -0.198   0.153   0.592   0.576
  106  5750  3.00 -0.50  2.00  1.25  0.00 -16.565 -17.060 -17.050 -24.233  -0.209   0.101   0.593   0.577
  107  5750  3.50 -0.50  2.00  1.25  0.00 -16.593 -17.047 -17.040 -24.233  -0.218   0.060   0.596   0.580
  108  5750  4.00 -0.50  2.00  1.25  0.00 -16.610 -17.036 -17.034 -24.233  -0.225   0.032   0.601   0.585
  109  5750  4.50 -0.50  2.00  1.25  0.00 -16.616 -17.025 -17.030 -24.233  -0.229   0.017   0.608   0.592
  110  5750  5.00 -0.50  2.00  1.25  0.00 -16.608 -17.017 -17.028 -24.233  -0.231   0.017   0.614   0.598
  111  6000  0.00 -0.50  2.00  1.25  0.00 -16.648 -17.467 -17.364 -24.417  -0.080   0.425   0.500   0.484
  112  6000  0.50 -0.50  2.00  1.25  0.00 -16.673 -17.446 -17.349 -24.417  -0.095   0.378   0.506   0.490
  113  6000  1.00 -0.50  2.00  1.25  0.00 -16.717 -17.430 -17.333 -24.417  -0.111   0.318   0.506   0.490
  114  6000  1.50 -0.50  2.00  1.25  0.00 -16.765 -17.413 -17.316 -24.417  -0.127   0.253   0.506   0.490
  115  6000  2.00 -0.50  2.00  1.25  0.00 -16.811 -17.395 -17.300 -24.417  -0.144   0.187   0.508   0.492
  116  6000  2.50 -0.50  2.00  1.25  0.00 -16.853 -17.376 -17.284 -24.417  -0.159   0.125   0.512   0.496
  117  6000  3.00 -0.50  2.00  1.25  0.00 -16.890 -17.356 -17.270 -24.417  -0.174   0.069   0.518   0.502
  118  6000  3.50 -0.50  2.00  1.25  0.00 -16.919 -17.336 -17.257 -24.417  -0.186   0.020   0.525   0.509
  119  6000  4.00 -0.50  2.00  1.25  0.00 -16.942 -17.318 -17.248 -24.417  -0.196  -0.020   0.533   0.517
  120  6000  4.50 -0.50  2.00  1.25  0.00 -16.955 -17.304 -17.242 -24.417  -0.202  -0.047   0.542   0.526
  121  6000  5.00 -0.50  2.00  1.25  0.00 -16.957 -17.292 -17.239 -24.417  -0.205  -0.060   0.551   0.535
  122  6250  0.50 -0.50  2.00  1.25  0.00 -17.021 -17.760 -17.559 -24.595  -0.062   0.341   0.402   0.386
  123  6250  1.00 -0.50  2.00  1.25  0.00 -17.036 -17.732 -17.545 -24.595  -0.075   0.296   0.417   0.401
  124  6250  1.50 -0.50  2.00  1.25  0.00 -17.067 -17.707 -17.529 -24.595  -0.092   0.241   0.425   0.409
  125  6250  2.00 -0.50  2.00  1.25  0.00 -17.101 -17.682 -17.511 -24.595  -0.110   0.181   0.432   0.416
  126  6250  2.50 -0.50  2.00  1.25  0.00 -17.136 -17.656 -17.493 -24.595  -0.128   0.120   0.440   0.424
  127  6250  3.00 -0.50  2.00  1.25  0.00 -17.170 -17.629 -17.475 -24.595  -0.145   0.059   0.450   0.434
  128  6250  3.50 -0.50  2.00  1.25  0.00 -17.200 -17.603 -17.460 -24.595  -0.161   0.003   0.460   0.444
  129  6250  4.00 -0.50  2.00  1.25  0.00 -17.227 -17.580 -17.447 -24.595  -0.174  -0.047   0.471   0.455
  130  6250  4.50 -0.50  2.00  1.25  0.00 -17.248 -17.559 -17.437 -24.595  -0.184  -0.087   0.481   0.465
  131  6250  5.00 -0.50  2.00  1.25  0.00 -17.259 -17.543 -17.432 -24.595  -0.189  -0.114   0.492   0.476
  132  6500  0.50 -0.50  2.00  1.25  0.00 -17.344 -18.054 -17.751 -24.765  -0.040   0.305   0.301   0.285
  133  6500  1.00 -0.50  2.00  1.25  0.00 -17.332 -18.017 -17.741 -24.765  -0.050   0.282   0.327   0.311
  134  6500  1.50 -0.50  2.00  1.25  0.00 -17.340 -17.982 -17.727 -24.765  -0.064   0.238   0.349   0.333
  135  6500  2.00 -0.50  2.00  1.25  0.00 -17.361 -17.950 -17.709 -24.765  -0.082   0.186   0.363   0.347
  136  6500  2.50 -0.50  2.00  1.25  0.00 -17.387 -17.917 -17.690 -24.765  -0.101   0.128   0.376   0.360
  137  6500  3.00 -0.50  2.00  1.25  0.00 -17.415 -17.884 -17.670 -24.765  -0.121   0.067   0.389   0.373
  138  6500  3.50 -0.50  2.00  1.25  0.00 -17.445 -17.852 -17.650 -24.765  -0.141   0.005   0.402   0.386
  139  6500  4.00 -0.50  2.00  1.25  0.00 -17.474 -17.822 -17.633 -24.765  -0.158  -0.054   0.415   0.399
  140  6500  4.50 -0.50  2.00  1.25  0.00 -17.500 -17.796 -17.620 -24.765  -0.171  -0.105   0.427   0.411
  141  6500  5.00 -0.50  2.00  1.25  0.00 -17.521 -17.775 -17.611 -24.765  -0.180  -0.146   0.439   0.423
  142  6750  0.50 -0.50  2.00  1.25  0.00 -17.635 -18.311 -17.931 -24.929  -0.024   0.268   0.224   0.208
  143  6750  1.00 -0.50  2.00  1.25  0.00 -17.612 -18.284 -17.920 -24.929  -0.035   0.265   0.239   0.223
  144  6750  1.50 -0.50  2.00  1.25  0.00 -17.598 -18.242 -17.910 -24.929  -0.045   0.239   0.271   0.255
  145  6750  2.00 -0.50  2.00  1.25  0.00 -17.600 -18.200 -17.895 -24.929  -0.060   0.194   0.299   0.283
  146  6750  2.50 -0.50  2.00  1.25  0.00 -17.614 -18.161 -17.875 -24.929  -0.080   0.142   0.318   0.302
  147  6750  3.00 -0.50  2.00  1.25  0.00 -17.635 -18.123 -17.854 -24.929  -0.101   0.083   0.334   0.318
  148  6750  3.50 -0.50  2.00  1.25  0.00 -17.661 -18.085 -17.832 -24.929  -0.123   0.019   0.350   0.334
  149  6750  4.00 -0.50  2.00  1.25  0.00 -17.690 -18.049 -17.811 -24.929  -0.144  -0.045   0.365   0.349
  150  6750  4.50 -0.50  2.00  1.25  0.00 -17.720 -18.017 -17.793 -24.929  -0.162  -0.106   0.379   0.363
  151  6750  5.00 -0.50  2.00  1.25  0.00 -17.748 -17.991 -17.779 -24.929  -0.176  -0.160   0.392   0.376
  152  7000  0.50 -0.50  2.00  1.25  0.00 -17.903 -18.538 -18.098 -25.087  -0.014   0.224   0.164   0.148
  153  7000  1.00 -0.50  2.00  1.25  0.00 -17.869 -18.519 -18.088 -25.087  -0.025   0.240   0.173   0.157
  154  7000  1.50 -0.50  2.00  1.25  0.00 -17.843 -18.488 -18.078 -25.087  -0.035   0.236   0.193   0.177
  155  7000  2.00 -0.50  2.00  1.25  0.00 -17.826 -18.439 -18.067 -25.087  -0.046   0.205   0.231   0.215
  156  7000  2.50 -0.50  2.00  1.25  0.00 -17.826 -18.392 -18.050 -25.087  -0.063   0.158   0.262   0.246
  157  7000  3.00 -0.50  2.00  1.25  0.00 -17.838 -18.348 -18.028 -25.087  -0.085   0.103   0.284   0.268
  158  7000  3.50 -0.50  2.00  1.25  0.00 -17.857 -18.304 -18.005 -25.087  -0.108   0.041   0.304   0.288
  159  7000  4.00 -0.50  2.00  1.25  0.00 -17.883 -18.263 -17.981 -25.087  -0.132  -0.025   0.321   0.305
  160  7000  4.50 -0.50  2.00  1.25  0.00 -17.913 -18.225 -17.959 -25.087  -0.154  -0.093   0.337   0.321
  161  7000  5.00 -0.50  2.00  1.25  0.00 -17.945 -18.192 -17.940 -25.087  -0.173  -0.157   0.352   0.336
  162  7250  0.50 -0.50  2.00  1.25  0.00 -18.144 -18.731 -18.253 -25.239  -0.012   0.175   0.126   0.110
  163  7250  1.00 -0.50  2.00  1.25  0.00 -18.109 -18.728 -18.245 -25.239  -0.021   0.207   0.120   0.104
  164  7250  1.50 -0.50  2.00  1.25  0.00 -18.071 -18.703 -18.236 -25.239  -0.029   0.220   0.136   0.120
  165  7250  2.00 -0.50  2.00  1.25  0.00 -18.044 -18.666 -18.225 -25.239  -0.041   0.211   0.162   0.146
  166  7250  2.50 -0.50  2.00  1.25  0.00 -18.028 -18.612 -18.212 -25.239  -0.053   0.175   0.204   0.188
  167  7250  3.00 -0.50  2.00  1.25  0.00 -18.028 -18.560 -18.193 -25.239  -0.072   0.124   0.237   0.221
  168  7250  3.50 -0.50  2.00  1.25  0.00 -18.039 -18.512 -18.169 -25.239  -0.096   0.066   0.261   0.245
  169  7250  4.00 -0.50  2.00  1.25  0.00 -18.060 -18.465 -18.143 -25.239  -0.122  -0.001   0.281   0.265
  170  7250  4.50 -0.50  2.00  1.25  0.00 -18.088 -18.422 -18.118 -25.239  -0.148  -0.072   0.300   0.284
  171  7250  5.00 -0.50  2.00  1.25  0.00 -18.121 -18.383 -18.095 -25.239  -0.170  -0.144   0.316   0.300
  172  7500  0.50 -0.50  2.00  1.25  0.00 -18.348 -18.868 -18.392 -25.386  -0.020   0.106   0.128   0.112
  173  7500  1.00 -0.50  2.00  1.25  0.00 -18.334 -18.909 -18.386 -25.386  -0.026   0.160   0.081   0.065
  174  7500  1.50 -0.50  2.00  1.25  0.00 -18.291 -18.895 -18.381 -25.386  -0.032   0.190   0.090   0.074
  175  7500  2.00 -0.50  2.00  1.25  0.00 -18.251 -18.865 -18.373 -25.386  -0.040   0.201   0.111   0.095
  176  7500  2.50 -0.50  2.00  1.25  0.00 -18.222 -18.822 -18.360 -25.386  -0.052   0.188   0.142   0.126
  177  7500  3.00 -0.50  2.00  1.25  0.00 -18.208 -18.763 -18.346 -25.386  -0.066   0.146   0.186   0.170
  178  7500  3.50 -0.50  2.00  1.25  0.00 -18.211 -18.709 -18.324 -25.386  -0.088   0.089   0.219   0.203
  179  7500  4.00 -0.50  2.00  1.25  0.00 -18.225 -18.657 -18.298 -25.386  -0.114   0.025   0.244   0.228
  180  7500  4.50 -0.50  2.00  1.25  0.00 -18.248 -18.608 -18.271 -25.386  -0.142  -0.047   0.266   0.250
  181  7500  5.00 -0.50  2.00  1.25  0.00 -18.280 -18.564 -18.245 -25.386  -0.168  -0.123   0.284   0.268
  182  7750  1.00 -0.50  2.00  1.25  0.00 -18.537 -19.058 -18.514 -25.529  -0.041   0.105   0.060   0.044
  183  7750  1.50 -0.50  2.00  1.25  0.00 -18.497 -19.062 -18.512 -25.529  -0.043   0.149   0.054   0.038
  184  7750  2.00 -0.50  2.00  1.25  0.00 -18.449 -19.039 -18.508 -25.529  -0.047   0.175   0.072   0.056
  185  7750  2.50 -0.50  2.00  1.25  0.00 -18.411 -19.004 -18.498 -25.529  -0.057   0.180   0.098   0.082
  186  7750  3.00 -0.50  2.00  1.25  0.00 -18.385 -18.956 -18.485 -25.529  -0.070   0.160   0.132   0.116
  187  7750  3.50 -0.50  2.00  1.25  0.00 -18.375 -18.896 -18.469 -25.529  -0.086   0.112   0.176   0.160
  188  7750  4.00 -0.50  2.00  1.25  0.00 -18.381 -18.840 -18.445 -25.529  -0.110   0.050   0.209   0.193
  189  7750  4.50 -0.50  2.00  1.25  0.00 -18.399 -18.786 -18.417 -25.529  -0.138  -0.020   0.234   0.218
  190  7750  5.00 -0.50  2.00  1.25  0.00 -18.428 -18.737 -18.388 -25.529  -0.167  -0.098   0.255   0.239
  191  8000  1.00 -0.50  2.00  1.25  0.00 -18.718 -19.167 -18.623 -25.667  -0.070   0.032   0.060   0.044
  192  8000  1.50 -0.50  2.00  1.25  0.00 -18.690 -19.205 -18.629 -25.667  -0.064   0.098   0.028   0.012
  193  8000  2.00 -0.50  2.00  1.25  0.00 -18.641 -19.194 -18.629 -25.667  -0.064   0.137   0.038   0.022
  194  8000  2.50 -0.50  2.00  1.25  0.00 -18.594 -19.166 -18.624 -25.667  -0.069   0.157   0.062   0.046
  195  8000  3.00 -0.50  2.00  1.25  0.00 -18.557 -19.126 -18.614 -25.667  -0.079   0.156   0.091   0.075
  196  8000  3.50 -0.50  2.00  1.25  0.00 -18.534 -19.074 -18.600 -25.667  -0.093   0.129   0.130   0.114
  197  8000  4.00 -0.50  2.00  1.25  0.00 -18.530 -19.012 -18.582 -25.667  -0.111   0.073   0.173   0.157
  198  8000  4.50 -0.50  2.00  1.25  0.00 -18.542 -18.955 -18.555 -25.667  -0.138   0.005   0.204   0.188
  199  8000  5.00 -0.50  2.00  1.25  0.00 -18.565 -18.901 -18.526 -25.667  -0.167  -0.072   0.228   0.212
  200  8250  1.00 -0.50  2.00  1.25  0.00 -18.876 -19.238 -18.705 -25.800  -0.122  -0.055   0.071   0.055
  201  8250  1.50 -0.50  2.00  1.25  0.00 -18.865 -19.321 -18.731 -25.800  -0.095   0.038   0.013  -0.003
  202  8250  2.00 -0.50  2.00  1.25  0.00 -18.821 -19.328 -18.736 -25.800  -0.090   0.089   0.012  -0.004
  203  8250  2.50 -0.50  2.00  1.25  0.00 -18.770 -19.309 -18.735 -25.800  -0.091   0.123   0.030   0.014
  204  8250  3.00 -0.50  2.00  1.25  0.00 -18.724 -19.275 -18.730 -25.800  -0.096   0.137   0.058   0.042
  205  8250  3.50 -0.50  2.00  1.25  0.00 -18.691 -19.232 -18.719 -25.800  -0.107   0.129   0.091   0.075
  206  8250  4.00 -0.50  2.00  1.25  0.00 -18.675 -19.176 -18.705 -25.800  -0.122   0.090   0.133   0.117
  207  8250  4.50 -0.50  2.00  1.25  0.00 -18.679 -19.115 -18.684 -25.800  -0.142   0.026   0.173   0.157
  208  8250  5.00 -0.50  2.00  1.25  0.00 -18.696 -19.057 -18.657 -25.800  -0.170  -0.048   0.203   0.187
  209  8500  1.50 -0.50  2.00  1.25  0.00 -19.019 -19.414 -18.819 -25.930  -0.138  -0.023   0.008  -0.008
  210  8500  2.00 -0.50  2.00  1.25  0.00 -18.984 -19.440 -18.830 -25.930  -0.127   0.037  -0.007  -0.023
  211  8500  2.50 -0.50  2.00  1.25  0.00 -18.935 -19.432 -18.833 -25.930  -0.123   0.079   0.005  -0.011
  212  8500  3.00 -0.50  2.00  1.25  0.00 -18.887 -19.406 -18.833 -25.930  -0.123   0.104   0.030   0.014
  213  8500  3.50 -0.50  2.00  1.25  0.00 -18.846 -19.370 -18.827 -25.930  -0.129   0.110   0.061   0.045
  214  8500  4.00 -0.50  2.00  1.25  0.00 -18.818 -19.323 -18.816 -25.930  -0.140   0.093   0.096   0.080
  215  8500  4.50 -0.50  2.00  1.25  0.00 -18.811 -19.264 -18.801 -25.930  -0.155   0.043   0.140   0.124
  216  8500  5.00 -0.50  2.00  1.25  0.00 -18.822 -19.205 -18.779 -25.930  -0.177  -0.027   0.178   0.162
  217  8750  1.50 -0.50  2.00  1.25  0.00 -19.158 -19.493 -18.895 -26.056  -0.187  -0.084   0.005  -0.011
  218  8750  2.00 -0.50  2.00  1.25  0.00 -19.131 -19.535 -18.912 -26.056  -0.170  -0.015  -0.019  -0.035
  219  8750  2.50 -0.50  2.00  1.25  0.00 -19.087 -19.537 -18.919 -26.056  -0.163   0.032  -0.014  -0.030
  220  8750  3.00 -0.50  2.00  1.25  0.00 -19.038 -19.520 -18.922 -26.056  -0.160   0.065   0.006  -0.010
  221  8750  3.50 -0.50  2.00  1.25  0.00 -18.993 -19.490 -18.921 -26.056  -0.161   0.082   0.035   0.019
  222  8750  4.00 -0.50  2.00  1.25  0.00 -18.959 -19.451 -18.916 -26.056  -0.166   0.079   0.069   0.053
  223  8750  4.50 -0.50  2.00  1.25  0.00 -18.939 -19.400 -18.904 -26.056  -0.178   0.050   0.108   0.092
  224  8750  5.00 -0.50  2.00  1.25  0.00 -18.944 -19.342 -18.890 -26.056  -0.192  -0.011   0.151   0.135
  225  9000  1.50 -0.50  2.00  0.00  0.00 -19.288 -19.563 -18.963 -26.178  -0.241  -0.144   0.003  -0.013
  226  9000  2.00 -0.50  2.00  0.00  0.00 -19.263 -19.618 -18.987 -26.178  -0.217  -0.064  -0.027  -0.043
  227  9000  2.50 -0.50  2.00  0.00  0.00 -19.223 -19.629 -18.996 -26.178  -0.208  -0.013  -0.029  -0.045
  228  9000  3.00 -0.50  2.00  0.00  0.00 -19.175 -19.618 -19.001 -26.178  -0.203   0.026  -0.014  -0.030
  229  9000  3.50 -0.50  2.00  0.00  0.00 -19.129 -19.595 -19.004 -26.178  -0.201   0.050   0.012  -0.004
  230  9000  4.00 -0.50  2.00  0.00  0.00 -19.091 -19.562 -19.003 -26.178  -0.202   0.057   0.044   0.028
  231  9000  4.50 -0.50  2.00  0.00  0.00 -19.067 -19.519 -18.997 -26.178  -0.208   0.041   0.081   0.065
  232  9000  5.00 -0.50  2.00  0.00  0.00 -19.060 -19.468 -18.986 -26.178  -0.218  -0.003   0.122   0.106
  233  9250  2.00 -0.50  2.00  0.00  0.00 -19.385 -19.693 -19.056 -26.297  -0.267  -0.112  -0.033  -0.049
  234  9250  2.50 -0.50  2.00  0.00  0.00 -19.347 -19.711 -19.067 -26.297  -0.256  -0.056  -0.040  -0.056
  235  9250  3.00 -0.50  2.00  0.00  0.00 -19.301 -19.706 -19.073 -26.297  -0.250  -0.014  -0.029  -0.045
  236  9250  3.50 -0.50  2.00  0.00  0.00 -19.255 -19.687 -19.077 -26.297  -0.247   0.015  -0.007  -0.023
  237  9250  4.00 -0.50  2.00  0.00  0.00 -19.215 -19.659 -19.079 -26.297  -0.245   0.029   0.023   0.007
  238  9250  4.50 -0.50  2.00  0.00  0.00 -19.186 -19.623 -19.077 -26.297  -0.246   0.024   0.058   0.042
  239  9250  5.00 -0.50  2.00  0.00  0.00 -19.173 -19.577 -19.071 -26.297  -0.252  -0.006   0.097   0.081
  240  9500  2.00 -0.50  2.00  0.00  0.00 -19.501 -19.763 -19.121 -26.413  -0.318  -0.158  -0.038  -0.054
  241  9500  2.50 -0.50  2.00  0.00  0.00 -19.464 -19.785 -19.133 -26.413  -0.306  -0.099  -0.049  -0.065
  242  9500  3.00 -0.50  2.00  0.00  0.00 -19.420 -19.785 -19.139 -26.413  -0.300  -0.055  -0.042  -0.058
  243  9500  3.50 -0.50  2.00  0.00  0.00 -19.374 -19.770 -19.143 -26.413  -0.296  -0.021  -0.023  -0.039
  244  9500  4.00 -0.50  2.00  0.00  0.00 -19.331 -19.746 -19.147 -26.413  -0.292  -0.001   0.004  -0.012
  245  9500  4.50 -0.50  2.00  0.00  0.00 -19.299 -19.714 -19.149 -26.413  -0.291   0.002   0.038   0.022
  246  9500  5.00 -0.50  2.00  0.00  0.00 -19.280 -19.674 -19.147 -26.413  -0.292  -0.018   0.077   0.061
  247  9750  2.00 -0.50  2.00  0.00  0.00 -19.611 -19.829 -19.183 -26.526  -0.369  -0.202  -0.043  -0.059
  248  9750  2.50 -0.50  2.00  0.00  0.00 -19.574 -19.855 -19.196 -26.526  -0.356  -0.140  -0.056  -0.072
  249  9750  3.00 -0.50  2.00  0.00  0.00 -19.531 -19.857 -19.202 -26.526  -0.350  -0.093  -0.052  -0.068
  250  9750  3.50 -0.50  2.00  0.00  0.00 -19.485 -19.846 -19.206 -26.526  -0.346  -0.057  -0.036  -0.052
  251  9750  4.00 -0.50  2.00  0.00  0.00 -19.441 -19.825 -19.210 -26.526  -0.342  -0.033  -0.011  -0.027
  252  9750  4.50 -0.50  2.00  0.00  0.00 -19.405 -19.796 -19.213 -26.526  -0.339  -0.024   0.021   0.005
  253  9750  5.00 -0.50  2.00  0.00  0.00 -19.383 -19.760 -19.214 -26.526  -0.338  -0.035   0.058   0.042
  254 10000  2.00 -0.50  2.00  0.00  0.00 -19.715 -19.892 -19.241 -26.636  -0.421  -0.244  -0.047  -0.063
  255 10000  2.50 -0.50  2.00  0.00  0.00 -19.678 -19.920 -19.255 -26.636  -0.407  -0.179  -0.062  -0.078
  256 10000  3.00 -0.50  2.00  0.00  0.00 -19.635 -19.925 -19.261 -26.636  -0.401  -0.131  -0.060  -0.076
  257 10000  3.50 -0.50  2.00  0.00  0.00 -19.589 -19.916 -19.265 -26.636  -0.397  -0.093  -0.047  -0.063
  258 10000  4.00 -0.50  2.00  0.00  0.00 -19.545 -19.897 -19.269 -26.636  -0.393  -0.065  -0.025  -0.041
  259 10000  4.50 -0.50  2.00  0.00  0.00 -19.507 -19.871 -19.273 -26.636  -0.389  -0.051   0.005  -0.011
  260 10000  5.00 -0.50  2.00  0.00  0.00 -19.482 -19.839 -19.276 -26.636  -0.386  -0.056   0.041   0.025
  261 10250  2.00 -0.50  2.00  0.00  0.00 -19.815 -19.953 -19.297 -26.743  -0.472  -0.283  -0.052  -0.068
  262 10250  2.50 -0.50  2.00  0.00  0.00 -19.777 -19.982 -19.311 -26.743  -0.458  -0.217  -0.067  -0.083
  263 10250  3.00 -0.50  2.00  0.00  0.00 -19.735 -19.988 -19.317 -26.743  -0.452  -0.167  -0.067  -0.083
  264 10250  3.50 -0.50  2.00  0.00  0.00 -19.689 -19.981 -19.321 -26.743  -0.449  -0.128  -0.057  -0.073
  265 10250  4.00 -0.50  2.00  0.00  0.00 -19.645 -19.965 -19.324 -26.743  -0.445  -0.098  -0.037  -0.053
  266 10250  4.50 -0.50  2.00  0.00  0.00 -19.606 -19.941 -19.328 -26.743  -0.441  -0.080  -0.010  -0.026
  267 10250  5.00 -0.50  2.00  0.00  0.00 -19.577 -19.911 -19.332 -26.743  -0.437  -0.079   0.025   0.009
  268 10500  2.00 -0.50  2.00  0.00  0.00 -19.909 -20.010 -19.351 -26.848  -0.523  -0.320  -0.056  -0.072
  269 10500  2.50 -0.50  2.00  0.00  0.00 -19.872 -20.041 -19.365 -26.848  -0.508  -0.252  -0.072  -0.088
  270 10500  3.00 -0.50  2.00  0.00  0.00 -19.829 -20.048 -19.371 -26.848  -0.503  -0.202  -0.073  -0.089
  271 10500  3.50 -0.50  2.00  0.00  0.00 -19.785 -20.042 -19.374 -26.848  -0.500  -0.162  -0.065  -0.081
  272 10500  4.00 -0.50  2.00  0.00  0.00 -19.740 -20.028 -19.377 -26.848  -0.497  -0.131  -0.048  -0.064
  273 10500  4.50 -0.50  2.00  0.00  0.00 -19.700 -20.006 -19.380 -26.848  -0.493  -0.110  -0.022  -0.038
  274 10500  5.00 -0.50  2.00  0.00  0.00 -19.668 -19.978 -19.385 -26.848  -0.489  -0.104   0.010  -0.006
  275 10750  2.00 -0.50  2.00  0.00  0.00 -19.999 -20.066 -19.402 -26.950  -0.574  -0.355  -0.060  -0.076
  276 10750  2.50 -0.50  2.00  0.00  0.00 -19.961 -20.097 -19.417 -26.950  -0.559  -0.286  -0.076  -0.092
  277 10750  3.00 -0.50  2.00  0.00  0.00 -19.919 -20.105 -19.422 -26.950  -0.554  -0.236  -0.079  -0.095
  278 10750  3.50 -0.50  2.00  0.00  0.00 -19.875 -20.100 -19.425 -26.950  -0.551  -0.195  -0.072  -0.088
  279 10750  4.00 -0.50  2.00  0.00  0.00 -19.831 -20.087 -19.427 -26.950  -0.549  -0.163  -0.057  -0.073
  280 10750  4.50 -0.50  2.00  0.00  0.00 -19.790 -20.067 -19.430 -26.950  -0.546  -0.140  -0.034  -0.050
  281 10750  5.00 -0.50  2.00  0.00  0.00 -19.756 -20.041 -19.435 -26.950  -0.541  -0.130  -0.003  -0.019
  282 11000  2.00 -0.50  2.00  0.00  0.00 -20.085 -20.119 -19.451 -27.050  -0.625  -0.388  -0.064  -0.080
  283 11000  2.50 -0.50  2.00  0.00  0.00 -20.047 -20.151 -19.467 -27.050  -0.609  -0.318  -0.081  -0.097
  284 11000  3.00 -0.50  2.00  0.00  0.00 -20.005 -20.159 -19.472 -27.050  -0.604  -0.267  -0.084  -0.100
  285 11000  3.50 -0.50  2.00  0.00  0.00 -19.962 -20.155 -19.474 -27.050  -0.602  -0.227  -0.078  -0.094
  286 11000  4.00 -0.50  2.00  0.00  0.00 -19.918 -20.143 -19.475 -27.050  -0.601  -0.194  -0.064  -0.080
  287 11000  4.50 -0.50  2.00  0.00  0.00 -19.877 -20.125 -19.478 -27.050  -0.598  -0.170  -0.043  -0.059
  288 11000  5.00 -0.50  2.00  0.00  0.00 -19.842 -20.101 -19.483 -27.050  -0.593  -0.157  -0.015  -0.031
  289 11250  2.00 -0.50  2.00  0.00  0.00 -20.166 -20.170 -19.498 -27.147  -0.675  -0.418  -0.068  -0.084
  290 11250  2.50 -0.50  2.00  0.00  0.00 -20.129 -20.203 -19.514 -27.147  -0.659  -0.348  -0.085  -0.101
  291 11250  3.00 -0.50  2.00  0.00  0.00 -20.087 -20.212 -19.519 -27.147  -0.654  -0.297  -0.089  -0.105
  292 11250  3.50 -0.50  2.00  0.00  0.00 -20.044 -20.208 -19.521 -27.147  -0.653  -0.257  -0.084  -0.100
  293 11250  4.00 -0.50  2.00  0.00  0.00 -20.001 -20.196 -19.522 -27.147  -0.652  -0.224  -0.071  -0.087
  294 11250  4.50 -0.50  2.00  0.00  0.00 -19.961 -20.179 -19.524 -27.147  -0.650  -0.199  -0.052  -0.068
  295 11250  5.00 -0.50  2.00  0.00  0.00 -19.925 -20.157 -19.528 -27.147  -0.646  -0.185  -0.025  -0.041
  296 11500  2.00 -0.50  2.00  0.00  0.00 -20.243 -20.219 -19.543 -27.243  -0.726  -0.446  -0.072  -0.088
  297 11500  2.50 -0.50  2.00  0.00  0.00 -20.207 -20.253 -19.560 -27.243  -0.709  -0.376  -0.090  -0.106
  298 11500  3.00 -0.50  2.00  0.00  0.00 -20.165 -20.262 -19.565 -27.243  -0.704  -0.326  -0.093  -0.109
  299 11500  3.50 -0.50  2.00  0.00  0.00 -20.123 -20.258 -19.566 -27.243  -0.703  -0.286  -0.089  -0.105
  300 11500  4.00 -0.50  2.00  0.00  0.00 -20.080 -20.247 -19.566 -27.243  -0.702  -0.253  -0.077  -0.093
  301 11500  4.50 -0.50  2.00  0.00  0.00 -20.040 -20.231 -19.568 -27.243  -0.701  -0.228  -0.060  -0.076
  302 11500  5.00 -0.50  2.00  0.00  0.00 -20.005 -20.210 -19.571 -27.243  -0.698  -0.212  -0.035  -0.051
  303 11750  2.00 -0.50  2.00  0.00  0.00 -20.317 -20.266 -19.587 -27.336  -0.776  -0.473  -0.076  -0.092
  304 11750  2.50 -0.50  2.00  0.00  0.00 -20.281 -20.301 -19.604 -27.336  -0.759  -0.402  -0.094  -0.110
  305 11750  3.00 -0.50  2.00  0.00  0.00 -20.240 -20.310 -19.609 -27.336  -0.754  -0.352  -0.098  -0.114
  306 11750  3.50 -0.50  2.00  0.00  0.00 -20.198 -20.307 -19.610 -27.336  -0.753  -0.313  -0.094  -0.110
  307 11750  4.00 -0.50  2.00  0.00  0.00 -20.156 -20.296 -19.610 -27.336  -0.753  -0.280  -0.083  -0.099
  308 11750  4.50 -0.50  2.00  0.00  0.00 -20.116 -20.281 -19.611 -27.336  -0.752  -0.255  -0.066  -0.082
  309 11750  5.00 -0.50  2.00  0.00  0.00 -20.081 -20.260 -19.613 -27.336  -0.749  -0.238  -0.043  -0.059
  310 12000  2.50 -0.50  2.00  0.00  0.00 -20.352 -20.347 -19.646 -27.428  -0.808  -0.427  -0.098  -0.114
  311 12000  3.00 -0.50  2.00  0.00  0.00 -20.312 -20.357 -19.651 -27.428  -0.803  -0.378  -0.102  -0.118
  312 12000  3.50 -0.50  2.00  0.00  0.00 -20.270 -20.353 -19.652 -27.428  -0.802  -0.338  -0.098  -0.114
  313 12000  4.00 -0.50  2.00  0.00  0.00 -20.229 -20.343 -19.651 -27.428  -0.802  -0.306  -0.088  -0.104
  314 12000  4.50 -0.50  2.00  0.00  0.00 -20.190 -20.328 -19.652 -27.428  -0.802  -0.281  -0.073  -0.089
  315 12000  5.00 -0.50  2.00  0.00  0.00 -20.155 -20.309 -19.654 -27.428  -0.800  -0.263  -0.051  -0.067
  316 12250  2.50 -0.50  2.00  0.00  0.00 -20.420 -20.392 -19.687 -27.517  -0.856  -0.450  -0.102  -0.118
  317 12250  3.00 -0.50  2.00  0.00  0.00 -20.380 -20.402 -19.692 -27.517  -0.852  -0.401  -0.106  -0.122
  318 12250  3.50 -0.50  2.00  0.00  0.00 -20.339 -20.399 -19.692 -27.517  -0.851  -0.363  -0.103  -0.119
  319 12250  4.00 -0.50  2.00  0.00  0.00 -20.299 -20.389 -19.692 -27.517  -0.851  -0.331  -0.093  -0.109
  320 12250  4.50 -0.50  2.00  0.00  0.00 -20.260 -20.374 -19.692 -27.517  -0.851  -0.306  -0.078  -0.094
  321 12250  5.00 -0.50  2.00  0.00  0.00 -20.225 -20.355 -19.694 -27.517  -0.850  -0.288  -0.058  -0.074
  322 12500  2.50 -0.50  2.00  0.00  0.00 -20.485 -20.436 -19.726 -27.605  -0.905  -0.472  -0.106  -0.122
  323 12500  3.00 -0.50  2.00  0.00  0.00 -20.446 -20.445 -19.731 -27.605  -0.900  -0.424  -0.111  -0.127
  324 12500  3.50 -0.50  2.00  0.00  0.00 -20.406 -20.442 -19.731 -27.605  -0.900  -0.386  -0.107  -0.123
  325 12500  4.00 -0.50  2.00  0.00  0.00 -20.366 -20.432 -19.731 -27.605  -0.900  -0.355  -0.098  -0.114
  326 12500  4.50 -0.50  2.00  0.00  0.00 -20.328 -20.418 -19.731 -27.605  -0.900  -0.329  -0.084  -0.100
  327 12500  5.00 -0.50  2.00  0.00  0.00 -20.293 -20.400 -19.732 -27.605  -0.899  -0.312  -0.064  -0.080
  328 12750  2.50 -0.50  2.00  0.00  0.00 -20.548 -20.478 -19.765 -27.691  -0.952  -0.493  -0.110  -0.126
  329 12750  3.00 -0.50  2.00  0.00  0.00 -20.509 -20.487 -19.769 -27.691  -0.948  -0.445  -0.115  -0.131
  330 12750  3.50 -0.50  2.00  0.00  0.00 -20.470 -20.484 -19.769 -27.691  -0.948  -0.408  -0.111  -0.127
  331 12750  4.00 -0.50  2.00  0.00  0.00 -20.430 -20.475 -19.769 -27.691  -0.948  -0.377  -0.102  -0.118
  332 12750  4.50 -0.50  2.00  0.00  0.00 -20.393 -20.460 -19.768 -27.691  -0.949  -0.352  -0.089  -0.105
  333 12750  5.00 -0.50  2.00  0.00  0.00 -20.359 -20.443 -19.769 -27.691  -0.948  -0.334  -0.070  -0.086
  334 13000  2.50 -0.50  2.00  0.00  0.00 -20.608 -20.519 -19.802 -27.775  -0.999  -0.513  -0.114  -0.130
  335 13000  3.00 -0.50  2.00  0.00  0.00 -20.570 -20.528 -19.806 -27.775  -0.995  -0.465  -0.119  -0.135
  336 13000  3.50 -0.50  2.00  0.00  0.00 -20.531 -20.525 -19.806 -27.775  -0.995  -0.428  -0.115  -0.131
  337 13000  4.00 -0.50  2.00  0.00  0.00 -20.493 -20.516 -19.805 -27.775  -0.996  -0.398  -0.107  -0.123
  338 13000  4.50 -0.50  2.00  0.00  0.00 -20.456 -20.502 -19.805 -27.775  -0.997  -0.374  -0.093  -0.109
  339 13000  5.00 -0.50  2.00  0.00  0.00 -20.422 -20.484 -19.805 -27.775  -0.996  -0.356  -0.076  -0.092
  340 14000  2.00 -0.50  2.00  0.00  0.00 -20.878 -20.635 -19.926 -28.097  -1.197  -0.667  -0.105  -0.121
  341 14000  2.50 -0.50  2.00  0.00  0.00 -20.834 -20.674 -19.943 -28.097  -1.181  -0.584  -0.128  -0.144
  342 14000  3.00 -0.50  2.00  0.00  0.00 -20.793 -20.681 -19.944 -28.097  -1.179  -0.536  -0.134  -0.150
  343 14000  3.50 -0.50  2.00  0.00  0.00 -20.755 -20.677 -19.943 -28.097  -1.180  -0.501  -0.131  -0.147
  344 14000  4.00 -0.50  2.00  0.00  0.00 -20.720 -20.668 -19.942 -28.097  -1.182  -0.474  -0.123  -0.139
  345 14000  4.50 -0.50  2.00  0.00  0.00 -20.686 -20.655 -19.941 -28.097  -1.182  -0.452  -0.111  -0.127
  346 14000  5.00 -0.50  2.00  0.00  0.00 -20.655 -20.639 -19.941 -28.097  -1.182  -0.436  -0.094  -0.110
  347 15000  2.50 -0.50  2.00  0.00  0.00 -21.040 -20.817 -20.073 -28.397  -1.350  -0.647  -0.141  -0.157
  348 15000  3.00 -0.50  2.00  0.00  0.00 -20.994 -20.822 -20.071 -28.397  -1.352  -0.596  -0.147  -0.163
  349 15000  3.50 -0.50  2.00  0.00  0.00 -20.955 -20.816 -20.067 -28.397  -1.355  -0.562  -0.145  -0.161
  350 15000  4.00 -0.50  2.00  0.00  0.00 -20.920 -20.806 -20.065 -28.397  -1.358  -0.537  -0.137  -0.153
  351 15000  4.50 -0.50  2.00  0.00  0.00 -20.889 -20.793 -20.064 -28.397  -1.359  -0.518  -0.126  -0.142
  352 15000  5.00 -0.50  2.00  0.00  0.00 -20.861 -20.778 -20.064 -28.397  -1.359  -0.503  -0.111  -0.127
  353 16000  2.50 -0.50  2.00  0.00  0.00 -21.231 -20.951 -20.195 -28.677  -1.508  -0.705  -0.152  -0.168
  354 16000  3.00 -0.50  2.00  0.00  0.00 -21.178 -20.953 -20.189 -28.677  -1.514  -0.650  -0.160  -0.176
  355 16000  3.50 -0.50  2.00  0.00  0.00 -21.135 -20.944 -20.183 -28.677  -1.521  -0.615  -0.158  -0.174
  356 16000  4.00 -0.50  2.00  0.00  0.00 -21.100 -20.932 -20.178 -28.677  -1.525  -0.591  -0.151  -0.167
  357 16000  4.50 -0.50  2.00  0.00  0.00 -21.070 -20.919 -20.176 -28.677  -1.527  -0.573  -0.140  -0.156
  358 16000  5.00 -0.50  2.00  0.00  0.00 -21.045 -20.905 -20.176 -28.677  -1.527  -0.561  -0.126  -0.142
  359 17000  2.50 -0.50  2.00  0.00  0.00 -21.412 -21.078 -20.312 -28.940  -1.654  -0.760  -0.162  -0.178
  360 17000  3.00 -0.50  2.00  0.00  0.00 -21.351 -21.077 -20.302 -28.940  -1.665  -0.700  -0.171  -0.187
  361 17000  3.50 -0.50  2.00  0.00  0.00 -21.303 -21.065 -20.291 -28.940  -1.675  -0.663  -0.170  -0.186
  362 17000  4.00 -0.50  2.00  0.00  0.00 -21.266 -21.051 -20.284 -28.940  -1.682  -0.639  -0.163  -0.179
  363 17000  4.50 -0.50  2.00  0.00  0.00 -21.236 -21.037 -20.281 -28.940  -1.686  -0.622  -0.153  -0.169
  364 17000  5.00 -0.50  2.00  0.00  0.00 -21.211 -21.022 -20.280 -28.940  -1.687  -0.611  -0.139  -0.155
  365 18000  2.50 -0.50  2.00  0.00  0.00 -21.585 -21.198 -20.425 -29.189  -1.790  -0.812  -0.169  -0.185
  366 18000  3.00 -0.50  2.00  0.00  0.00 -21.515 -21.195 -20.410 -29.189  -1.805  -0.746  -0.182  -0.198
  367 18000  3.50 -0.50  2.00  0.00  0.00 -21.462 -21.179 -20.395 -29.189  -1.820  -0.708  -0.181  -0.197
  368 18000  4.00 -0.50  2.00  0.00  0.00 -21.421 -21.163 -20.385 -29.189  -1.830  -0.682  -0.175  -0.191
  369 18000  4.50 -0.50  2.00  0.00  0.00 -21.389 -21.147 -20.379 -29.189  -1.836  -0.666  -0.165  -0.181
  370 18000  5.00 -0.50  2.00  0.00  0.00 -21.365 -21.132 -20.377 -29.189  -1.838  -0.655  -0.151  -0.167
  371 19000  2.50 -0.50  2.00  0.00  0.00 -21.750 -21.312 -20.534 -29.423  -1.915  -0.863  -0.175  -0.191
  372 19000  3.00 -0.50  2.00  0.00  0.00 -21.671 -21.308 -20.514 -29.423  -1.936  -0.789  -0.191  -0.207
  373 19000  3.50 -0.50  2.00  0.00  0.00 -21.612 -21.289 -20.494 -29.423  -1.955  -0.749  -0.191  -0.207
  374 19000  4.00 -0.50  2.00  0.00  0.00 -21.567 -21.270 -20.481 -29.423  -1.969  -0.723  -0.185  -0.201
  375 19000  4.50 -0.50  2.00  0.00  0.00 -21.534 -21.252 -20.473 -29.423  -1.976  -0.705  -0.176  -0.192
  376 19000  5.00 -0.50  2.00  0.00  0.00 -21.508 -21.236 -20.470 -29.423  -1.980  -0.695  -0.163  -0.179
  377 20000  3.00 -0.50  2.00  0.00  0.00 -21.820 -21.417 -20.615 -29.646  -2.057  -0.830  -0.198  -0.214
  378 20000  3.50 -0.50  2.00  0.00  0.00 -21.755 -21.395 -20.591 -29.646  -2.081  -0.787  -0.200  -0.216
  379 20000  4.00 -0.50  2.00  0.00  0.00 -21.707 -21.373 -20.574 -29.646  -2.098  -0.760  -0.195  -0.211
  380 20000  4.50 -0.50  2.00  0.00  0.00 -21.671 -21.353 -20.563 -29.646  -2.109  -0.742  -0.186  -0.202
  381 20000  5.00 -0.50  2.00  0.00  0.00 -21.644 -21.336 -20.558 -29.646  -2.114  -0.732  -0.174  -0.190
  382 21000  3.00 -0.50  2.00  0.00  0.00 -21.963 -21.522 -20.714 -29.858  -2.170  -0.868  -0.205  -0.221
  383 21000  3.50 -0.50  2.00  0.00  0.00 -21.892 -21.497 -20.685 -29.858  -2.200  -0.822  -0.208  -0.224
  384 21000  4.00 -0.50  2.00  0.00  0.00 -21.840 -21.472 -20.664 -29.858  -2.220  -0.794  -0.204  -0.220
  385 21000  4.50 -0.50  2.00  0.00  0.00 -21.801 -21.450 -20.651 -29.858  -2.233  -0.776  -0.196  -0.212
  386 21000  5.00 -0.50  2.00  0.00  0.00 -21.773 -21.431 -20.644 -29.858  -2.240  -0.766  -0.184  -0.200
  387 22000  3.00 -0.50  2.00  0.00  0.00 -22.100 -21.623 -20.809 -30.060  -2.277  -0.904  -0.211  -0.227
  388 22000  3.50 -0.50  2.00  0.00  0.00 -22.023 -21.595 -20.776 -30.060  -2.310  -0.855  -0.216  -0.232
  389 22000  4.00 -0.50  2.00  0.00  0.00 -21.967 -21.567 -20.751 -30.060  -2.335  -0.826  -0.212  -0.228
  390 22000  4.50 -0.50  2.00  0.00  0.00 -21.926 -21.544 -20.736 -30.060  -2.351  -0.808  -0.205  -0.221
  391 22000  5.00 -0.50  2.00  0.00  0.00 -21.896 -21.524 -20.727 -30.060  -2.360  -0.797  -0.194  -0.210
  392 23000  3.00 -0.50  2.00  0.00  0.00 -22.229 -21.720 -20.900 -30.253  -2.379  -0.937  -0.217  -0.233
  393 23000  3.50 -0.50  2.00  0.00  0.00 -22.150 -21.690 -20.865 -30.253  -2.415  -0.887  -0.222  -0.238
  394 23000  4.00 -0.50  2.00  0.00  0.00 -22.090 -21.660 -20.837 -30.253  -2.442  -0.856  -0.220  -0.236
  395 23000  4.50 -0.50  2.00  0.00  0.00 -22.046 -21.635 -20.818 -30.253  -2.461  -0.837  -0.213  -0.229
  396 23000  5.00 -0.50  2.00  0.00  0.00 -22.015 -21.613 -20.807 -30.253  -2.472  -0.827  -0.203  -0.219
  397 24000  3.00 -0.50  2.00  0.00  0.00 -22.353 -21.816 -20.990 -30.438  -2.475  -0.965  -0.223  -0.239
  398 24000  3.50 -0.50  2.00  0.00  0.00 -22.270 -21.782 -20.950 -30.438  -2.514  -0.915  -0.228  -0.244
  399 24000  4.00 -0.50  2.00  0.00  0.00 -22.207 -21.750 -20.920 -30.438  -2.544  -0.884  -0.227  -0.243
  400 24000  4.50 -0.50  2.00  0.00  0.00 -22.161 -21.723 -20.899 -30.438  -2.565  -0.865  -0.220  -0.236
  401 24000  5.00 -0.50  2.00  0.00  0.00 -22.128 -21.700 -20.886 -30.438  -2.578  -0.854  -0.211  -0.227
  402 25000  3.00 -0.50  2.00  0.00  0.00 -22.477 -21.912 -21.080 -30.615  -2.561  -0.993  -0.228  -0.244
  403 25000  3.50 -0.50  2.00  0.00  0.00 -22.385 -21.872 -21.033 -30.615  -2.608  -0.941  -0.235  -0.251
  404 25000  4.00 -0.50  2.00  0.00  0.00 -22.321 -21.838 -21.001 -30.615  -2.640  -0.910  -0.233  -0.249
  405 25000  4.50 -0.50  2.00  0.00  0.00 -22.273 -21.809 -20.978 -30.615  -2.663  -0.890  -0.228  -0.244
  406 25000  5.00 -0.50  2.00  0.00  0.00 -22.239 -21.786 -20.963 -30.615  -2.678  -0.879  -0.219  -0.235
  407 26000  3.00 -0.50  2.00  0.00  0.00 -22.601 -22.008 -21.173 -30.786  -2.639  -1.021  -0.232  -0.248
  408 26000  3.50 -0.50  2.00  0.00  0.00 -22.496 -21.961 -21.115 -30.786  -2.696  -0.963  -0.242  -0.258
  409 26000  4.00 -0.50  2.00  0.00  0.00 -22.429 -21.923 -21.080 -30.786  -2.732  -0.934  -0.240  -0.256
  410 26000  4.50 -0.50  2.00  0.00  0.00 -22.381 -21.893 -21.055 -30.786  -2.756  -0.915  -0.234  -0.250
  411 26000  5.00 -0.50  2.00  0.00  0.00 -22.345 -21.869 -21.039 -30.786  -2.772  -0.903  -0.226  -0.242
  412 27000  3.50 -0.50  2.00  0.00  0.00 -22.606 -22.050 -21.198 -30.949  -2.777  -0.985  -0.249  -0.265
  413 27000  4.00 -0.50  2.00  0.00  0.00 -22.534 -22.007 -21.157 -30.949  -2.819  -0.955  -0.246  -0.262
  414 27000  4.50 -0.50  2.00  0.00  0.00 -22.485 -21.975 -21.131 -30.949  -2.845  -0.937  -0.241  -0.257
  415 27000  5.00 -0.50  2.00  0.00  0.00 -22.449 -21.950 -21.114 -30.949  -2.862  -0.926  -0.233  -0.249
  416 28000  3.50 -0.50  2.00  0.00  0.00 -22.718 -22.141 -21.283 -31.107  -2.851  -1.006  -0.255  -0.271
  417 28000  4.00 -0.50  2.00  0.00  0.00 -22.637 -22.091 -21.234 -31.107  -2.899  -0.975  -0.253  -0.269
  418 28000  4.50 -0.50  2.00  0.00  0.00 -22.586 -22.057 -21.206 -31.107  -2.928  -0.957  -0.248  -0.264
  419 28000  5.00 -0.50  2.00  0.00  0.00 -22.550 -22.031 -21.188 -31.107  -2.946  -0.947  -0.240  -0.256
  420 29000  3.50 -0.50  2.00  0.00  0.00 -22.827 -22.230 -21.366 -31.260  -2.920  -1.027  -0.260  -0.276
  421 29000  4.00 -0.50  2.00  0.00  0.00 -22.741 -22.176 -21.313 -31.260  -2.973  -0.994  -0.260  -0.276
  422 29000  4.50 -0.50  2.00  0.00  0.00 -22.685 -22.138 -21.280 -31.260  -3.006  -0.976  -0.254  -0.270
  423 29000  5.00 -0.50  2.00  0.00  0.00 -22.649 -22.111 -21.261 -31.260  -3.025  -0.966  -0.247  -0.263
  424 30000  3.50 -0.50  2.00  0.00  0.00 -22.928 -22.312 -21.445 -31.407  -2.988  -1.045  -0.263  -0.279
  425 30000  4.00 -0.50  2.00  0.00  0.00 -22.844 -22.261 -21.392 -31.407  -3.042  -1.012  -0.266  -0.282
  426 30000  4.50 -0.50  2.00  0.00  0.00 -22.785 -22.219 -21.355 -31.407  -3.078  -0.994  -0.261  -0.277
  427 30000  5.00 -0.50  2.00  0.00  0.00 -22.747 -22.190 -21.333 -31.407  -3.100  -0.984  -0.253  -0.269
  428 31000  3.50 -0.50  2.00  0.00  0.00 -23.016 -22.385 -21.515 -31.549  -3.060  -1.060  -0.266  -0.282
  429 31000  4.00 -0.50  2.00  0.00  0.00 -22.943 -22.344 -21.468 -31.549  -3.107  -1.029  -0.272  -0.288
  430 31000  4.50 -0.50  2.00  0.00  0.00 -22.883 -22.301 -21.430 -31.549  -3.146  -1.011  -0.268  -0.284
  431 31000  5.00 -0.50  2.00  0.00  0.00 -22.843 -22.269 -21.406 -31.549  -3.170  -1.002  -0.260  -0.276
  432 32000  4.00 -0.50  2.00  0.00  0.00 -23.036 -22.422 -21.542 -31.687  -3.172  -1.044  -0.276  -0.292
  433 32000  4.50 -0.50  2.00  0.00  0.00 -22.978 -22.380 -21.503 -31.687  -3.210  -1.027  -0.273  -0.289
  434 32000  5.00 -0.50  2.00  0.00  0.00 -22.937 -22.348 -21.478 -31.687  -3.236  -1.018  -0.266  -0.282
  435 33000  4.00 -0.50  2.00  0.00  0.00 -23.118 -22.491 -21.608 -31.821  -3.240  -1.056  -0.280  -0.296
  436 33000  4.50 -0.50  2.00  0.00  0.00 -23.068 -22.456 -21.574 -31.821  -3.273  -1.041  -0.279  -0.295
  437 33000  5.00 -0.50  2.00  0.00  0.00 -23.027 -22.424 -21.548 -31.821  -3.299  -1.032  -0.272  -0.288
  438 34000  4.00 -0.50  2.00  0.00  0.00 -23.190 -22.553 -21.666 -31.951  -3.310  -1.067  -0.283  -0.299
  439 34000  4.50 -0.50  2.00  0.00  0.00 -23.149 -22.526 -21.639 -31.951  -3.338  -1.053  -0.283  -0.299
  440 34000  5.00 -0.50  2.00  0.00  0.00 -23.113 -22.497 -21.615 -31.951  -3.361  -1.045  -0.278  -0.294
  441 35000  4.00 -0.50  2.00  0.00  0.00 -23.253 -22.607 -21.718 -32.077  -3.385  -1.075  -0.286  -0.302
  442 35000  4.50 -0.50  2.00  0.00  0.00 -23.223 -22.589 -21.698 -32.077  -3.404  -1.063  -0.287  -0.303
  443 35000  5.00 -0.50  2.00  0.00  0.00 -23.191 -22.564 -21.678 -32.077  -3.425  -1.056  -0.283  -0.299
  444 36000  4.00 -0.50  2.00  0.00  0.00 -23.306 -22.654 -21.762 -32.199  -3.463  -1.082  -0.288  -0.304
  445 36000  4.50 -0.50  2.00  0.00  0.00 -23.287 -22.646 -21.751 -32.199  -3.474  -1.071  -0.291  -0.307
  446 36000  5.00 -0.50  2.00  0.00  0.00 -23.262 -22.626 -21.735 -32.199  -3.490  -1.066  -0.287  -0.303
  447 37000  4.00 -0.50  2.00  0.00  0.00 -23.353 -22.695 -21.801 -32.318  -3.543  -1.088  -0.290  -0.306
  448 37000  4.50 -0.50  2.00  0.00  0.00 -23.343 -22.695 -21.798 -32.318  -3.546  -1.078  -0.294  -0.310
  449 37000  5.00 -0.50  2.00  0.00  0.00 -23.325 -22.681 -21.787 -32.318  -3.557  -1.073  -0.291  -0.307
  450 38000  4.00 -0.50  2.00  0.00  0.00 -23.395 -22.733 -21.836 -32.434  -3.623  -1.092  -0.293  -0.309
  451 38000  4.50 -0.50  2.00  0.00  0.00 -23.392 -22.739 -21.839 -32.434  -3.621  -1.083  -0.296  -0.312
  452 38000  5.00 -0.50  2.00  0.00  0.00 -23.381 -22.731 -21.833 -32.434  -3.627  -1.080  -0.294  -0.310
  453 39000  4.00 -0.50  2.00  0.00  0.00 -23.433 -22.767 -21.869 -32.546  -3.703  -1.096  -0.294  -0.310
  454 39000  4.50 -0.50  2.00  0.00  0.00 -23.436 -22.778 -21.875 -32.546  -3.697  -1.088  -0.299  -0.315
  455 39000  5.00 -0.50  2.00  0.00  0.00 -23.429 -22.775 -21.873 -32.546  -3.699  -1.085  -0.298  -0.314
  456 40000  4.50 -0.50  2.00  0.00  0.00 -23.475 -22.813 -21.908 -32.656  -3.775  -1.092  -0.302  -0.318
  457 40000  5.00 -0.50  2.00  0.00  0.00 -23.472 -22.813 -21.909 -32.656  -3.773  -1.089  -0.300  -0.316
  458 41000  4.50 -0.50  2.00  0.00  0.00 -23.511 -22.846 -21.939 -32.764  -3.851  -1.095  -0.304  -0.320
  459 41000  5.00 -0.50  2.00  0.00  0.00 -23.511 -22.848 -21.942 -32.764  -3.848  -1.092  -0.303  -0.319
  460 42000  4.50 -0.50  2.00  0.00  0.00 -23.545 -22.877 -21.968 -32.868  -3.927  -1.099  -0.306  -0.322
  461 42000  5.00 -0.50  2.00  0.00  0.00 -23.546 -22.881 -21.972 -32.868  -3.923  -1.096  -0.305  -0.321
  462 43000  4.50 -0.50  2.00  0.00  0.00 -23.579 -22.907 -21.996 -32.971  -4.001  -1.102  -0.308  -0.324
  463 43000  5.00 -0.50  2.00  0.00  0.00 -23.579 -22.911 -22.000 -32.971  -3.997  -1.099  -0.308  -0.324
  464 44000  4.50 -0.50  2.00  0.00  0.00 -23.611 -22.936 -22.023 -33.070  -4.073  -1.105  -0.309  -0.325
  465 44000  5.00 -0.50  2.00  0.00  0.00 -23.611 -22.940 -22.026 -33.070  -4.070  -1.101  -0.310  -0.326
  466 45000  4.50 -0.50  2.00  0.00  0.00 -23.642 -22.964 -22.050 -33.168  -4.144  -1.108  -0.311  -0.327
  467 45000  5.00 -0.50  2.00  0.00  0.00 -23.641 -22.967 -22.052 -33.168  -4.142  -1.104  -0.312  -0.328
  468 46000  4.50 -0.50  2.00  0.00  0.00 -23.672 -22.992 -22.076 -33.263  -4.213  -1.111  -0.312  -0.328
  469 46000  5.00 -0.50  2.00  0.00  0.00 -23.670 -22.994 -22.077 -33.263  -4.212  -1.107  -0.313  -0.329
  470 47000  4.50 -0.50  2.00  0.00  0.00 -23.702 -23.019 -22.102 -33.357  -4.281  -1.114  -0.313  -0.329
  471 47000  5.00 -0.50  2.00  0.00  0.00 -23.699 -23.020 -22.102 -33.357  -4.281  -1.109  -0.315  -0.331
  472 48000  4.50 -0.50  2.00  0.00  0.00 -23.731 -23.045 -22.127 -33.448  -4.348  -1.117  -0.314  -0.330
  473 48000  5.00 -0.50  2.00  0.00  0.00 -23.727 -23.046 -22.126 -33.448  -4.349  -1.112  -0.316  -0.332
  474 49000  4.50 -0.50  2.00  0.00  0.00 -23.759 -23.070 -22.151 -33.538  -4.413  -1.120  -0.315  -0.331
  475 49000  5.00 -0.50  2.00  0.00  0.00 -23.754 -23.070 -22.149 -33.538  -4.415  -1.114  -0.318  -0.334
  476 50000  5.00 -0.50  2.00  0.00  0.00 -23.781 -23.095 -22.172 -33.626  -4.479  -1.117  -0.319  -0.335