TEFF   3500.  GRAVITY 2.50000 LTE
TITLE  [-1.5] N(He)/Ntot=0.0784 VTURB=2  L/H=1.25 NOVER
OPACITY IFOP 1 1 1 1 1 1 1 1 1 1 1 1 1 0 1 0 0 0 0 0
CONVECTION ON   1.25 TURBULENCE OFF  0.00  0.00  0.00  0.00
ABUNDANCE SCALE   0.03162 ABUNDANCE CHANGE 1 0.92150 2 0.07843
ABUNDANCE CHANGE  3 -10.94  4 -10.64  5  -9.49  6  -3.52  7  -4.12  8  -3.21
ABUNDANCE CHANGE  9  -7.48 10  -3.96 11  -5.71 12  -4.46 13  -5.57 14  -4.49
ABUNDANCE CHANGE 15  -6.59 16  -4.71 17  -6.54 18  -5.64 19  -6.92 20  -5.68
ABUNDANCE CHANGE 21  -8.87 22  -7.02 23  -8.04 24  -6.37 25  -6.65 26  -4.54
ABUNDANCE CHANGE 27  -7.12 28  -5.79 29  -7.83 30  -7.44 31  -9.16 32  -8.63
ABUNDANCE CHANGE 33  -9.67 34  -8.63 35  -9.41 36  -8.73 37  -9.44 38  -9.07
ABUNDANCE CHANGE 39  -9.80 40  -9.44 41 -10.62 42 -10.12 43 -20.00 44 -10.20
ABUNDANCE CHANGE 45 -10.92 46 -10.35 47 -11.10 48 -10.27 49 -10.38 50 -10.04
ABUNDANCE CHANGE 51 -11.04 52  -9.80 53 -10.53 54  -9.87 55 -10.91 56  -9.91
ABUNDANCE CHANGE 57 -10.87 58 -10.46 59 -11.33 60 -10.54 61 -20.00 62 -11.03
ABUNDANCE CHANGE 63 -11.53 64 -10.92 65 -11.69 66 -10.90 67 -11.78 68 -11.11
ABUNDANCE CHANGE 69 -12.04 70 -10.96 71 -11.98 72 -11.16 73 -12.17 74 -10.93
ABUNDANCE CHANGE 75 -11.76 76 -10.59 77 -10.69 78 -10.24 79 -11.03 80 -10.91
ABUNDANCE CHANGE 81 -11.14 82 -10.09 83 -11.33 84 -20.00 85 -20.00 86 -20.00
ABUNDANCE CHANGE 87 -20.00 88 -20.00 89 -20.00 90 -11.95 91 -20.00 92 -12.54
ABUNDANCE CHANGE 93 -20.00 94 -20.00 95 -20.00 96 -20.00 97 -20.00 98 -20.00
ABUNDANCE CHANGE 99 -20.00
READ DECK6 72 RHOX,T,P,XNE,ABROSS,ACCRAD,VTURB, FLXCNV,VCONV,VELSND
1.81138775E-03   2104.6 5.728E-01 3.465E+05 7.362E-05 7.763E-07 2.000E+05 0.000E+00 0.000E+00 4.066E+05
2.36885676E-03   2115.4 7.491E-01 4.468E+05 8.593E-05 1.022E-06 2.000E+05 0.000E+00 0.000E+00 4.013E+05
3.01377461E-03   2126.2 9.531E-01 5.624E+05 9.798E-05 1.323E-06 2.000E+05 0.000E+00 0.000E+00 3.978E+05
3.76478409E-03   2132.6 1.191E+00 6.912E+05 1.126E-04 1.696E-06 2.000E+05 0.000E+00 0.000E+00 3.942E+05
4.63691175E-03   2138.1 1.466E+00 8.377E+05 1.291E-04 2.161E-06 2.000E+05 0.000E+00 0.000E+00 3.912E+05
5.65429171E-03   2144.0 1.788E+00 1.007E+06 1.473E-04 2.744E-06 2.000E+05 0.000E+00 0.000E+00 3.887E+05
6.84438397E-03   2150.2 2.164E+00 1.204E+06 1.678E-04 3.481E-06 2.000E+05 0.000E+00 0.000E+00 3.866E+05
8.23727869E-03   2156.7 2.605E+00 1.432E+06 1.911E-04 4.414E-06 2.000E+05 0.000E+00 0.000E+00 3.849E+05
9.88768926E-03   2165.8 3.127E+00 1.709E+06 2.131E-04 5.604E-06 2.000E+05 0.000E+00 0.000E+00 3.841E+05
1.18034249E-02   2164.3 3.733E+00 1.990E+06 2.513E-04 7.127E-06 2.000E+05 0.000E+00 0.000E+00 3.803E+05
1.39899357E-02   2163.4 4.424E+00 2.305E+06 2.912E-04 9.089E-06 2.000E+05 0.000E+00 0.000E+00 3.768E+05
1.64717081E-02   2158.7 5.209E+00 2.636E+06 3.465E-04 1.163E-05 2.000E+05 0.000E+00 0.000E+00 3.722E+05
1.92699771E-02   2153.5 6.092E+00 2.994E+06 4.089E-04 1.495E-05 2.000E+05 0.000E+00 0.000E+00 3.674E+05
2.24404700E-02   2147.7 7.093E+00 3.383E+06 4.793E-04 1.931E-05 2.000E+05 0.000E+00 0.000E+00 3.624E+05
2.60562944E-02   2141.6 8.237E+00 3.812E+06 5.564E-04 2.507E-05 2.000E+05 0.000E+00 0.000E+00 3.574E+05
3.02279317E-02   2136.5 9.561E+00 4.304E+06 6.355E-04 3.270E-05 2.000E+05 0.000E+00 0.000E+00 3.527E+05
3.52368447E-02   2133.7 1.115E+01 4.902E+06 6.850E-04 4.284E-05 2.000E+05 0.000E+00 0.000E+00 3.487E+05
4.15533676E-02   2133.1 1.315E+01 5.663E+06 7.183E-04 5.629E-05 2.000E+05 0.000E+00 0.000E+00 3.452E+05
4.96122976E-02   2134.0 1.571E+01 6.635E+06 7.506E-04 7.410E-05 2.000E+05 0.000E+00 0.000E+00 3.421E+05
5.98989666E-02   2136.0 1.896E+01 7.867E+06 7.851E-04 9.766E-05 2.000E+05 0.000E+00 0.000E+00 3.391E+05
7.29979923E-02   2138.7 2.310E+01 9.414E+06 8.242E-04 1.288E-04 2.000E+05 0.000E+00 0.000E+00 3.363E+05
8.96400100E-02   2145.0 2.837E+01 1.142E+07 8.643E-04 1.697E-04 2.000E+05 0.000E+00 0.000E+00 3.346E+05
1.10950678E-01   2154.2 3.510E+01 1.401E+07 8.923E-04 2.235E-04 2.000E+05 0.000E+00 0.000E+00 3.335E+05
1.38858452E-01   2169.3 4.393E+01 1.752E+07 9.001E-04 2.937E-04 2.000E+05 0.000E+00 0.000E+00 3.340E+05
1.75569381E-01   2182.2 5.554E+01 2.203E+07 9.171E-04 3.848E-04 2.000E+05 0.000E+00 0.000E+00 3.336E+05
2.24250449E-01   2201.6 7.093E+01 2.825E+07 9.102E-04 5.029E-04 2.000E+05 0.000E+00 0.000E+00 3.348E+05
2.88958426E-01   2219.3 9.139E+01 3.638E+07 9.230E-04 6.553E-04 2.000E+05 0.000E+00 0.000E+00 3.354E+05
3.74406794E-01   2242.1 1.184E+02 4.748E+07 9.276E-04 8.516E-04 2.000E+05 0.000E+00 0.000E+00 3.371E+05
4.87910081E-01   2266.4 1.543E+02 6.239E+07 9.308E-04 1.103E-03 2.000E+05 0.000E+00 0.000E+00 3.391E+05
6.37656419E-01   2290.8 2.017E+02 8.215E+07 9.477E-04 1.425E-03 2.000E+05 0.000E+00 0.000E+00 3.409E+05
8.36991444E-01   2318.6 2.647E+02 1.091E+08 9.342E-04 1.838E-03 2.000E+05 0.000E+00 0.000E+00 3.434E+05
1.10356531E+00   2350.6 3.490E+02 1.465E+08 9.422E-04 2.363E-03 2.000E+05 0.000E+00 0.000E+00 3.467E+05
1.45719209E+00   2387.6 4.608E+02 1.984E+08 9.412E-04 3.029E-03 2.000E+05 6.355E-06 6.226E+03 3.511E+05
1.93827093E+00   2431.1 6.130E+02 2.727E+08 9.076E-04 3.867E-03 2.000E+05 7.092E-06 5.962E+03 3.569E+05
2.58715332E+00   2470.6 8.182E+02 3.728E+08 9.228E-04 4.912E-03 2.000E+05 1.489E-06 3.260E+03 3.614E+05
3.42945732E+00   2517.3 1.085E+03 5.109E+08 9.550E-04 6.222E-03 2.000E+05 3.266E-04 1.819E+04 3.676E+05
4.55657506E+00   2564.5 1.441E+03 7.000E+08 9.163E-04 7.834E-03 2.000E+05 3.417E-04 1.708E+04 3.737E+05
6.07358892E+00   2614.9 1.921E+03 9.630E+08 9.378E-04 9.773E-03 2.000E+05 8.973E-04 2.178E+04 3.803E+05
8.05702425E+00   2668.8 2.548E+03 1.321E+09 9.533E-04 1.209E-02 2.000E+05 8.823E-04 2.009E+04 3.877E+05
1.05960416E+01   2718.4 3.351E+03 1.785E+09 1.017E-03 1.485E-02 2.000E+05 1.663E-03 2.304E+04 3.939E+05
1.38365015E+01   2777.0 4.376E+03 2.420E+09 1.042E-03 1.808E-02 2.000E+05 3.497E-03 2.759E+04 4.022E+05
1.80087396E+01   2831.6 5.695E+03 3.254E+09 1.095E-03 2.173E-02 2.000E+05 2.190E-03 2.201E+04 4.094E+05
2.31573277E+01   2887.4 7.323E+03 4.339E+09 1.209E-03 2.593E-02 2.000E+05 4.215E-03 2.569E+04 4.168E+05
2.94181953E+01   2944.2 9.303E+03 5.746E+09 1.318E-03 3.079E-02 2.000E+05 4.938E-03 2.551E+04 4.245E+05
3.70239394E+01   2999.7 1.171E+04 7.561E+09 1.456E-03 3.636E-02 2.000E+05 4.684E-03 2.366E+04 4.318E+05
4.62236483E+01   3056.3 1.462E+04 9.936E+09 1.602E-03 4.277E-02 2.000E+05 6.370E-03 2.483E+04 4.393E+05
5.72943870E+01   3114.2 1.812E+04 1.307E+10 1.789E-03 5.020E-02 2.000E+05 6.363E-03 2.357E+04 4.469E+05
7.03732296E+01   3171.1 2.225E+04 1.710E+10 2.036E-03 5.919E-02 2.000E+05 8.048E-03 2.427E+04 4.543E+05
8.58044928E+01   3231.4 2.713E+04 2.249E+10 2.287E-03 7.032E-02 2.000E+05 1.362E-02 2.768E+04 4.623E+05
1.04039724E+02   3294.1 3.290E+04 2.969E+10 2.591E-03 8.443E-02 2.000E+05 1.580E-02 2.786E+04 4.707E+05
1.25802402E+02   3360.0 3.978E+04 3.949E+10 2.860E-03 1.028E-01 2.000E+05 3.486E-02 3.495E+04 4.794E+05
1.51928882E+02   3439.7 4.804E+04 5.417E+10 3.195E-03 1.276E-01 2.000E+05 4.375E-02 3.639E+04 4.906E+05
1.84859329E+02   3523.6 5.846E+04 7.530E+10 3.211E-03 1.624E-01 2.000E+05 8.141E-02 4.340E+04 5.019E+05
2.25890400E+02   3640.2 7.143E+04 1.122E+11 3.778E-03 2.115E-01 2.000E+05 1.325E-01 5.029E+04 5.187E+05
2.66721716E+02   3751.7 8.434E+04 1.589E+11 5.502E-03 2.708E-01 2.000E+05 1.979E-01 5.754E+04 5.347E+05
3.05392533E+02   3871.9 9.657E+04 2.195E+11 7.477E-03 3.392E-01 2.000E+05 2.421E-01 6.232E+04 5.526E+05
3.44358561E+02   3995.5 1.089E+05 2.939E+11 9.694E-03 4.202E-01 2.000E+05 2.799E-01 6.678E+04 5.715E+05
3.84539496E+02   4137.3 1.216E+05 3.899E+11 1.252E-02 5.174E-01 2.000E+05 3.097E-01 7.133E+04 5.939E+05
4.26501352E+02   4293.0 1.349E+05 5.121E+11 1.585E-02 6.365E-01 2.000E+05 3.279E-01 7.492E+04 6.192E+05
4.70441125E+02   4467.8 1.488E+05 6.906E+11 2.042E-02 7.834E-01 2.000E+05 3.579E-01 7.957E+04 6.474E+05
5.14709069E+02   4654.8 1.628E+05 1.007E+12 2.788E-02 9.609E-01 2.000E+05 4.092E-01 8.490E+04 6.761E+05
5.56549716E+02   4839.8 1.760E+05 1.591E+12 4.053E-02 1.164E+00 2.000E+05 5.130E-01 9.372E+04 7.018E+05
5.94193817E+02   5017.7 1.879E+05 2.593E+12 6.069E-02 1.381E+00 2.000E+05 6.249E-01 1.015E+05 7.238E+05
6.28176041E+02   5178.2 1.986E+05 4.091E+12 8.825E-02 1.604E+00 2.000E+05 7.229E-01 1.074E+05 7.414E+05
6.59702649E+02   5331.4 2.086E+05 6.293E+12 1.252E-01 1.829E+00 2.000E+05 7.905E-01 1.103E+05 7.566E+05
6.89933876E+02   5471.9 2.182E+05 9.263E+12 1.711E-01 2.058E+00 2.000E+05 8.408E-01 1.126E+05 7.692E+05
7.19606454E+02   5611.9 2.276E+05 1.344E+13 2.308E-01 2.296E+00 2.000E+05 8.748E-01 1.135E+05 7.809E+05
7.49385020E+02   5743.6 2.370E+05 1.888E+13 3.028E-01 2.544E+00 2.000E+05 9.013E-01 1.142E+05 7.912E+05
7.79676209E+02   5879.2 2.466E+05 2.641E+13 3.965E-01 2.808E+00 2.000E+05 9.215E-01 1.149E+05 8.011E+05
8.10845169E+02   6009.9 2.564E+05 3.610E+13 5.093E-01 3.090E+00 2.000E+05 9.360E-01 1.142E+05 8.101E+05
8.43229707E+02   6145.1 2.667E+05 4.928E+13 6.532E-01 3.393E+00 2.000E+05 9.486E-01 1.144E+05 8.188E+05
8.76979300E+02   6278.6 2.773E+05 6.624E+13 8.289E-01 3.734E+00 2.000E+05 9.559E-01 1.150E+05 8.269E+05
PRADK 1.9931E-01
BEGIN                    ITERATION  15 COMPLETED
