TEFF   8500.  GRAVITY 1.50000 LTE
TITLE  [-1.5] N(He)/Ntot=0.0784 VTURB=2  L/H=1.25 NOVER
OPACITY IFOP 1 1 1 1 1 1 1 1 1 1 1 1 1 0 1 0 0 0 0 0
CONVECTION ON   1.25 TURBULENCE OFF  0.00  0.00  0.00  0.00
ABUNDANCE SCALE   0.03162 ABUNDANCE CHANGE 1 0.92150 2 0.07843
ABUNDANCE CHANGE  3 -10.94  4 -10.64  5  -9.49  6  -3.52  7  -4.12  8  -3.21
ABUNDANCE CHANGE  9  -7.48 10  -3.96 11  -5.71 12  -4.46 13  -5.57 14  -4.49
ABUNDANCE CHANGE 15  -6.59 16  -4.71 17  -6.54 18  -5.64 19  -6.92 20  -5.68
ABUNDANCE CHANGE 21  -8.87 22  -7.02 23  -8.04 24  -6.37 25  -6.65 26  -4.54
ABUNDANCE CHANGE 27  -7.12 28  -5.79 29  -7.83 30  -7.44 31  -9.16 32  -8.63
ABUNDANCE CHANGE 33  -9.67 34  -8.63 35  -9.41 36  -8.73 37  -9.44 38  -9.07
ABUNDANCE CHANGE 39  -9.80 40  -9.44 41 -10.62 42 -10.12 43 -20.00 44 -10.20
ABUNDANCE CHANGE 45 -10.92 46 -10.35 47 -11.10 48 -10.27 49 -10.38 50 -10.04
ABUNDANCE CHANGE 51 -11.04 52  -9.80 53 -10.53 54  -9.87 55 -10.91 56  -9.91
ABUNDANCE CHANGE 57 -10.87 58 -10.46 59 -11.33 60 -10.54 61 -20.00 62 -11.03
ABUNDANCE CHANGE 63 -11.53 64 -10.92 65 -11.69 66 -10.90 67 -11.78 68 -11.11
ABUNDANCE CHANGE 69 -12.04 70 -10.96 71 -11.98 72 -11.16 73 -12.17 74 -10.93
ABUNDANCE CHANGE 75 -11.76 76 -10.59 77 -10.69 78 -10.24 79 -11.03 80 -10.91
ABUNDANCE CHANGE 81 -11.14 82 -10.09 83 -11.33 84 -20.00 85 -20.00 86 -20.00
ABUNDANCE CHANGE 87 -20.00 88 -20.00 89 -20.00 90 -11.95 91 -20.00 92 -12.54
ABUNDANCE CHANGE 93 -20.00 94 -20.00 95 -20.00 96 -20.00 97 -20.00 98 -20.00
ABUNDANCE CHANGE 99 -20.00
READ DECK6 72 RHOX,T,P,XNE,ABROSS,ACCRAD,VTURB, FLXCNV,VCONV,VELSND
4.76531590E-07   5320.0 1.358E-05 8.558E+06 2.798E-01 3.115E+00 2.000E+05 0.000E+00 0.000E+00 0.000E+00
6.36962076E-07   5322.6 1.816E-05 1.132E+07 2.746E-01 3.066E+00 2.000E+05 0.000E+00 0.000E+00 0.000E+00
8.55721357E-07   5323.6 2.442E-05 1.500E+07 2.676E-01 3.001E+00 2.000E+05 0.000E+00 0.000E+00 0.000E+00
1.15610505E-06   5325.1 3.303E-05 1.991E+07 2.590E-01 2.921E+00 2.000E+05 0.000E+00 0.000E+00 0.000E+00
1.57215567E-06   5326.3 4.499E-05 2.648E+07 2.483E-01 2.822E+00 2.000E+05 0.000E+00 0.000E+00 0.000E+00
2.15392507E-06   5328.3 6.178E-05 3.526E+07 2.356E-01 2.705E+00 2.000E+05 0.000E+00 0.000E+00 2.539E+08
2.97724953E-06   5329.7 8.565E-05 4.698E+07 2.205E-01 2.566E+00 2.000E+05 0.000E+00 0.000E+00 1.380E+08
4.15724453E-06   5333.3 1.200E-04 6.274E+07 2.041E-01 2.417E+00 2.000E+05 0.000E+00 0.000E+00 9.429E+07
5.86872317E-06   5338.4 1.702E-04 8.392E+07 1.865E-01 2.257E+00 2.000E+05 0.000E+00 0.000E+00 6.983E+07
8.38406610E-06   5344.6 2.442E-04 1.124E+08 1.682E-01 2.091E+00 2.000E+05 0.000E+00 0.000E+00 5.387E+07
1.21243041E-05   5353.2 3.550E-04 1.509E+08 1.501E-01 1.928E+00 2.000E+05 0.000E+00 0.000E+00 4.258E+07
1.77415959E-05   5363.5 5.223E-04 2.029E+08 1.327E-01 1.770E+00 2.000E+05 0.000E+00 0.000E+00 3.409E+07
2.62371327E-05   5377.1 7.766E-04 2.737E+08 1.168E-01 1.625E+00 2.000E+05 0.000E+00 0.000E+00 2.751E+07
3.91012545E-05   5394.7 1.163E-03 3.708E+08 1.030E-01 1.498E+00 2.000E+05 0.000E+00 0.000E+00 2.230E+07
5.85056283E-05   5416.9 1.749E-03 5.044E+08 9.137E-02 1.390E+00 2.000E+05 0.000E+00 0.000E+00 1.816E+07
8.74780786E-05   5445.1 2.626E-03 6.899E+08 8.216E-02 1.303E+00 2.000E+05 0.000E+00 0.000E+00 1.486E+07
1.30069186E-04   5479.3 3.919E-03 9.476E+08 7.516E-02 1.235E+00 2.000E+05 0.000E+00 0.000E+00 1.224E+07
1.91532900E-04   5519.6 5.789E-03 1.305E+09 7.011E-02 1.182E+00 2.000E+05 0.000E+00 0.000E+00 1.017E+07
2.78487282E-04   5565.4 8.437E-03 1.799E+09 6.670E-02 1.143E+00 2.000E+05 0.000E+00 0.000E+00 8.512E+06
3.99281385E-04   5615.5 1.212E-02 2.475E+09 6.452E-02 1.112E+00 2.000E+05 0.000E+00 0.000E+00 7.188E+06
5.64566964E-04   5668.6 1.717E-02 3.387E+09 6.327E-02 1.089E+00 2.000E+05 0.000E+00 0.000E+00 6.118E+06
7.88166820E-04   5723.5 2.399E-02 4.607E+09 6.264E-02 1.071E+00 2.000E+05 0.000E+00 0.000E+00 5.246E+06
1.08825636E-03   5779.3 3.316E-02 6.221E+09 6.243E-02 1.057E+00 2.000E+05 0.000E+00 0.000E+00 4.528E+06
1.48867087E-03   5835.6 4.541E-02 8.345E+09 6.253E-02 1.045E+00 2.000E+05 0.000E+00 0.000E+00 3.930E+06
2.02077648E-03   5891.9 6.168E-02 1.112E+10 6.284E-02 1.037E+00 2.000E+05 0.000E+00 0.000E+00 3.428E+06
2.72613914E-03   5947.8 8.325E-02 1.472E+10 6.327E-02 1.031E+00 2.000E+05 0.000E+00 0.000E+00 3.005E+06
3.65938712E-03   6003.2 1.118E-01 1.937E+10 6.383E-02 1.028E+00 2.000E+05 0.000E+00 0.000E+00 2.645E+06
4.89172892E-03   6058.4 1.495E-01 2.536E+10 6.453E-02 1.029E+00 2.000E+05 0.000E+00 0.000E+00 2.340E+06
6.51517200E-03   6113.6 1.992E-01 3.308E+10 6.541E-02 1.034E+00 2.000E+05 0.000E+00 0.000E+00 2.080E+06
8.64580828E-03   6169.4 2.643E-01 4.303E+10 6.663E-02 1.044E+00 2.000E+05 0.000E+00 0.000E+00 1.859E+06
1.14222507E-02   6227.4 3.492E-01 5.593E+10 6.847E-02 1.059E+00 2.000E+05 0.000E+00 0.000E+00 1.673E+06
1.50181897E-02   6284.8 4.591E-01 7.227E+10 7.057E-02 1.077E+00 2.000E+05 0.000E+00 0.000E+00 1.516E+06
1.96755961E-02   6339.1 6.013E-01 9.255E+10 7.253E-02 1.094E+00 2.000E+05 0.000E+00 0.000E+00 1.384E+06
2.57386834E-02   6388.6 7.863E-01 1.173E+11 7.405E-02 1.110E+00 2.000E+05 0.000E+00 0.000E+00 1.272E+06
3.36871127E-02   6433.5 1.029E+00 1.474E+11 7.515E-02 1.128E+00 2.000E+05 0.000E+00 0.000E+00 1.177E+06
4.41268538E-02   6477.1 1.347E+00 1.847E+11 7.637E-02 1.151E+00 2.000E+05 0.000E+00 0.000E+00 1.097E+06
5.77901381E-02   6520.6 1.763E+00 2.311E+11 7.802E-02 1.183E+00 2.000E+05 0.000E+00 0.000E+00 1.031E+06
7.55564882E-02   6564.7 2.304E+00 2.888E+11 8.034E-02 1.224E+00 2.000E+05 0.000E+00 0.000E+00 9.767E+05
9.84501182E-02   6610.2 2.999E+00 3.604E+11 8.356E-02 1.277E+00 2.000E+05 0.000E+00 0.000E+00 9.332E+05
1.27597701E-01   6658.5 3.882E+00 4.499E+11 8.811E-02 1.347E+00 2.000E+05 0.000E+00 0.000E+00 8.989E+05
1.64210119E-01   6709.1 4.989E+00 5.606E+11 9.415E-02 1.437E+00 2.000E+05 0.000E+00 0.000E+00 8.724E+05
2.09553283E-01   6763.1 6.355E+00 6.979E+11 1.021E-01 1.554E+00 2.000E+05 0.000E+00 0.000E+00 8.524E+05
2.64733341E-01   6822.7 8.010E+00 8.698E+11 1.131E-01 1.712E+00 2.000E+05 0.000E+00 0.000E+00 8.381E+05
3.30468915E-01   6889.7 9.970E+00 1.086E+12 1.280E-01 1.924E+00 2.000E+05 0.000E+00 0.000E+00 8.287E+05
4.06782850E-01   6967.6 1.223E+01 1.365E+12 1.492E-01 2.218E+00 2.000E+05 0.000E+00 0.000E+00 8.239E+05
4.92844734E-01   7057.6 1.474E+01 1.721E+12 1.790E-01 2.628E+00 2.000E+05 0.000E+00 0.000E+00 8.236E+05
5.86832957E-01   7164.1 1.744E+01 2.188E+12 2.224E-01 3.211E+00 2.000E+05 0.000E+00 0.000E+00 8.280E+05
6.85960608E-01   7288.9 2.021E+01 2.796E+12 2.860E-01 4.049E+00 2.000E+05 0.000E+00 0.000E+00 8.377E+05
7.86964287E-01   7435.3 2.294E+01 3.587E+12 3.807E-01 5.270E+00 2.000E+05 0.000E+00 0.000E+00 8.538E+05
8.86557187E-01   7606.3 2.548E+01 4.600E+12 5.222E-01 7.040E+00 2.000E+05 0.000E+00 0.000E+00 8.779E+05
9.82378051E-01   7804.8 2.773E+01 5.859E+12 7.293E-01 9.507E+00 2.000E+05 0.000E+00 0.000E+00 9.123E+05
1.07365370E+00   8032.0 2.960E+01 7.323E+12 1.018E+00 1.280E+01 2.000E+05 0.000E+00 0.000E+00 9.595E+05
1.16179314E+00   8290.3 3.109E+01 8.869E+12 1.375E+00 1.659E+01 2.000E+05 0.000E+00 0.000E+00 1.022E+06
1.25212447E+00   8582.5 3.229E+01 1.028E+13 1.738E+00 2.007E+01 2.000E+05 0.000E+00 0.000E+00 1.101E+06
1.35209971E+00   8910.3 3.333E+01 1.136E+13 1.986E+00 2.196E+01 2.000E+05 0.000E+00 0.000E+00 1.199E+06
1.47518477E+00   9275.6 3.452E+01 1.205E+13 2.051E+00 2.180E+01 2.000E+05 0.000E+00 0.000E+00 1.323E+06
1.64155876E+00   9687.6 3.629E+01 1.257E+13 1.954E+00 2.008E+01 2.000E+05 0.000E+00 0.000E+00 1.484E+06
1.87940039E+00  10146.2 3.930E+01 1.323E+13 1.786E+00 1.796E+01 2.000E+05 0.000E+00 0.000E+00 1.653E+06
2.23005616E+00  10667.1 4.447E+01 1.436E+13 1.608E+00 1.594E+01 2.000E+05 0.000E+00 0.000E+00 1.790E+06
2.74825017E+00  11253.1 5.304E+01 1.630E+13 1.457E+00 1.440E+01 2.000E+05 0.000E+00 0.000E+00 1.883E+06
3.50764931E+00  11918.1 6.662E+01 1.938E+13 1.332E+00 1.318E+01 2.000E+05 0.000E+00 0.000E+00 1.936E+06
4.60652185E+00  12663.1 8.744E+01 2.403E+13 1.238E+00 1.228E+01 2.000E+05 0.000E+00 0.000E+00 1.948E+06
6.16151513E+00  13493.5 1.180E+02 3.065E+13 1.181E+00 1.174E+01 2.000E+05 0.000E+00 0.000E+00 1.940E+06
8.31082629E+00  14406.4 1.611E+02 3.966E+13 1.149E+00 1.138E+01 2.000E+05 8.286E-19 5.859E+00 1.979E+06
1.12523348E+01  15400.1 2.212E+02 5.146E+13 1.120E+00 1.106E+01 2.000E+05 0.000E+00 0.000E+00 2.085E+06
1.52862991E+01  16478.0 3.049E+02 6.667E+13 1.087E+00 1.071E+01 2.000E+05 0.000E+00 0.000E+00 2.205E+06
2.08159149E+01  17651.1 4.213E+02 8.621E+13 1.061E+00 1.045E+01 2.000E+05 0.000E+00 0.000E+00 2.303E+06
2.83364387E+01  18916.6 5.814E+02 1.111E+14 1.044E+00 1.026E+01 2.000E+05 0.000E+00 0.000E+00 2.384E+06
3.84794827E+01  20290.4 7.985E+02 1.423E+14 1.037E+00 1.018E+01 2.000E+05 0.000E+00 0.000E+00 2.461E+06
5.20659187E+01  21770.4 1.090E+03 1.811E+14 1.035E+00 1.015E+01 2.000E+05 0.000E+00 0.000E+00 2.540E+06
7.00870724E+01  23370.4 1.476E+03 2.285E+14 1.048E+00 1.024E+01 2.000E+05 0.000E+00 0.000E+00 2.625E+06
9.36783015E+01  25090.0 1.983E+03 2.859E+14 1.073E+00 1.006E+01 2.000E+05 3.891E-18 5.494E+00 2.712E+06
PRADK 6.9888E+00
BEGIN                    ITERATION  15 COMPLETED
