TEFF   9500.  GRAVITY 4.00000 LTE
TITLE  [-1.5] N(He)/Ntot=0.0784 VTURB=2  L/H=1.25 NOVER
OPACITY IFOP 1 1 1 1 1 1 1 1 1 1 1 1 1 0 1 0 0 0 0 0
CONVECTION ON   1.25 TURBULENCE OFF  0.00  0.00  0.00  0.00
ABUNDANCE SCALE   0.03162 ABUNDANCE CHANGE 1 0.92150 2 0.07843
ABUNDANCE CHANGE  3 -10.94  4 -10.64  5  -9.49  6  -3.52  7  -4.12  8  -3.21
ABUNDANCE CHANGE  9  -7.48 10  -3.96 11  -5.71 12  -4.46 13  -5.57 14  -4.49
ABUNDANCE CHANGE 15  -6.59 16  -4.71 17  -6.54 18  -5.64 19  -6.92 20  -5.68
ABUNDANCE CHANGE 21  -8.87 22  -7.02 23  -8.04 24  -6.37 25  -6.65 26  -4.54
ABUNDANCE CHANGE 27  -7.12 28  -5.79 29  -7.83 30  -7.44 31  -9.16 32  -8.63
ABUNDANCE CHANGE 33  -9.67 34  -8.63 35  -9.41 36  -8.73 37  -9.44 38  -9.07
ABUNDANCE CHANGE 39  -9.80 40  -9.44 41 -10.62 42 -10.12 43 -20.00 44 -10.20
ABUNDANCE CHANGE 45 -10.92 46 -10.35 47 -11.10 48 -10.27 49 -10.38 50 -10.04
ABUNDANCE CHANGE 51 -11.04 52  -9.80 53 -10.53 54  -9.87 55 -10.91 56  -9.91
ABUNDANCE CHANGE 57 -10.87 58 -10.46 59 -11.33 60 -10.54 61 -20.00 62 -11.03
ABUNDANCE CHANGE 63 -11.53 64 -10.92 65 -11.69 66 -10.90 67 -11.78 68 -11.11
ABUNDANCE CHANGE 69 -12.04 70 -10.96 71 -11.98 72 -11.16 73 -12.17 74 -10.93
ABUNDANCE CHANGE 75 -11.76 76 -10.59 77 -10.69 78 -10.24 79 -11.03 80 -10.91
ABUNDANCE CHANGE 81 -11.14 82 -10.09 83 -11.33 84 -20.00 85 -20.00 86 -20.00
ABUNDANCE CHANGE 87 -20.00 88 -20.00 89 -20.00 90 -11.95 91 -20.00 92 -12.54
ABUNDANCE CHANGE 93 -20.00 94 -20.00 95 -20.00 96 -20.00 97 -20.00 98 -20.00
ABUNDANCE CHANGE 99 -20.00
READ DECK6 72 RHOX,T,P,XNE,ABROSS,ACCRAD,VTURB, FLXCNV,VCONV,VELSND
5.13388462E-07   6266.6 5.131E-03 2.590E+09 2.597E-01 6.173E+00 2.000E+05 0.000E+00 0.000E+00 1.956E+07
6.87566427E-07   6273.2 6.871E-03 3.386E+09 2.509E-01 6.107E+00 2.000E+05 0.000E+00 0.000E+00 1.632E+07
9.28921565E-07   6281.2 9.284E-03 4.438E+09 2.405E-01 6.016E+00 2.000E+05 0.000E+00 0.000E+00 1.364E+07
1.26594291E-06   6290.5 1.265E-02 5.832E+09 2.288E-01 5.886E+00 2.000E+05 0.000E+00 0.000E+00 1.138E+07
1.74108801E-06   6299.4 1.740E-02 7.671E+09 2.156E-01 5.740E+00 2.000E+05 0.000E+00 0.000E+00 9.479E+06
2.41736324E-06   6307.5 2.416E-02 1.009E+10 2.010E-01 5.593E+00 2.000E+05 0.000E+00 0.000E+00 7.873E+06
3.39038199E-06   6315.5 3.388E-02 1.326E+10 1.853E-01 5.448E+00 2.000E+05 0.000E+00 0.000E+00 6.525E+06
4.80390994E-06   6324.6 4.801E-02 1.743E+10 1.695E-01 5.298E+00 2.000E+05 0.000E+00 0.000E+00 5.401E+06
6.86872290E-06   6336.9 6.865E-02 2.294E+10 1.545E-01 5.168E+00 2.000E+05 0.000E+00 0.000E+00 4.473E+06
9.90355969E-06   6348.8 9.898E-02 3.009E+10 1.398E-01 5.055E+00 2.000E+05 0.000E+00 0.000E+00 3.707E+06
1.43074349E-05   6375.9 1.430E-01 3.996E+10 1.298E-01 4.992E+00 2.000E+05 0.000E+00 0.000E+00 3.102E+06
2.07361241E-05   6386.8 2.073E-01 5.179E+10 1.167E-01 4.887E+00 2.000E+05 0.000E+00 0.000E+00 2.596E+06
3.01745808E-05   6410.4 3.016E-01 6.802E+10 1.076E-01 4.848E+00 2.000E+05 0.000E+00 0.000E+00 2.193E+06
4.38019547E-05   6434.2 4.378E-01 8.878E+10 9.957E-02 4.815E+00 2.000E+05 0.000E+00 0.000E+00 1.872E+06
6.32221539E-05   6465.0 6.319E-01 1.162E+11 9.416E-02 4.821E+00 2.000E+05 0.000E+00 0.000E+00 1.620E+06
9.04003126E-05   6498.5 9.036E-01 1.514E+11 9.039E-02 4.853E+00 2.000E+05 0.000E+00 0.000E+00 1.424E+06
1.27662502E-04   6538.6 1.276E+00 1.972E+11 8.899E-02 4.920E+00 2.000E+05 0.000E+00 0.000E+00 1.273E+06
1.77618989E-04   6582.0 1.775E+00 2.556E+11 8.935E-02 5.013E+00 2.000E+05 0.000E+00 0.000E+00 1.157E+06
2.43185561E-04   6630.0 2.431E+00 3.298E+11 9.175E-02 5.139E+00 2.000E+05 0.000E+00 0.000E+00 1.069E+06
3.27551976E-04   6680.3 3.274E+00 4.226E+11 9.587E-02 5.291E+00 2.000E+05 0.000E+00 0.000E+00 1.003E+06
4.34197386E-04   6733.4 4.340E+00 5.379E+11 1.019E-01 5.475E+00 2.000E+05 0.000E+00 0.000E+00 9.524E+05
5.67211086E-04   6786.6 5.669E+00 6.782E+11 1.095E-01 5.686E+00 2.000E+05 0.000E+00 0.000E+00 9.141E+05
7.31450197E-04   6840.0 7.311E+00 8.478E+11 1.188E-01 5.925E+00 2.000E+05 0.000E+00 0.000E+00 8.850E+05
9.32718825E-04   6892.3 9.322E+00 1.050E+12 1.296E-01 6.187E+00 2.000E+05 0.000E+00 0.000E+00 8.627E+05
1.17814830E-03   6943.7 1.177E+01 1.291E+12 1.420E-01 6.465E+00 2.000E+05 0.000E+00 0.000E+00 8.456E+05
1.47680121E-03   6992.1 1.476E+01 1.571E+12 1.555E-01 6.750E+00 2.000E+05 0.000E+00 0.000E+00 8.321E+05
1.84115043E-03   7036.1 1.840E+01 1.893E+12 1.696E-01 7.042E+00 2.000E+05 0.000E+00 0.000E+00 8.213E+05
2.28826130E-03   7074.9 2.287E+01 2.257E+12 1.837E-01 7.343E+00 2.000E+05 0.000E+00 0.000E+00 8.123E+05
2.83985936E-03   7109.9 2.838E+01 2.673E+12 1.983E-01 7.665E+00 2.000E+05 0.000E+00 0.000E+00 8.048E+05
3.52221613E-03   7142.2 3.520E+01 3.151E+12 2.137E-01 8.021E+00 2.000E+05 0.000E+00 0.000E+00 7.986E+05
4.36556762E-03   7174.0 4.362E+01 3.708E+12 2.309E-01 8.423E+00 2.000E+05 0.000E+00 0.000E+00 7.936E+05
5.40408776E-03   7206.1 5.400E+01 4.359E+12 2.506E-01 8.872E+00 2.000E+05 0.000E+00 0.000E+00 7.898E+05
6.67664956E-03   7239.3 6.671E+01 5.123E+12 2.734E-01 9.376E+00 2.000E+05 0.000E+00 0.000E+00 7.870E+05
8.22700954E-03   7274.0 8.220E+01 6.022E+12 3.001E-01 9.940E+00 2.000E+05 0.000E+00 0.000E+00 7.850E+05
1.01066870E-02   7309.7 1.010E+02 7.071E+12 3.308E-01 1.056E+01 2.000E+05 0.000E+00 0.000E+00 7.839E+05
1.23722440E-02   7348.1 1.236E+02 8.313E+12 3.672E-01 1.128E+01 2.000E+05 0.000E+00 0.000E+00 7.835E+05
1.50922588E-02   7386.2 1.508E+02 9.745E+12 4.079E-01 1.206E+01 2.000E+05 0.000E+00 0.000E+00 7.835E+05
1.83556859E-02   7424.6 1.834E+02 1.140E+13 4.537E-01 1.295E+01 2.000E+05 0.000E+00 0.000E+00 7.839E+05
2.22635138E-02   7463.9 2.224E+02 1.333E+13 5.060E-01 1.396E+01 2.000E+05 0.000E+00 0.000E+00 7.846E+05
2.69256571E-02   7505.6 2.690E+02 1.560E+13 5.670E-01 1.516E+01 2.000E+05 0.000E+00 0.000E+00 7.858E+05
3.24532830E-02   7551.1 3.241E+02 1.830E+13 6.400E-01 1.661E+01 2.000E+05 0.000E+00 0.000E+00 7.875E+05
3.89432217E-02   7604.0 3.889E+02 2.161E+13 7.318E-01 1.842E+01 2.000E+05 0.000E+00 0.000E+00 7.898E+05
4.64634891E-02   7664.5 4.640E+02 2.567E+13 8.473E-01 2.068E+01 2.000E+05 0.000E+00 0.000E+00 7.928E+05
5.50689924E-02   7733.3 5.498E+02 3.066E+13 9.937E-01 2.352E+01 2.000E+05 0.000E+00 0.000E+00 7.965E+05
6.47786294E-02   7812.5 6.467E+02 3.688E+13 1.184E+00 2.719E+01 2.000E+05 0.000E+00 0.000E+00 8.011E+05
7.55533084E-02   7904.1 7.541E+02 4.473E+13 1.435E+00 3.202E+01 2.000E+05 0.000E+00 0.000E+00 8.066E+05
8.72787937E-02   8010.9 8.710E+02 5.478E+13 1.778E+00 3.852E+01 2.000E+05 0.000E+00 0.000E+00 8.134E+05
9.97588068E-02   8135.7 9.952E+02 6.780E+13 2.254E+00 4.744E+01 2.000E+05 0.000E+00 0.000E+00 8.220E+05
1.12700096E-01   8284.4 1.124E+03 8.506E+13 2.940E+00 5.991E+01 2.000E+05 0.000E+00 0.000E+00 8.330E+05
1.25768288E-01   8456.3 1.254E+03 1.077E+14 3.930E+00 7.750E+01 2.000E+05 0.000E+00 0.000E+00 8.470E+05
1.38629724E-01   8656.5 1.381E+03 1.375E+14 5.395E+00 1.029E+02 2.000E+05 0.000E+00 0.000E+00 8.651E+05
1.50982702E-01   8890.2 1.503E+03 1.769E+14 7.566E+00 1.391E+02 2.000E+05 0.000E+00 0.000E+00 8.890E+05
1.62636597E-01   9159.7 1.618E+03 2.278E+14 1.075E+01 1.905E+02 2.000E+05 0.000E+00 0.000E+00 9.203E+05
1.73567694E-01   9469.9 1.725E+03 2.912E+14 1.523E+01 2.603E+02 2.000E+05 0.000E+00 0.000E+00 9.613E+05
1.83952479E-01   9825.2 1.825E+03 3.659E+14 2.098E+01 3.470E+02 2.000E+05 0.000E+00 0.000E+00 1.014E+06
1.94356933E-01  10231.6 1.925E+03 4.463E+14 2.710E+01 4.362E+02 2.000E+05 0.000E+00 0.000E+00 1.080E+06
2.05621946E-01  10697.6 2.033E+03 5.232E+14 3.169E+01 5.003E+02 2.000E+05 0.000E+00 0.000E+00 1.156E+06
2.19245230E-01  11221.7 2.162E+03 5.877E+14 3.300E+01 5.192E+02 2.000E+05 0.000E+00 0.000E+00 1.236E+06
2.38059750E-01  11837.0 2.341E+03 6.426E+14 3.004E+01 4.712E+02 2.000E+05 0.000E+00 0.000E+00 1.321E+06
2.66489714E-01  12512.6 2.613E+03 7.008E+14 2.561E+01 4.041E+02 2.000E+05 0.000E+00 0.000E+00 1.413E+06
3.12185750E-01  13302.8 3.053E+03 7.831E+14 2.095E+01 3.324E+02 2.000E+05 0.000E+00 0.000E+00 1.516E+06
3.85700943E-01  14153.4 3.766E+03 9.155E+14 1.768E+01 2.789E+02 2.000E+05 0.000E+00 0.000E+00 1.598E+06
5.00127324E-01  15110.5 4.881E+03 1.119E+15 1.540E+01 2.416E+02 2.000E+05 0.000E+00 0.000E+00 1.639E+06
6.69474974E-01  16121.7 6.535E+03 1.414E+15 1.429E+01 2.216E+02 2.000E+05 1.809E-14 5.574E+01 1.665E+06
9.08822386E-01  17241.1 8.877E+03 1.815E+15 1.367E+01 2.113E+02 2.000E+05 5.169E-13 1.549E+02 1.718E+06
1.23703504E+00  18432.5 1.209E+04 2.335E+15 1.344E+01 2.063E+02 2.000E+05 5.195E-15 3.195E+01 1.807E+06
1.68280040E+00  19744.5 1.646E+04 2.988E+15 1.319E+01 2.022E+02 2.000E+05 0.000E+00 0.000E+00 1.932E+06
2.28436886E+00  21150.7 2.235E+04 3.803E+15 1.312E+01 2.007E+02 2.000E+05 0.000E+00 0.000E+00 2.067E+06
3.08800355E+00  22687.3 3.023E+04 4.803E+15 1.315E+01 2.010E+02 2.000E+05 0.000E+00 0.000E+00 2.193E+06
4.14646235E+00  24333.4 4.060E+04 6.020E+15 1.344E+01 2.050E+02 2.000E+05 0.000E+00 0.000E+00 2.300E+06
5.52152394E+00  26123.2 5.406E+04 7.471E+15 1.385E+01 2.108E+02 2.000E+05 0.000E+00 0.000E+00 2.399E+06
7.28757829E+00  28043.1 7.135E+04 9.188E+15 1.447E+01 2.071E+02 2.000E+05 0.000E+00 0.000E+00 2.492E+06
PRADK 1.0966E+01
BEGIN                    ITERATION  15 COMPLETED
