TEFF   9500.  GRAVITY 3.50000 LTE
TITLE  [-1.5] N(He)/Ntot=0.0784 VTURB=2  L/H=1.25 NOVER
OPACITY IFOP 1 1 1 1 1 1 1 1 1 1 1 1 1 0 1 0 0 0 0 0
CONVECTION ON   1.25 TURBULENCE OFF  0.00  0.00  0.00  0.00
ABUNDANCE SCALE   0.03162 ABUNDANCE CHANGE 1 0.92150 2 0.07843
ABUNDANCE CHANGE  3 -10.94  4 -10.64  5  -9.49  6  -3.52  7  -4.12  8  -3.21
ABUNDANCE CHANGE  9  -7.48 10  -3.96 11  -5.71 12  -4.46 13  -5.57 14  -4.49
ABUNDANCE CHANGE 15  -6.59 16  -4.71 17  -6.54 18  -5.64 19  -6.92 20  -5.68
ABUNDANCE CHANGE 21  -8.87 22  -7.02 23  -8.04 24  -6.37 25  -6.65 26  -4.54
ABUNDANCE CHANGE 27  -7.12 28  -5.79 29  -7.83 30  -7.44 31  -9.16 32  -8.63
ABUNDANCE CHANGE 33  -9.67 34  -8.63 35  -9.41 36  -8.73 37  -9.44 38  -9.07
ABUNDANCE CHANGE 39  -9.80 40  -9.44 41 -10.62 42 -10.12 43 -20.00 44 -10.20
ABUNDANCE CHANGE 45 -10.92 46 -10.35 47 -11.10 48 -10.27 49 -10.38 50 -10.04
ABUNDANCE CHANGE 51 -11.04 52  -9.80 53 -10.53 54  -9.87 55 -10.91 56  -9.91
ABUNDANCE CHANGE 57 -10.87 58 -10.46 59 -11.33 60 -10.54 61 -20.00 62 -11.03
ABUNDANCE CHANGE 63 -11.53 64 -10.92 65 -11.69 66 -10.90 67 -11.78 68 -11.11
ABUNDANCE CHANGE 69 -12.04 70 -10.96 71 -11.98 72 -11.16 73 -12.17 74 -10.93
ABUNDANCE CHANGE 75 -11.76 76 -10.59 77 -10.69 78 -10.24 79 -11.03 80 -10.91
ABUNDANCE CHANGE 81 -11.14 82 -10.09 83 -11.33 84 -20.00 85 -20.00 86 -20.00
ABUNDANCE CHANGE 87 -20.00 88 -20.00 89 -20.00 90 -11.95 91 -20.00 92 -12.54
ABUNDANCE CHANGE 93 -20.00 94 -20.00 95 -20.00 96 -20.00 97 -20.00 98 -20.00
ABUNDANCE CHANGE 99 -20.00
READ DECK6 72 RHOX,T,P,XNE,ABROSS,ACCRAD,VTURB, FLXCNV,VCONV,VELSND
4.70039487E-07   6221.4 1.484E-03 7.986E+08 2.837E-01 6.118E+00 2.000E+05 0.000E+00 0.000E+00 4.379E+07
6.28112736E-07   6222.4 1.982E-03 1.056E+09 2.790E-01 6.138E+00 2.000E+05 0.000E+00 0.000E+00 3.558E+07
8.42999666E-07   6226.1 2.661E-03 1.397E+09 2.730E-01 6.138E+00 2.000E+05 0.000E+00 0.000E+00 2.913E+07
1.13641339E-06   6234.0 3.587E-03 1.851E+09 2.661E-01 6.102E+00 2.000E+05 0.000E+00 0.000E+00 2.403E+07
1.53892715E-06   6244.0 4.857E-03 2.453E+09 2.581E-01 6.025E+00 2.000E+05 0.000E+00 0.000E+00 1.991E+07
2.09417251E-06   6253.7 6.610E-03 3.252E+09 2.487E-01 5.938E+00 2.000E+05 0.000E+00 0.000E+00 1.650E+07
2.86596433E-06   6262.6 9.046E-03 4.308E+09 2.376E-01 5.848E+00 2.000E+05 0.000E+00 0.000E+00 1.369E+07
3.94811619E-06   6271.5 1.246E-02 5.705E+09 2.250E-01 5.737E+00 2.000E+05 0.000E+00 0.000E+00 1.136E+07
5.47876748E-06   6281.6 1.729E-02 7.552E+09 2.114E-01 5.615E+00 2.000E+05 0.000E+00 0.000E+00 9.421E+06
7.66076476E-06   6293.0 2.418E-02 9.994E+09 1.970E-01 5.497E+00 2.000E+05 0.000E+00 0.000E+00 7.812E+06
1.07934912E-05   6306.2 3.407E-02 1.322E+10 1.825E-01 5.383E+00 2.000E+05 0.000E+00 0.000E+00 6.477E+06
1.53014185E-05   6324.4 4.830E-02 1.751E+10 1.691E-01 5.273E+00 2.000E+05 0.000E+00 0.000E+00 5.383E+06
2.18272991E-05   6339.5 6.891E-02 2.306E+10 1.550E-01 5.161E+00 2.000E+05 0.000E+00 0.000E+00 4.469E+06
3.12925013E-05   6361.2 9.879E-02 3.048E+10 1.431E-01 5.084E+00 2.000E+05 0.000E+00 0.000E+00 3.726E+06
4.49281461E-05   6386.6 1.418E-01 4.027E+10 1.328E-01 5.016E+00 2.000E+05 0.000E+00 0.000E+00 3.124E+06
6.44073023E-05   6417.1 2.033E-01 5.322E+10 1.247E-01 4.979E+00 2.000E+05 0.000E+00 0.000E+00 2.640E+06
9.19092065E-05   6451.8 2.902E-01 7.022E+10 1.185E-01 4.972E+00 2.000E+05 0.000E+00 0.000E+00 2.252E+06
1.30130995E-04   6492.7 4.109E-01 9.265E+10 1.147E-01 4.993E+00 2.000E+05 0.000E+00 0.000E+00 1.945E+06
1.82275988E-04   6538.4 5.755E-01 1.219E+11 1.131E-01 5.044E+00 2.000E+05 0.000E+00 0.000E+00 1.703E+06
2.52187981E-04   6587.8 7.962E-01 1.597E+11 1.134E-01 5.127E+00 2.000E+05 0.000E+00 0.000E+00 1.512E+06
3.44233425E-04   6641.6 1.087E+00 2.083E+11 1.160E-01 5.236E+00 2.000E+05 0.000E+00 0.000E+00 1.363E+06
4.63132092E-04   6699.3 1.462E+00 2.703E+11 1.207E-01 5.371E+00 2.000E+05 0.000E+00 0.000E+00 1.246E+06
6.14570728E-04   6757.4 1.940E+00 3.475E+11 1.270E-01 5.537E+00 2.000E+05 0.000E+00 0.000E+00 1.155E+06
8.05458537E-04   6815.8 2.543E+00 4.429E+11 1.350E-01 5.734E+00 2.000E+05 0.000E+00 0.000E+00 1.084E+06
1.04393745E-03   6873.6 3.296E+00 5.593E+11 1.446E-01 5.958E+00 2.000E+05 0.000E+00 0.000E+00 1.027E+06
1.33979060E-03   6930.9 4.229E+00 7.009E+11 1.559E-01 6.197E+00 2.000E+05 0.000E+00 0.000E+00 9.830E+05
1.70560804E-03   6984.5 5.384E+00 8.687E+11 1.680E-01 6.443E+00 2.000E+05 0.000E+00 0.000E+00 9.474E+05
2.15911609E-03   7032.9 6.815E+00 1.065E+12 1.803E-01 6.696E+00 2.000E+05 0.000E+00 0.000E+00 9.183E+05
2.72496416E-03   7074.5 8.600E+00 1.290E+12 1.920E-01 6.959E+00 2.000E+05 0.000E+00 0.000E+00 8.939E+05
3.43524739E-03   7111.7 1.084E+01 1.551E+12 2.036E-01 7.243E+00 2.000E+05 0.000E+00 0.000E+00 8.733E+05
4.32919049E-03   7145.6 1.366E+01 1.855E+12 2.157E-01 7.557E+00 2.000E+05 0.000E+00 0.000E+00 8.561E+05
5.45419543E-03   7177.8 1.721E+01 2.211E+12 2.288E-01 7.913E+00 2.000E+05 0.000E+00 0.000E+00 8.418E+05
6.86438070E-03   7210.4 2.166E+01 2.633E+12 2.441E-01 8.318E+00 2.000E+05 0.000E+00 0.000E+00 8.302E+05
8.61973317E-03   7244.4 2.719E+01 3.134E+12 2.626E-01 8.782E+00 2.000E+05 0.000E+00 0.000E+00 8.211E+05
1.07860482E-02   7280.9 3.403E+01 3.733E+12 2.850E-01 9.311E+00 2.000E+05 0.000E+00 0.000E+00 8.142E+05
1.34336000E-02   7320.5 4.237E+01 4.448E+12 3.125E-01 9.918E+00 2.000E+05 0.000E+00 0.000E+00 8.092E+05
1.66458104E-02   7360.5 5.250E+01 5.285E+12 3.439E-01 1.059E+01 2.000E+05 0.000E+00 0.000E+00 8.056E+05
2.05295819E-02   7401.3 6.474E+01 6.262E+12 3.801E-01 1.135E+01 2.000E+05 0.000E+00 0.000E+00 8.030E+05
2.52065975E-02   7443.0 7.947E+01 7.406E+12 4.217E-01 1.222E+01 2.000E+05 0.000E+00 0.000E+00 8.014E+05
3.08140128E-02   7486.5 9.713E+01 8.751E+12 4.703E-01 1.325E+01 2.000E+05 0.000E+00 0.000E+00 8.005E+05
3.74820136E-02   7535.4 1.181E+02 1.037E+13 5.305E-01 1.452E+01 2.000E+05 0.000E+00 0.000E+00 8.008E+05
4.53260127E-02   7589.4 1.428E+02 1.233E+13 6.043E-01 1.608E+01 2.000E+05 0.000E+00 0.000E+00 8.020E+05
5.44342335E-02   7652.6 1.715E+02 1.474E+13 6.997E-01 1.805E+01 2.000E+05 0.000E+00 0.000E+00 8.044E+05
6.48486823E-02   7724.2 2.042E+02 1.771E+13 8.218E-01 2.054E+01 2.000E+05 0.000E+00 0.000E+00 8.080E+05
7.65703749E-02   7806.8 2.410E+02 2.140E+13 9.824E-01 2.378E+01 2.000E+05 0.000E+00 0.000E+00 8.129E+05
8.95206068E-02   7902.4 2.816E+02 2.604E+13 1.197E+00 2.806E+01 2.000E+05 0.000E+00 0.000E+00 8.195E+05
1.03534561E-01   8013.7 3.255E+02 3.195E+13 1.492E+00 3.381E+01 2.000E+05 0.000E+00 0.000E+00 8.281E+05
1.18352885E-01   8144.0 3.718E+02 3.954E+13 1.904E+00 4.166E+01 2.000E+05 0.000E+00 0.000E+00 8.393E+05
1.33648259E-01   8296.6 4.195E+02 4.935E+13 2.489E+00 5.236E+01 2.000E+05 0.000E+00 0.000E+00 8.539E+05
1.49086929E-01   8472.4 4.674E+02 6.189E+13 3.322E+00 6.715E+01 2.000E+05 0.000E+00 0.000E+00 8.727E+05
1.64352654E-01   8675.8 5.145E+02 7.788E+13 4.521E+00 8.777E+01 2.000E+05 0.000E+00 0.000E+00 8.971E+05
1.79237561E-01   8911.6 5.600E+02 9.795E+13 6.201E+00 1.152E+02 2.000E+05 0.000E+00 0.000E+00 9.289E+05
1.93710696E-01   9181.8 6.039E+02 1.221E+14 8.471E+00 1.510E+02 2.000E+05 0.000E+00 0.000E+00 9.696E+05
2.07977139E-01   9491.4 6.465E+02 1.497E+14 1.125E+01 1.926E+02 2.000E+05 0.000E+00 0.000E+00 1.021E+06
2.22763796E-01   9846.8 6.902E+02 1.789E+14 1.412E+01 2.336E+02 2.000E+05 0.000E+00 0.000E+00 1.082E+06
2.39147557E-01  10251.0 7.379E+02 2.067E+14 1.619E+01 2.605E+02 2.000E+05 0.000E+00 0.000E+00 1.150E+06
2.59250747E-01  10713.2 7.962E+02 2.316E+14 1.675E+01 2.643E+02 2.000E+05 0.000E+00 0.000E+00 1.223E+06
2.86429949E-01  11237.3 8.751E+02 2.551E+14 1.587E+01 2.493E+02 2.000E+05 0.000E+00 0.000E+00 1.301E+06
3.26244539E-01  11845.5 9.917E+02 2.821E+14 1.392E+01 2.184E+02 2.000E+05 0.000E+00 0.000E+00 1.391E+06
3.87663251E-01  12524.9 1.173E+03 3.201E+14 1.198E+01 1.889E+02 2.000E+05 0.000E+00 0.000E+00 1.488E+06
4.83277774E-01  13308.3 1.459E+03 3.775E+14 1.025E+01 1.624E+02 2.000E+05 0.000E+00 0.000E+00 1.575E+06
6.30071014E-01  14161.5 1.901E+03 4.646E+14 9.048E+00 1.427E+02 2.000E+05 0.000E+00 0.000E+00 1.620E+06
8.48134915E-01  15111.4 2.561E+03 5.902E+14 8.259E+00 1.294E+02 2.000E+05 0.000E+00 0.000E+00 1.637E+06
1.15901282E+00  16126.5 3.505E+03 7.638E+14 7.882E+00 1.223E+02 2.000E+05 5.730E-15 4.590E+01 1.671E+06
1.58851925E+00  17240.7 4.812E+03 9.912E+14 7.671E+00 1.184E+02 2.000E+05 6.507E-15 4.477E+01 1.745E+06
2.17454151E+00  18436.5 6.597E+03 1.281E+15 7.516E+00 1.154E+02 2.000E+05 0.000E+00 0.000E+00 1.856E+06
2.97279736E+00  19744.8 9.030E+03 1.645E+15 7.356E+00 1.129E+02 2.000E+05 0.000E+00 0.000E+00 1.989E+06
4.05184041E+00  21153.9 1.232E+04 2.100E+15 7.318E+00 1.120E+02 2.000E+05 0.000E+00 0.000E+00 2.115E+06
5.49061103E+00  22686.2 1.671E+04 2.659E+15 7.355E+00 1.124E+02 2.000E+05 0.000E+00 0.000E+00 2.224E+06
7.38617586E+00  24336.2 2.249E+04 3.337E+15 7.492E+00 1.144E+02 2.000E+05 0.000E+00 0.000E+00 2.320E+06
9.85366278E+00  26123.9 3.001E+04 4.149E+15 7.717E+00 1.175E+02 2.000E+05 0.000E+00 0.000E+00 2.412E+06
1.30234047E+01  28044.3 3.966E+04 5.109E+15 8.063E+00 1.155E+02 2.000E+05 0.000E+00 0.000E+00 2.501E+06
PRADK 1.0961E+01
BEGIN                    ITERATION  15 COMPLETED
