TEFF   7250.  GRAVITY 0.50000 LTE
TITLE  [-1.5] N(He)/Ntot=0.0784 VTURB=2  L/H=1.25 NOVER
OPACITY IFOP 1 1 1 1 1 1 1 1 1 1 1 1 1 0 1 0 0 0 0 0
CONVECTION ON   1.25 TURBULENCE OFF  0.00  0.00  0.00  0.00
ABUNDANCE SCALE   0.03162 ABUNDANCE CHANGE 1 0.92150 2 0.07843
ABUNDANCE CHANGE  3 -10.94  4 -10.64  5  -9.49  6  -3.52  7  -4.12  8  -3.21
ABUNDANCE CHANGE  9  -7.48 10  -3.96 11  -5.71 12  -4.46 13  -5.57 14  -4.49
ABUNDANCE CHANGE 15  -6.59 16  -4.71 17  -6.54 18  -5.64 19  -6.92 20  -5.68
ABUNDANCE CHANGE 21  -8.87 22  -7.02 23  -8.04 24  -6.37 25  -6.65 26  -4.54
ABUNDANCE CHANGE 27  -7.12 28  -5.79 29  -7.83 30  -7.44 31  -9.16 32  -8.63
ABUNDANCE CHANGE 33  -9.67 34  -8.63 35  -9.41 36  -8.73 37  -9.44 38  -9.07
ABUNDANCE CHANGE 39  -9.80 40  -9.44 41 -10.62 42 -10.12 43 -20.00 44 -10.20
ABUNDANCE CHANGE 45 -10.92 46 -10.35 47 -11.10 48 -10.27 49 -10.38 50 -10.04
ABUNDANCE CHANGE 51 -11.04 52  -9.80 53 -10.53 54  -9.87 55 -10.91 56  -9.91
ABUNDANCE CHANGE 57 -10.87 58 -10.46 59 -11.33 60 -10.54 61 -20.00 62 -11.03
ABUNDANCE CHANGE 63 -11.53 64 -10.92 65 -11.69 66 -10.90 67 -11.78 68 -11.11
ABUNDANCE CHANGE 69 -12.04 70 -10.96 71 -11.98 72 -11.16 73 -12.17 74 -10.93
ABUNDANCE CHANGE 75 -11.76 76 -10.59 77 -10.69 78 -10.24 79 -11.03 80 -10.91
ABUNDANCE CHANGE 81 -11.14 82 -10.09 83 -11.33 84 -20.00 85 -20.00 86 -20.00
ABUNDANCE CHANGE 87 -20.00 88 -20.00 89 -20.00 90 -11.95 91 -20.00 92 -12.54
ABUNDANCE CHANGE 93 -20.00 94 -20.00 95 -20.00 96 -20.00 97 -20.00 98 -20.00
ABUNDANCE CHANGE 99 -20.00
READ DECK6 72 RHOX,T,P,XNE,ABROSS,ACCRAD,VTURB, FLXCNV,VCONV,VELSND
9.33998131E-06   4323.2 2.854E-05 1.970E+06 1.428E-02 1.071E-01 2.000E+05 0.000E+00 0.000E+00 8.614E+07
1.26466544E-05   4328.7 3.865E-05 2.360E+06 1.262E-02 9.850E-02 2.000E+05 0.000E+00 0.000E+00 7.890E+07
1.76907994E-05   4332.3 5.413E-05 2.852E+06 1.089E-02 8.949E-02 2.000E+05 0.000E+00 0.000E+00 7.113E+07
2.54699686E-05   4340.1 7.806E-05 3.557E+06 9.441E-03 8.188E-02 2.000E+05 0.000E+00 0.000E+00 6.285E+07
3.75269959E-05   4350.0 1.152E-04 4.525E+06 8.169E-03 7.518E-02 2.000E+05 0.000E+00 0.000E+00 5.473E+07
5.59960099E-05   4364.2 1.723E-04 5.894E+06 7.159E-03 6.980E-02 2.000E+05 0.000E+00 0.000E+00 4.709E+07
8.38571822E-05   4382.7 2.585E-04 7.819E+06 6.381E-03 6.557E-02 2.000E+05 0.000E+00 0.000E+00 4.022E+07
1.25107744E-04   4405.5 3.864E-04 1.053E+07 5.804E-03 6.224E-02 2.000E+05 0.000E+00 0.000E+00 3.421E+07
1.84940054E-04   4432.3 5.719E-04 1.432E+07 5.388E-03 5.958E-02 2.000E+05 0.000E+00 0.000E+00 2.907E+07
2.69980407E-04   4462.7 8.359E-04 1.959E+07 5.102E-03 5.741E-02 2.000E+05 0.000E+00 0.000E+00 2.471E+07
3.88749373E-04   4495.6 1.205E-03 2.683E+07 4.906E-03 5.555E-02 2.000E+05 0.000E+00 0.000E+00 2.107E+07
5.52466215E-04   4530.1 1.714E-03 3.666E+07 4.769E-03 5.387E-02 2.000E+05 0.000E+00 0.000E+00 1.802E+07
7.76166422E-04   4565.3 2.409E-03 4.984E+07 4.668E-03 5.232E-02 2.000E+05 0.000E+00 0.000E+00 1.547E+07
1.08072788E-03   4600.4 3.357E-03 6.726E+07 4.574E-03 5.049E-02 2.000E+05 0.000E+00 0.000E+00 1.333E+07
1.49484062E-03   4635.4 4.646E-03 9.028E+07 4.489E-03 4.876E-02 2.000E+05 0.000E+00 0.000E+00 1.153E+07
2.05745679E-03   4670.3 6.398E-03 1.206E+08 4.406E-03 4.708E-02 2.000E+05 0.000E+00 0.000E+00 9.988E+06
2.82157360E-03   4705.3 8.779E-03 1.605E+08 4.327E-03 4.545E-02 2.000E+05 0.000E+00 0.000E+00 8.671E+06
3.85929346E-03   4740.3 1.201E-02 2.130E+08 4.248E-03 4.381E-02 2.000E+05 0.000E+00 0.000E+00 7.541E+06
5.26932454E-03   4775.2 1.641E-02 2.817E+08 4.167E-03 4.218E-02 2.000E+05 0.000E+00 0.000E+00 6.567E+06
7.18883840E-03   4809.5 2.240E-02 3.711E+08 4.076E-03 4.075E-02 2.000E+05 0.000E+00 0.000E+00 5.728E+06
9.81123508E-03   4842.8 3.059E-02 4.865E+08 3.971E-03 3.944E-02 2.000E+05 0.000E+00 0.000E+00 5.005E+06
1.34101402E-02   4875.2 4.183E-02 6.354E+08 3.850E-03 3.821E-02 2.000E+05 0.000E+00 0.000E+00 4.379E+06
1.83661472E-02   4907.5 5.732E-02 8.290E+08 3.726E-03 3.715E-02 2.000E+05 0.000E+00 0.000E+00 3.833E+06
2.51897493E-02   4940.7 7.865E-02 1.084E+09 3.614E-03 3.630E-02 2.000E+05 0.000E+00 0.000E+00 3.356E+06
3.45348297E-02   4976.3 1.079E-01 1.426E+09 3.534E-03 3.569E-02 2.000E+05 0.000E+00 0.000E+00 2.938E+06
4.72021654E-02   5015.1 1.475E-01 1.890E+09 3.497E-03 3.533E-02 2.000E+05 0.000E+00 0.000E+00 2.574E+06
6.41603784E-02   5057.2 2.005E-01 2.517E+09 3.505E-03 3.523E-02 2.000E+05 0.000E+00 0.000E+00 2.261E+06
8.65621076E-02   5102.5 2.705E-01 3.367E+09 3.561E-03 3.537E-02 2.000E+05 0.000E+00 0.000E+00 1.993E+06
1.15752305E-01   5150.9 3.618E-01 4.512E+09 3.668E-03 3.577E-02 2.000E+05 0.000E+00 0.000E+00 1.766E+06
1.53280152E-01   5202.2 4.791E-01 6.051E+09 3.829E-03 3.642E-02 2.000E+05 0.000E+00 0.000E+00 1.575E+06
2.00933407E-01   5255.6 6.281E-01 8.102E+09 4.043E-03 3.731E-02 2.000E+05 0.000E+00 0.000E+00 1.416E+06
2.60808572E-01   5310.7 8.151E-01 1.081E+10 4.312E-03 3.842E-02 2.000E+05 0.000E+00 0.000E+00 1.285E+06
3.35365082E-01   5366.6 1.048E+00 1.434E+10 4.632E-03 3.970E-02 2.000E+05 0.000E+00 0.000E+00 1.176E+06
4.27767935E-01   5421.6 1.336E+00 1.883E+10 4.987E-03 4.112E-02 2.000E+05 0.000E+00 0.000E+00 1.088E+06
5.42294731E-01   5474.2 1.694E+00 2.444E+10 5.359E-03 4.260E-02 2.000E+05 0.000E+00 0.000E+00 1.017E+06
6.84727357E-01   5523.6 2.138E+00 3.130E+10 5.734E-03 4.413E-02 2.000E+05 0.000E+00 0.000E+00 9.592E+05
8.62559043E-01   5570.3 2.692E+00 3.967E+10 6.117E-03 4.581E-02 2.000E+05 0.000E+00 0.000E+00 9.123E+05
1.08483194E+00   5615.4 3.385E+00 4.993E+10 6.530E-03 4.773E-02 2.000E+05 0.000E+00 0.000E+00 8.741E+05
1.36212459E+00   5659.5 4.248E+00 6.253E+10 6.992E-03 4.998E-02 2.000E+05 0.000E+00 0.000E+00 8.431E+05
1.70645752E+00   5703.5 5.319E+00 7.806E+10 7.530E-03 5.270E-02 2.000E+05 0.000E+00 0.000E+00 8.180E+05
2.13149174E+00   5747.6 6.640E+00 9.715E+10 8.163E-03 5.598E-02 2.000E+05 0.000E+00 0.000E+00 7.979E+05
2.65175284E+00   5792.8 8.255E+00 1.208E+11 8.935E-03 6.012E-02 2.000E+05 0.000E+00 0.000E+00 7.820E+05
3.28188912E+00   5840.1 1.021E+01 1.503E+11 9.897E-03 6.543E-02 2.000E+05 0.000E+00 0.000E+00 7.695E+05
4.03452665E+00   5891.3 1.254E+01 1.876E+11 1.114E-02 7.245E-02 2.000E+05 0.000E+00 0.000E+00 7.598E+05
4.91775466E+00   5948.1 1.526E+01 2.357E+11 1.278E-02 8.189E-02 2.000E+05 0.000E+00 0.000E+00 7.524E+05
5.93201705E+00   6013.0 1.838E+01 2.990E+11 1.503E-02 9.495E-02 2.000E+05 0.000E+00 0.000E+00 7.470E+05
7.06671248E+00   6088.3 2.185E+01 3.841E+11 1.817E-02 1.134E-01 2.000E+05 0.000E+00 0.000E+00 7.433E+05
8.29793341E+00   6177.0 2.559E+01 5.015E+11 2.271E-02 1.405E-01 2.000E+05 0.000E+00 0.000E+00 7.412E+05
9.58547706E+00   6282.8 2.945E+01 6.679E+11 2.956E-02 1.816E-01 2.000E+05 1.435E-19 2.425E+00 7.409E+05
1.08751788E+01   6409.2 3.326E+01 9.092E+11 4.028E-02 2.466E-01 2.000E+05 1.981E-17 1.182E+01 7.427E+05
1.21045074E+01   6560.8 3.678E+01 1.268E+12 5.792E-02 3.548E-01 2.000E+05 2.715E-16 2.679E+01 7.474E+05
1.32088480E+01   6743.7 3.979E+01 1.817E+12 8.882E-02 5.454E-01 2.000E+05 4.297E-15 6.412E+01 7.562E+05
1.41360656E+01   6963.2 4.207E+01 2.666E+12 1.460E-01 8.992E-01 2.000E+05 1.475E-13 2.008E+02 7.714E+05
1.48621430E+01   7224.2 4.350E+01 3.969E+12 2.565E-01 1.579E+00 2.000E+05 1.097E-11 8.281E+02 7.963E+05
1.53990297E+01   7527.5 4.405E+01 5.869E+12 4.711E-01 2.874E+00 2.000E+05 1.150E-09 3.928E+03 8.359E+05
1.57881081E+01   7871.9 4.377E+01 8.357E+12 8.602E-01 5.141E+00 2.000E+05 9.238E-08 1.763E+04 8.968E+05
1.60794399E+01   8257.2 4.273E+01 1.101E+13 1.450E+00 8.407E+00 2.000E+05 2.170E-06 5.468E+04 9.866E+05
1.63346869E+01   8680.8 4.101E+01 1.291E+13 2.035E+00 1.142E+01 2.000E+05 4.417E-06 7.851E+04 1.107E+06
1.66097758E+01   9149.3 3.860E+01 1.329E+13 2.215E+00 1.204E+01 2.000E+05 5.143E-07 4.556E+04 1.265E+06
1.69905624E+01   9659.8 3.555E+01 1.234E+13 1.939E+00 1.031E+01 2.000E+05 1.902E-08 1.829E+04 1.492E+06
1.76047933E+01  10223.1 3.194E+01 1.072E+13 1.495E+00 7.846E+00 2.000E+05 1.738E-09 9.394E+03 1.778E+06
1.87099547E+01  10844.4 2.808E+01 8.957E+12 1.093E+00 5.700E+00 2.000E+05 4.911E-10 6.691E+03 2.068E+06
2.07232471E+01  11538.4 2.469E+01 7.426E+12 8.072E-01 4.199E+00 2.000E+05 2.717E-10 5.850E+03 2.380E+06
2.42315196E+01  12297.3 2.278E+01 6.468E+12 6.432E-01 3.343E+00 2.000E+05 2.497E-10 5.942E+03 2.705E+06
2.97998706E+01  13137.8 2.304E+01 6.209E+12 5.663E-01 2.948E+00 2.000E+05 2.813E-10 6.306E+03 3.050E+06
3.79646789E+01  14052.5 2.571E+01 6.565E+12 5.282E-01 2.749E+00 2.000E+05 1.519E-10 5.109E+03 3.434E+06
4.94729107E+01  15052.6 3.122E+01 7.487E+12 5.056E-01 2.633E+00 2.000E+05 3.342E-11 2.973E+03 3.727E+06
6.53171813E+01  16133.4 4.015E+01 8.999E+12 4.945E-01 2.574E+00 2.000E+05 1.478E-12 9.911E+02 3.919E+06
8.67525990E+01  17306.4 5.302E+01 1.108E+13 4.903E-01 2.552E+00 2.000E+05 0.000E+00 0.000E+00 4.068E+06
1.15499310E+02  18568.8 7.077E+01 1.379E+13 4.888E-01 2.540E+00 2.000E+05 0.000E+00 0.000E+00 4.203E+06
1.53818394E+02  19936.3 9.454E+01 1.716E+13 4.906E-01 2.544E+00 2.000E+05 8.159E-16 6.562E+01 4.344E+06
2.04498513E+02  21403.1 1.270E+02 2.148E+13 4.964E-01 2.499E+00 2.000E+05 2.502E-07 4.107E+04 4.474E+06
PRADK 3.6965E+00
BEGIN                    ITERATION  15 COMPLETED
