TEFF   7750.  GRAVITY 3.50000 LTE
TITLE  [-1.5] N(He)/Ntot=0.0784 VTURB=2  L/H=1.25 NOVER
OPACITY IFOP 1 1 1 1 1 1 1 1 1 1 1 1 1 0 1 0 0 0 0 0
CONVECTION ON   1.25 TURBULENCE OFF  0.00  0.00  0.00  0.00
ABUNDANCE SCALE   0.03162 ABUNDANCE CHANGE 1 0.92150 2 0.07843
ABUNDANCE CHANGE  3 -10.94  4 -10.64  5  -9.49  6  -3.52  7  -4.12  8  -3.21
ABUNDANCE CHANGE  9  -7.48 10  -3.96 11  -5.71 12  -4.46 13  -5.57 14  -4.49
ABUNDANCE CHANGE 15  -6.59 16  -4.71 17  -6.54 18  -5.64 19  -6.92 20  -5.68
ABUNDANCE CHANGE 21  -8.87 22  -7.02 23  -8.04 24  -6.37 25  -6.65 26  -4.54
ABUNDANCE CHANGE 27  -7.12 28  -5.79 29  -7.83 30  -7.44 31  -9.16 32  -8.63
ABUNDANCE CHANGE 33  -9.67 34  -8.63 35  -9.41 36  -8.73 37  -9.44 38  -9.07
ABUNDANCE CHANGE 39  -9.80 40  -9.44 41 -10.62 42 -10.12 43 -20.00 44 -10.20
ABUNDANCE CHANGE 45 -10.92 46 -10.35 47 -11.10 48 -10.27 49 -10.38 50 -10.04
ABUNDANCE CHANGE 51 -11.04 52  -9.80 53 -10.53 54  -9.87 55 -10.91 56  -9.91
ABUNDANCE CHANGE 57 -10.87 58 -10.46 59 -11.33 60 -10.54 61 -20.00 62 -11.03
ABUNDANCE CHANGE 63 -11.53 64 -10.92 65 -11.69 66 -10.90 67 -11.78 68 -11.11
ABUNDANCE CHANGE 69 -12.04 70 -10.96 71 -11.98 72 -11.16 73 -12.17 74 -10.93
ABUNDANCE CHANGE 75 -11.76 76 -10.59 77 -10.69 78 -10.24 79 -11.03 80 -10.91
ABUNDANCE CHANGE 81 -11.14 82 -10.09 83 -11.33 84 -20.00 85 -20.00 86 -20.00
ABUNDANCE CHANGE 87 -20.00 88 -20.00 89 -20.00 90 -11.95 91 -20.00 92 -12.54
ABUNDANCE CHANGE 93 -20.00 94 -20.00 95 -20.00 96 -20.00 97 -20.00 98 -20.00
ABUNDANCE CHANGE 99 -20.00
READ DECK6 72 RHOX,T,P,XNE,ABROSS,ACCRAD,VTURB, FLXCNV,VCONV,VELSND
3.20186610E-05   5018.4 1.012E-01 1.579E+09 4.165E-03 2.188E-01 2.000E+05 0.000E+00 0.000E+00 3.287E+06
4.31201602E-05   5034.3 1.363E-01 1.929E+09 3.848E-03 2.166E-01 2.000E+05 0.000E+00 0.000E+00 2.943E+06
5.92799388E-05   5046.9 1.874E-01 2.357E+09 3.493E-03 2.137E-01 2.000E+05 0.000E+00 0.000E+00 2.627E+06
8.27498146E-05   5068.4 2.617E-01 2.981E+09 3.247E-03 2.112E-01 2.000E+05 0.000E+00 0.000E+00 2.323E+06
1.16438893E-04   5091.6 3.682E-01 3.803E+09 3.035E-03 2.082E-01 2.000E+05 0.000E+00 0.000E+00 2.051E+06
1.63947000E-04   5121.0 5.184E-01 4.944E+09 2.902E-03 2.052E-01 2.000E+05 0.000E+00 0.000E+00 1.809E+06
2.29576118E-04   5154.1 7.259E-01 6.472E+09 2.825E-03 2.017E-01 2.000E+05 0.000E+00 0.000E+00 1.603E+06
3.18535794E-04   5191.0 1.007E+00 8.517E+09 2.806E-03 1.978E-01 2.000E+05 0.000E+00 0.000E+00 1.431E+06
4.36815345E-04   5230.5 1.381E+00 1.121E+10 2.838E-03 1.938E-01 2.000E+05 0.000E+00 0.000E+00 1.288E+06
5.91566322E-04   5271.4 1.871E+00 1.470E+10 2.913E-03 1.896E-01 2.000E+05 0.000E+00 0.000E+00 1.173E+06
7.91259536E-04   5312.9 2.502E+00 1.914E+10 3.028E-03 1.856E-01 2.000E+05 0.000E+00 0.000E+00 1.080E+06
1.04593272E-03   5354.3 3.307E+00 2.474E+10 3.183E-03 1.819E-01 2.000E+05 0.000E+00 0.000E+00 1.006E+06
1.36748775E-03   5395.3 4.324E+00 3.170E+10 3.377E-03 1.790E-01 2.000E+05 0.000E+00 0.000E+00 9.474E+05
1.76988344E-03   5435.5 5.597E+00 4.026E+10 3.612E-03 1.767E-01 2.000E+05 0.000E+00 0.000E+00 9.010E+05
2.26951885E-03   5474.8 7.176E+00 5.070E+10 3.893E-03 1.749E-01 2.000E+05 0.000E+00 0.000E+00 8.645E+05
2.88553318E-03   5513.2 9.124E+00 6.332E+10 4.224E-03 1.738E-01 2.000E+05 0.000E+00 0.000E+00 8.357E+05
3.64045198E-03   5550.4 1.151E+01 7.843E+10 4.608E-03 1.734E-01 2.000E+05 0.000E+00 0.000E+00 8.133E+05
4.56093359E-03   5586.4 1.442E+01 9.637E+10 5.051E-03 1.737E-01 2.000E+05 0.000E+00 0.000E+00 7.958E+05
5.67895312E-03   5621.0 1.796E+01 1.175E+11 5.554E-03 1.750E-01 2.000E+05 0.000E+00 0.000E+00 7.823E+05
7.03255222E-03   5654.3 2.224E+01 1.422E+11 6.126E-03 1.773E-01 2.000E+05 0.000E+00 0.000E+00 7.719E+05
8.66642335E-03   5686.5 2.740E+01 1.711E+11 6.778E-03 1.807E-01 2.000E+05 0.000E+00 0.000E+00 7.640E+05
1.06318831E-02   5718.2 3.362E+01 2.050E+11 7.528E-03 1.855E-01 2.000E+05 0.000E+00 0.000E+00 7.581E+05
1.29869120E-02   5749.9 4.107E+01 2.448E+11 8.395E-03 1.916E-01 2.000E+05 0.000E+00 0.000E+00 7.537E+05
1.57963936E-02   5781.9 4.995E+01 2.918E+11 9.406E-03 1.990E-01 2.000E+05 0.000E+00 0.000E+00 7.505E+05
1.91325742E-02   5814.5 6.050E+01 3.472E+11 1.059E-02 2.076E-01 2.000E+05 0.000E+00 0.000E+00 7.484E+05
2.30780651E-02   5847.8 7.297E+01 4.125E+11 1.196E-02 2.173E-01 2.000E+05 0.000E+00 0.000E+00 7.471E+05
2.77285629E-02   5881.6 8.768E+01 4.893E+11 1.354E-02 2.281E-01 2.000E+05 0.000E+00 0.000E+00 7.464E+05
3.31990640E-02   5915.2 1.050E+02 5.788E+11 1.536E-02 2.400E-01 2.000E+05 0.000E+00 0.000E+00 7.463E+05
3.96306427E-02   5948.5 1.253E+02 6.823E+11 1.742E-02 2.533E-01 2.000E+05 0.000E+00 0.000E+00 7.466E+05
4.71990293E-02   5980.6 1.492E+02 8.007E+11 1.972E-02 2.677E-01 2.000E+05 0.000E+00 0.000E+00 7.474E+05
5.61238035E-02   6011.3 1.775E+02 9.353E+11 2.228E-02 2.836E-01 2.000E+05 0.000E+00 0.000E+00 7.485E+05
6.66757329E-02   6040.4 2.108E+02 1.087E+12 2.509E-02 3.011E-01 2.000E+05 0.000E+00 0.000E+00 7.499E+05
7.91812702E-02   6068.2 2.504E+02 1.260E+12 2.821E-02 3.207E-01 2.000E+05 0.000E+00 0.000E+00 7.516E+05
9.40286604E-02   6094.9 2.973E+02 1.455E+12 3.166E-02 3.425E-01 2.000E+05 0.000E+00 0.000E+00 7.535E+05
1.11669765E-01   6121.2 3.531E+02 1.678E+12 3.554E-02 3.671E-01 2.000E+05 0.000E+00 0.000E+00 7.555E+05
1.32630501E-01   6147.1 4.194E+02 1.934E+12 3.989E-02 3.948E-01 2.000E+05 0.000E+00 0.000E+00 7.578E+05
1.57524428E-01   6173.2 4.981E+02 2.227E+12 4.481E-02 4.262E-01 2.000E+05 0.000E+00 0.000E+00 7.601E+05
1.87067696E-01   6199.5 5.915E+02 2.565E+12 5.037E-02 4.618E-01 2.000E+05 0.000E+00 0.000E+00 7.625E+05
2.22085506E-01   6226.5 7.022E+02 2.958E+12 5.672E-02 5.027E-01 2.000E+05 0.000E+00 0.000E+00 7.651E+05
2.63516048E-01   6254.6 8.332E+02 3.414E+12 6.399E-02 5.498E-01 2.000E+05 0.000E+00 0.000E+00 7.676E+05
3.12419936E-01   6284.2 9.878E+02 3.951E+12 7.241E-02 6.051E-01 2.000E+05 0.000E+00 0.000E+00 7.703E+05
3.69900563E-01   6316.9 1.170E+03 4.593E+12 8.236E-02 6.716E-01 2.000E+05 0.000E+00 0.000E+00 7.729E+05
4.37092758E-01   6353.1 1.382E+03 5.370E+12 9.424E-02 7.520E-01 2.000E+05 0.000E+00 0.000E+00 7.752E+05
5.15078660E-01   6394.6 1.629E+03 6.330E+12 1.087E-01 8.514E-01 2.000E+05 0.000E+00 0.000E+00 7.781E+05
6.04740287E-01   6442.9 1.912E+03 7.536E+12 1.268E-01 9.768E-01 2.000E+05 0.000E+00 0.000E+00 7.806E+05
7.06595861E-01   6500.0 2.234E+03 9.091E+12 1.499E-01 1.139E+00 2.000E+05 0.000E+00 0.000E+00 7.831E+05
8.20568559E-01   6568.5 2.594E+03 1.114E+13 1.802E-01 1.354E+00 2.000E+05 0.000E+00 0.000E+00 7.854E+05
9.45714593E-01   6651.3 2.990E+03 1.393E+13 2.212E-01 1.649E+00 2.000E+05 0.000E+00 0.000E+00 7.876E+05
1.07993838E+00   6752.0 3.414E+03 1.782E+13 2.786E-01 2.066E+00 2.000E+05 0.000E+00 0.000E+00 7.895E+05
1.21995166E+00   6874.0 3.856E+03 2.340E+13 3.616E-01 2.674E+00 2.000E+05 0.000E+00 0.000E+00 7.914E+05
1.36137212E+00   7021.6 4.303E+03 3.158E+13 4.861E-01 3.598E+00 2.000E+05 0.000E+00 0.000E+00 7.932E+05
1.49874101E+00   7200.7 4.737E+03 4.400E+13 6.823E-01 5.066E+00 2.000E+05 2.140E-11 3.096E+02 7.953E+05
1.62613948E+00   7416.3 5.139E+03 6.327E+13 1.006E+00 7.508E+00 2.000E+05 7.731E-10 9.704E+02 7.985E+05
1.73817185E+00   7675.0 5.492E+03 9.389E+13 1.570E+00 1.180E+01 2.000E+05 2.686E-08 2.998E+03 8.040E+05
1.83068176E+00   7985.6 5.783E+03 1.437E+14 2.618E+00 1.976E+01 2.000E+05 1.310E-06 1.037E+04 8.135E+05
1.90287895E+00   8342.9 6.010E+03 2.223E+14 4.581E+00 3.463E+01 2.000E+05 9.098E-05 4.060E+04 8.291E+05
1.95561176E+00   8781.0 6.174E+03 3.544E+14 8.682E+00 6.563E+01 2.000E+05 2.540E-03 1.184E+05 8.555E+05
1.99144493E+00   9305.1 6.284E+03 5.668E+14 1.713E+01 1.213E+02 2.000E+05 2.261E-02 2.386E+05 8.987E+05
2.01749457E+00   9777.3 6.363E+03 8.022E+14 2.859E+01 1.620E+02 2.000E+05 2.121E-01 5.161E+05 9.492E+05
2.04077947E+00  10138.6 6.433E+03 9.990E+14 3.935E+01 1.621E+02 2.000E+05 4.025E-01 6.565E+05 9.953E+05
2.06464451E+00  10444.6 6.504E+03 1.167E+15 4.880E+01 1.525E+02 2.000E+05 5.305E-01 7.356E+05 1.039E+06
2.09097081E+00  10753.0 6.584E+03 1.326E+15 5.777E+01 1.503E+02 2.000E+05 6.147E-01 7.996E+05 1.085E+06
2.12123007E+00  11088.7 6.675E+03 1.479E+15 6.568E+01 1.561E+02 2.000E+05 6.338E-01 8.276E+05 1.138E+06
2.15776943E+00  11481.3 6.784E+03 1.621E+15 7.023E+01 1.995E+02 2.000E+05 6.131E-01 8.942E+05 1.199E+06
2.20612133E+00  12205.8 6.925E+03 1.761E+15 6.631E+01 3.060E+02 2.000E+05 2.959E-01 7.462E+05 1.304E+06
2.28613625E+00  13441.2 7.154E+03 1.788E+15 4.486E+01 2.846E+02 2.000E+05 1.977E-03 1.699E+05 1.468E+06
2.45874277E+00  14864.8 7.659E+03 1.773E+15 2.634E+01 1.800E+02 2.000E+05 2.655E-06 2.179E+04 1.623E+06
2.82910092E+00  16281.6 8.777E+03 1.879E+15 1.778E+01 1.210E+02 2.000E+05 1.725E-07 8.235E+03 1.672E+06
3.50021485E+00  17738.6 1.083E+04 2.160E+15 1.423E+01 9.652E+01 2.000E+05 3.327E-08 4.506E+03 1.749E+06
4.55793653E+00  19243.5 1.408E+04 2.618E+15 1.260E+01 8.526E+01 2.000E+05 4.971E-10 1.121E+03 1.886E+06
6.10758027E+00  20825.3 1.885E+04 3.257E+15 1.174E+01 7.929E+01 2.000E+05 0.000E+00 0.000E+00 2.046E+06
8.26661465E+00  22487.0 2.551E+04 4.091E+15 1.143E+01 7.562E+01 2.000E+05 0.000E+00 0.000E+00 2.186E+06
PRADK 4.8320E+00
BEGIN                    ITERATION  15 COMPLETED
