TEFF   7250.  GRAVITY 4.50000 LTE
TITLE  [-1.5] N(He)/Ntot=0.0784 VTURB=2  L/H=1.25 NOVER
OPACITY IFOP 1 1 1 1 1 1 1 1 1 1 1 1 1 0 1 0 0 0 0 0
CONVECTION ON   1.25 TURBULENCE OFF  0.00  0.00  0.00  0.00
ABUNDANCE SCALE   0.03162 ABUNDANCE CHANGE 1 0.92150 2 0.07843
ABUNDANCE CHANGE  3 -10.94  4 -10.64  5  -9.49  6  -3.52  7  -4.12  8  -3.21
ABUNDANCE CHANGE  9  -7.48 10  -3.96 11  -5.71 12  -4.46 13  -5.57 14  -4.49
ABUNDANCE CHANGE 15  -6.59 16  -4.71 17  -6.54 18  -5.64 19  -6.92 20  -5.68
ABUNDANCE CHANGE 21  -8.87 22  -7.02 23  -8.04 24  -6.37 25  -6.65 26  -4.54
ABUNDANCE CHANGE 27  -7.12 28  -5.79 29  -7.83 30  -7.44 31  -9.16 32  -8.63
ABUNDANCE CHANGE 33  -9.67 34  -8.63 35  -9.41 36  -8.73 37  -9.44 38  -9.07
ABUNDANCE CHANGE 39  -9.80 40  -9.44 41 -10.62 42 -10.12 43 -20.00 44 -10.20
ABUNDANCE CHANGE 45 -10.92 46 -10.35 47 -11.10 48 -10.27 49 -10.38 50 -10.04
ABUNDANCE CHANGE 51 -11.04 52  -9.80 53 -10.53 54  -9.87 55 -10.91 56  -9.91
ABUNDANCE CHANGE 57 -10.87 58 -10.46 59 -11.33 60 -10.54 61 -20.00 62 -11.03
ABUNDANCE CHANGE 63 -11.53 64 -10.92 65 -11.69 66 -10.90 67 -11.78 68 -11.11
ABUNDANCE CHANGE 69 -12.04 70 -10.96 71 -11.98 72 -11.16 73 -12.17 74 -10.93
ABUNDANCE CHANGE 75 -11.76 76 -10.59 77 -10.69 78 -10.24 79 -11.03 80 -10.91
ABUNDANCE CHANGE 81 -11.14 82 -10.09 83 -11.33 84 -20.00 85 -20.00 86 -20.00
ABUNDANCE CHANGE 87 -20.00 88 -20.00 89 -20.00 90 -11.95 91 -20.00 92 -12.54
ABUNDANCE CHANGE 93 -20.00 94 -20.00 95 -20.00 96 -20.00 97 -20.00 98 -20.00
ABUNDANCE CHANGE 99 -20.00
READ DECK6 72 RHOX,T,P,XNE,ABROSS,ACCRAD,VTURB, FLXCNV,VCONV,VELSND
1.60121512E-04   4910.5 5.063E+00 7.964E+09 8.328E-04 1.170E-01 2.000E+05 0.000E+00 0.000E+00 9.781E+05
2.11254547E-04   4947.9 6.680E+00 1.035E+10 9.068E-04 1.165E-01 2.000E+05 0.000E+00 0.000E+00 9.238E+05
2.75369353E-04   4965.3 8.708E+00 1.251E+10 9.433E-04 1.148E-01 2.000E+05 0.000E+00 0.000E+00 8.841E+05
3.55796148E-04   4993.7 1.125E+01 1.558E+10 1.023E-03 1.135E-01 2.000E+05 0.000E+00 0.000E+00 8.520E+05
4.54401558E-04   5020.4 1.437E+01 1.918E+10 1.116E-03 1.120E-01 2.000E+05 0.000E+00 0.000E+00 8.276E+05
5.74292457E-04   5048.3 1.816E+01 2.355E+10 1.230E-03 1.106E-01 2.000E+05 0.000E+00 0.000E+00 8.089E+05
7.18731420E-04   5076.4 2.273E+01 2.877E+10 1.366E-03 1.092E-01 2.000E+05 0.000E+00 0.000E+00 7.945E+05
8.91747419E-04   5104.3 2.820E+01 3.494E+10 1.524E-03 1.080E-01 2.000E+05 0.000E+00 0.000E+00 7.836E+05
1.09806353E-03   5132.1 3.472E+01 4.221E+10 1.708E-03 1.070E-01 2.000E+05 0.000E+00 0.000E+00 7.753E+05
1.34319694E-03   5159.7 4.248E+01 5.076E+10 1.920E-03 1.064E-01 2.000E+05 0.000E+00 0.000E+00 7.690E+05
1.63364951E-03   5187.1 5.166E+01 6.077E+10 2.163E-03 1.060E-01 2.000E+05 0.000E+00 0.000E+00 7.644E+05
1.97707783E-03   5214.3 6.252E+01 7.247E+10 2.441E-03 1.058E-01 2.000E+05 0.000E+00 0.000E+00 7.610E+05
2.38271814E-03   5240.8 7.535E+01 8.600E+10 2.757E-03 1.058E-01 2.000E+05 0.000E+00 0.000E+00 7.586E+05
2.86151179E-03   5267.1 9.049E+01 1.017E+11 3.116E-03 1.060E-01 2.000E+05 0.000E+00 0.000E+00 7.570E+05
3.42618915E-03   5293.0 1.083E+02 1.199E+11 3.524E-03 1.066E-01 2.000E+05 0.000E+00 0.000E+00 7.561E+05
4.09182511E-03   5318.6 1.294E+02 1.410E+11 3.987E-03 1.076E-01 2.000E+05 0.000E+00 0.000E+00 7.556E+05
4.87644975E-03   5343.7 1.542E+02 1.652E+11 4.510E-03 1.090E-01 2.000E+05 0.000E+00 0.000E+00 7.556E+05
5.80162319E-03   5368.3 1.835E+02 1.930E+11 5.100E-03 1.108E-01 2.000E+05 0.000E+00 0.000E+00 7.559E+05
6.89305499E-03   5392.2 2.180E+02 2.248E+11 5.763E-03 1.132E-01 2.000E+05 0.000E+00 0.000E+00 7.566E+05
8.18166124E-03   5415.5 2.587E+02 2.612E+11 6.507E-03 1.163E-01 2.000E+05 0.000E+00 0.000E+00 7.574E+05
9.70322010E-03   5438.7 3.068E+02 3.030E+11 7.350E-03 1.200E-01 2.000E+05 0.000E+00 0.000E+00 7.585E+05
1.15011379E-02   5461.0 3.637E+02 3.504E+11 8.289E-03 1.244E-01 2.000E+05 0.000E+00 0.000E+00 7.597E+05
1.36259426E-02   5483.6 4.309E+02 4.052E+11 9.358E-03 1.298E-01 2.000E+05 0.000E+00 0.000E+00 7.610E+05
1.61353509E-02   5506.1 5.102E+02 4.682E+11 1.057E-02 1.360E-01 2.000E+05 0.000E+00 0.000E+00 7.625E+05
1.90970543E-02   5529.0 6.039E+02 5.411E+11 1.195E-02 1.430E-01 2.000E+05 0.000E+00 0.000E+00 7.640E+05
2.25899925E-02   5552.1 7.144E+02 6.251E+11 1.351E-02 1.510E-01 2.000E+05 0.000E+00 0.000E+00 7.657E+05
2.67065683E-02   5575.6 8.445E+02 7.225E+11 1.529E-02 1.599E-01 2.000E+05 0.000E+00 0.000E+00 7.674E+05
3.15551943E-02   5599.3 9.979E+02 8.348E+11 1.732E-02 1.698E-01 2.000E+05 0.000E+00 0.000E+00 7.692E+05
3.72654461E-02   5623.0 1.178E+03 9.639E+11 1.961E-02 1.813E-01 2.000E+05 0.000E+00 0.000E+00 7.710E+05
4.39905126E-02   5646.9 1.391E+03 1.113E+12 2.220E-02 1.940E-01 2.000E+05 0.000E+00 0.000E+00 7.729E+05
5.19109538E-02   5670.9 1.642E+03 1.283E+12 2.513E-02 2.081E-01 2.000E+05 0.000E+00 0.000E+00 7.748E+05
6.12460441E-02   5694.4 1.937E+03 1.478E+12 2.842E-02 2.237E-01 2.000E+05 0.000E+00 0.000E+00 7.768E+05
7.22602161E-02   5717.5 2.285E+03 1.700E+12 3.211E-02 2.409E-01 2.000E+05 0.000E+00 0.000E+00 7.787E+05
8.52755514E-02   5739.8 2.697E+03 1.950E+12 3.619E-02 2.600E-01 2.000E+05 0.000E+00 0.000E+00 7.806E+05
1.00684061E-01   5761.2 3.184E+03 2.233E+12 4.074E-02 2.814E-01 2.000E+05 0.000E+00 0.000E+00 7.826E+05
1.18961446E-01   5781.4 3.762E+03 2.549E+12 4.576E-02 3.057E-01 2.000E+05 0.000E+00 0.000E+00 7.845E+05
1.40665296E-01   5801.5 4.448E+03 2.908E+12 5.138E-02 3.332E-01 2.000E+05 0.000E+00 0.000E+00 7.864E+05
1.66445046E-01   5821.3 5.263E+03 3.317E+12 5.768E-02 3.643E-01 2.000E+05 0.000E+00 0.000E+00 7.883E+05
1.97057232E-01   5841.6 6.231E+03 3.787E+12 6.481E-02 3.999E-01 2.000E+05 0.000E+00 0.000E+00 7.902E+05
2.33355836E-01   5862.9 7.379E+03 4.333E+12 7.296E-02 4.411E-01 2.000E+05 0.000E+00 0.000E+00 7.921E+05
2.76286043E-01   5886.1 8.737E+03 4.977E+12 8.242E-02 4.894E-01 2.000E+05 0.000E+00 0.000E+00 7.941E+05
3.26835706E-01   5912.1 1.034E+04 5.749E+12 9.356E-02 5.468E-01 2.000E+05 0.000E+00 0.000E+00 7.962E+05
3.86009050E-01   5942.5 1.221E+04 6.698E+12 1.070E-01 6.168E-01 2.000E+05 0.000E+00 0.000E+00 7.984E+05
4.54732841E-01   5978.0 1.438E+04 7.880E+12 1.233E-01 7.022E-01 2.000E+05 0.000E+00 0.000E+00 8.009E+05
5.33825423E-01   6020.4 1.688E+04 9.384E+12 1.437E-01 8.086E-01 2.000E+05 0.000E+00 0.000E+00 8.035E+05
6.23829598E-01   6071.3 1.973E+04 1.134E+13 1.694E-01 9.438E-01 2.000E+05 0.000E+00 0.000E+00 8.065E+05
7.24865527E-01   6132.8 2.292E+04 1.396E+13 2.028E-01 1.119E+00 2.000E+05 0.000E+00 0.000E+00 8.099E+05
8.36411969E-01   6207.7 2.645E+04 1.757E+13 2.472E-01 1.354E+00 2.000E+05 0.000E+00 0.000E+00 8.137E+05
9.57134789E-01   6298.7 3.027E+04 2.266E+13 3.079E-01 1.675E+00 2.000E+05 0.000E+00 0.000E+00 8.179E+05
1.08478193E+00   6409.6 3.430E+04 3.007E+13 3.933E-01 2.127E+00 2.000E+05 0.000E+00 0.000E+00 8.225E+05
1.21621384E+00   6543.8 3.846E+04 4.118E+13 5.167E-01 2.783E+00 2.000E+05 0.000E+00 0.000E+00 8.273E+05
1.34751099E+00   6705.9 4.261E+04 5.834E+13 7.013E-01 3.766E+00 2.000E+05 0.000E+00 0.000E+00 8.322E+05
1.47422780E+00   6900.6 4.662E+04 8.561E+13 9.871E-01 5.297E+00 2.000E+05 2.914E-09 7.782E+02 8.368E+05
1.59192248E+00   7133.1 5.034E+04 1.301E+14 1.447E+00 7.789E+00 2.000E+05 8.522E-07 4.996E+03 8.407E+05
1.69606017E+00   7415.9 5.363E+04 2.065E+14 2.244E+00 1.217E+01 2.000E+05 3.767E-05 1.704E+04 8.438E+05
1.78308147E+00   7754.7 5.638E+04 3.400E+14 3.692E+00 2.021E+01 2.000E+05 1.360E-03 5.395E+04 8.465E+05
1.85016692E+00   8179.8 5.850E+04 5.927E+14 6.676E+00 3.627E+01 2.000E+05 1.861E-02 1.222E+05 8.510E+05
1.89824703E+00   8650.1 6.002E+04 1.020E+15 1.243E+01 6.074E+01 2.000E+05 9.591E-02 1.980E+05 8.604E+05
1.93516452E+00   9029.7 6.118E+04 1.511E+15 2.000E+01 7.383E+01 2.000E+05 3.276E-01 2.919E+05 8.725E+05
1.96827371E+00   9308.7 6.223E+04 1.975E+15 2.790E+01 7.115E+01 2.000E+05 5.139E-01 3.304E+05 8.841E+05
2.00115350E+00   9542.9 6.327E+04 2.440E+15 3.630E+01 6.381E+01 2.000E+05 6.573E-01 3.519E+05 8.956E+05
2.03561840E+00   9750.4 6.435E+04 2.916E+15 4.534E+01 5.618E+01 2.000E+05 7.578E-01 3.634E+05 9.072E+05
2.07288819E+00   9944.2 6.553E+04 3.420E+15 5.530E+01 4.980E+01 2.000E+05 8.249E-01 3.689E+05 9.190E+05
2.11407163E+00  10127.9 6.683E+04 3.954E+15 6.616E+01 4.491E+01 2.000E+05 8.693E-01 3.717E+05 9.313E+05
2.16020810E+00  10310.3 6.829E+04 4.539E+15 7.842E+01 4.109E+01 2.000E+05 8.995E-01 3.724E+05 9.444E+05
2.21241661E+00  10488.8 6.994E+04 5.171E+15 9.196E+01 3.808E+01 2.000E+05 9.209E-01 3.728E+05 9.580E+05
2.27187074E+00  10673.0 7.181E+04 5.883E+15 1.076E+02 3.556E+01 2.000E+05 9.368E-01 3.722E+05 9.730E+05
2.33997817E+00  10855.7 7.397E+04 6.657E+15 1.247E+02 3.342E+01 2.000E+05 9.489E-01 3.724E+05 9.887E+05
2.41825083E+00  11050.8 7.644E+04 7.550E+15 1.448E+02 3.157E+01 2.000E+05 9.582E-01 3.710E+05 1.006E+06
2.50865193E+00  11242.9 7.929E+04 8.513E+15 1.663E+02 2.996E+01 2.000E+05 9.658E-01 3.716E+05 1.024E+06
2.61363357E+00  11458.1 8.261E+04 9.663E+15 1.909E+02 2.851E+01 2.000E+05 9.714E-01 3.700E+05 1.046E+06
2.73642211E+00  11666.1 8.649E+04 1.089E+16 2.165E+02 2.829E+01 2.000E+05 9.752E-01 3.698E+05 1.067E+06
PRADK 3.7063E+00
BEGIN                    ITERATION  15 COMPLETED
