TEFF   9000.  GRAVITY 4.50000 LTE
TITLE  [-1.5] N(He)/Ntot=0.0784 VTURB=2  L/H=1.25 NOVER
OPACITY IFOP 1 1 1 1 1 1 1 1 1 1 1 1 1 0 1 0 0 0 0 0
CONVECTION ON   1.25 TURBULENCE OFF  0.00  0.00  0.00  0.00
ABUNDANCE SCALE   0.03162 ABUNDANCE CHANGE 1 0.92150 2 0.07843
ABUNDANCE CHANGE  3 -10.94  4 -10.64  5  -9.49  6  -3.52  7  -4.12  8  -3.21
ABUNDANCE CHANGE  9  -7.48 10  -3.96 11  -5.71 12  -4.46 13  -5.57 14  -4.49
ABUNDANCE CHANGE 15  -6.59 16  -4.71 17  -6.54 18  -5.64 19  -6.92 20  -5.68
ABUNDANCE CHANGE 21  -8.87 22  -7.02 23  -8.04 24  -6.37 25  -6.65 26  -4.54
ABUNDANCE CHANGE 27  -7.12 28  -5.79 29  -7.83 30  -7.44 31  -9.16 32  -8.63
ABUNDANCE CHANGE 33  -9.67 34  -8.63 35  -9.41 36  -8.73 37  -9.44 38  -9.07
ABUNDANCE CHANGE 39  -9.80 40  -9.44 41 -10.62 42 -10.12 43 -20.00 44 -10.20
ABUNDANCE CHANGE 45 -10.92 46 -10.35 47 -11.10 48 -10.27 49 -10.38 50 -10.04
ABUNDANCE CHANGE 51 -11.04 52  -9.80 53 -10.53 54  -9.87 55 -10.91 56  -9.91
ABUNDANCE CHANGE 57 -10.87 58 -10.46 59 -11.33 60 -10.54 61 -20.00 62 -11.03
ABUNDANCE CHANGE 63 -11.53 64 -10.92 65 -11.69 66 -10.90 67 -11.78 68 -11.11
ABUNDANCE CHANGE 69 -12.04 70 -10.96 71 -11.98 72 -11.16 73 -12.17 74 -10.93
ABUNDANCE CHANGE 75 -11.76 76 -10.59 77 -10.69 78 -10.24 79 -11.03 80 -10.91
ABUNDANCE CHANGE 81 -11.14 82 -10.09 83 -11.33 84 -20.00 85 -20.00 86 -20.00
ABUNDANCE CHANGE 87 -20.00 88 -20.00 89 -20.00 90 -11.95 91 -20.00 92 -12.54
ABUNDANCE CHANGE 93 -20.00 94 -20.00 95 -20.00 96 -20.00 97 -20.00 98 -20.00
ABUNDANCE CHANGE 99 -20.00
READ DECK6 72 RHOX,T,P,XNE,ABROSS,ACCRAD,VTURB, FLXCNV,VCONV,VELSND
1.48472504E-06   5995.3 4.695E-02 1.127E+10 8.982E-02 2.627E+00 2.000E+05 0.000E+00 0.000E+00 4.403E+06
2.01026645E-06   5996.3 6.356E-02 1.363E+10 7.944E-02 2.520E+00 2.000E+05 0.000E+00 0.000E+00 3.799E+06
2.80777622E-06   5997.3 8.878E-02 1.672E+10 6.930E-02 2.418E+00 2.000E+05 0.000E+00 0.000E+00 3.246E+06
4.03061863E-06   6000.2 1.275E-01 2.080E+10 6.003E-02 2.328E+00 2.000E+05 0.000E+00 0.000E+00 2.757E+06
5.92836564E-06   6005.3 1.875E-01 2.621E+10 5.180E-02 2.249E+00 2.000E+05 0.000E+00 0.000E+00 2.336E+06
8.85608600E-06   6013.5 2.801E-01 3.338E+10 4.487E-02 2.187E+00 2.000E+05 0.000E+00 0.000E+00 1.986E+06
1.33416207E-05   6025.3 4.220E-01 4.285E+10 3.925E-02 2.140E+00 2.000E+05 0.000E+00 0.000E+00 1.700E+06
2.01216624E-05   6041.7 6.365E-01 5.539E+10 3.492E-02 2.109E+00 2.000E+05 0.000E+00 0.000E+00 1.473E+06
3.01734018E-05   6063.2 9.544E-01 7.193E+10 3.178E-02 2.094E+00 2.000E+05 0.000E+00 0.000E+00 1.295E+06
4.46925387E-05   6089.7 1.414E+00 9.358E+10 2.970E-02 2.090E+00 2.000E+05 0.000E+00 0.000E+00 1.157E+06
6.52269029E-05   6117.1 2.063E+00 1.208E+11 2.826E-02 2.092E+00 2.000E+05 0.000E+00 0.000E+00 1.053E+06
9.35303514E-05   6150.4 2.958E+00 1.562E+11 2.777E-02 2.105E+00 2.000E+05 0.000E+00 0.000E+00 9.734E+05
1.31371771E-04   6187.7 4.154E+00 2.011E+11 2.806E-02 2.128E+00 2.000E+05 0.000E+00 0.000E+00 9.139E+05
1.80691559E-04   6227.7 5.714E+00 2.571E+11 2.904E-02 2.157E+00 2.000E+05 0.000E+00 0.000E+00 8.697E+05
2.43489226E-04   6270.5 7.700E+00 3.267E+11 3.073E-02 2.195E+00 2.000E+05 0.000E+00 0.000E+00 8.369E+05
3.21980559E-04   6314.2 1.018E+01 4.113E+11 3.302E-02 2.241E+00 2.000E+05 0.000E+00 0.000E+00 8.127E+05
4.18646926E-04   6359.0 1.324E+01 5.138E+11 3.598E-02 2.299E+00 2.000E+05 0.000E+00 0.000E+00 7.947E+05
5.36408204E-04   6403.7 1.696E+01 6.359E+11 3.954E-02 2.365E+00 2.000E+05 0.000E+00 0.000E+00 7.816E+05
6.78752257E-04   6448.2 2.146E+01 7.808E+11 4.377E-02 2.442E+00 2.000E+05 0.000E+00 0.000E+00 7.719E+05
8.49835760E-04   6492.0 2.687E+01 9.513E+11 4.866E-02 2.530E+00 2.000E+05 0.000E+00 0.000E+00 7.648E+05
1.05459465E-03   6535.5 3.335E+01 1.152E+12 5.432E-02 2.630E+00 2.000E+05 0.000E+00 0.000E+00 7.597E+05
1.29881991E-03   6578.5 4.107E+01 1.386E+12 6.081E-02 2.742E+00 2.000E+05 0.000E+00 0.000E+00 7.561E+05
1.58943096E-03   6620.9 5.026E+01 1.660E+12 6.821E-02 2.865E+00 2.000E+05 0.000E+00 0.000E+00 7.537E+05
1.93470477E-03   6662.6 6.118E+01 1.977E+12 7.658E-02 2.995E+00 2.000E+05 0.000E+00 0.000E+00 7.522E+05
2.34504200E-03   6702.6 7.415E+01 2.341E+12 8.586E-02 3.133E+00 2.000E+05 0.000E+00 0.000E+00 7.514E+05
2.83383225E-03   6740.4 8.961E+01 2.754E+12 9.597E-02 3.278E+00 2.000E+05 0.000E+00 0.000E+00 7.511E+05
3.41809536E-03   6775.7 1.081E+02 3.222E+12 1.069E-01 3.433E+00 2.000E+05 0.000E+00 0.000E+00 7.512E+05
4.11928170E-03   6808.2 1.303E+02 3.747E+12 1.185E-01 3.599E+00 2.000E+05 0.000E+00 0.000E+00 7.517E+05
4.96411579E-03   6838.2 1.570E+02 4.338E+12 1.309E-01 3.781E+00 2.000E+05 0.000E+00 0.000E+00 7.524E+05
5.98500702E-03   6866.4 1.892E+02 5.005E+12 1.444E-01 3.982E+00 2.000E+05 0.000E+00 0.000E+00 7.534E+05
7.21907203E-03   6894.3 2.283E+02 5.771E+12 1.594E-01 4.209E+00 2.000E+05 0.000E+00 0.000E+00 7.546E+05
8.70769406E-03   6922.9 2.753E+02 6.660E+12 1.765E-01 4.465E+00 2.000E+05 0.000E+00 0.000E+00 7.561E+05
1.04970490E-02   6953.0 3.319E+02 7.698E+12 1.962E-01 4.755E+00 2.000E+05 0.000E+00 0.000E+00 7.578E+05
1.26375158E-02   6985.4 3.996E+02 8.921E+12 2.192E-01 5.084E+00 2.000E+05 0.000E+00 0.000E+00 7.598E+05
1.51889625E-02   7018.6 4.803E+02 1.034E+13 2.454E-01 5.446E+00 2.000E+05 0.000E+00 0.000E+00 7.619E+05
1.82266373E-02   7052.3 5.763E+02 1.197E+13 2.750E-01 5.846E+00 2.000E+05 0.000E+00 0.000E+00 7.642E+05
2.18415817E-02   7086.2 6.906E+02 1.385E+13 3.082E-01 6.291E+00 2.000E+05 0.000E+00 0.000E+00 7.666E+05
2.61402892E-02   7120.7 8.265E+02 1.603E+13 3.458E-01 6.793E+00 2.000E+05 0.000E+00 0.000E+00 7.691E+05
3.12509104E-02   7155.4 9.881E+02 1.852E+13 3.880E-01 7.362E+00 2.000E+05 0.000E+00 0.000E+00 7.717E+05
3.73117377E-02   7192.7 1.180E+03 2.147E+13 4.372E-01 8.038E+00 2.000E+05 0.000E+00 0.000E+00 7.744E+05
4.44698434E-02   7232.6 1.406E+03 2.495E+13 4.947E-01 8.835E+00 2.000E+05 0.000E+00 0.000E+00 7.773E+05
5.28808346E-02   7276.7 1.672E+03 2.912E+13 5.632E-01 9.794E+00 2.000E+05 0.000E+00 0.000E+00 7.802E+05
6.26924063E-02   7326.3 1.982E+03 3.419E+13 6.465E-01 1.097E+01 2.000E+05 0.000E+00 0.000E+00 7.833E+05
7.40325680E-02   7383.0 2.341E+03 4.042E+13 7.498E-01 1.243E+01 2.000E+05 0.000E+00 0.000E+00 7.866E+05
8.69921427E-02   7448.5 2.750E+03 4.823E+13 8.804E-01 1.429E+01 2.000E+05 0.000E+00 0.000E+00 7.900E+05
1.01604125E-01   7524.8 3.212E+03 5.814E+13 1.049E+00 1.670E+01 2.000E+05 0.000E+00 0.000E+00 7.936E+05
1.17800844E-01   7615.5 3.724E+03 7.105E+13 1.275E+00 1.993E+01 2.000E+05 0.000E+00 0.000E+00 7.977E+05
1.35380699E-01   7723.2 4.279E+03 8.815E+13 1.584E+00 2.432E+01 2.000E+05 0.000E+00 0.000E+00 8.021E+05
1.54022002E-01   7850.3 4.868E+03 1.111E+14 2.017E+00 3.046E+01 2.000E+05 0.000E+00 0.000E+00 8.073E+05
1.73259623E-01   8001.3 5.476E+03 1.425E+14 2.646E+00 3.935E+01 2.000E+05 4.137E-11 4.050E+02 8.135E+05
1.92478955E-01   8181.3 6.083E+03 1.864E+14 3.595E+00 5.262E+01 2.000E+05 5.698E-10 9.252E+02 8.215E+05
2.10986039E-01   8395.7 6.667E+03 2.488E+14 5.076E+00 7.296E+01 2.000E+05 5.172E-09 1.844E+03 8.320E+05
2.28123911E-01   8648.3 7.208E+03 3.380E+14 7.452E+00 1.051E+02 2.000E+05 6.447E-08 4.105E+03 8.461E+05
2.43415538E-01   8944.8 7.689E+03 4.658E+14 1.133E+01 1.564E+02 2.000E+05 1.302E-06 1.081E+04 8.656E+05
2.56610198E-01   9290.7 8.104E+03 6.472E+14 1.774E+01 2.396E+02 2.000E+05 3.527E-05 3.175E+04 8.927E+05
2.67815391E-01   9686.9 8.455E+03 8.951E+14 2.783E+01 3.668E+02 2.000E+05 7.839E-04 8.859E+04 9.302E+05
2.77388522E-01  10139.6 8.753E+03 1.217E+15 4.281E+01 5.489E+02 2.000E+05 5.225E-03 1.686E+05 9.818E+05
2.85967400E-01  10631.5 9.019E+03 1.581E+15 6.104E+01 7.596E+02 2.000E+05 1.876E-02 2.666E+05 1.048E+06
2.94406451E-01  11188.9 9.278E+03 1.954E+15 7.952E+01 9.804E+02 2.000E+05 2.183E-02 2.953E+05 1.131E+06
3.03760932E-01  11816.5 9.565E+03 2.265E+15 8.763E+01 1.084E+03 2.000E+05 1.343E-02 2.699E+05 1.226E+06
3.16105930E-01  12550.0 9.942E+03 2.473E+15 8.220E+01 1.035E+03 2.000E+05 2.044E-03 1.587E+05 1.328E+06
3.35011510E-01  13359.2 1.052E+04 2.600E+15 6.659E+01 8.411E+02 2.000E+05 2.066E-05 3.848E+04 1.431E+06
3.67333447E-01  14268.0 1.152E+04 2.736E+15 5.098E+01 6.440E+02 2.000E+05 1.279E-07 7.820E+03 1.542E+06
4.23215864E-01  15241.4 1.326E+04 2.985E+15 3.991E+01 4.999E+02 2.000E+05 2.289E-09 2.108E+03 1.633E+06
5.15869032E-01  16306.1 1.614E+04 3.428E+15 3.305E+01 4.119E+02 2.000E+05 4.129E-10 1.123E+03 1.680E+06
6.58943825E-01  17445.6 2.061E+04 4.131E+15 2.963E+01 3.671E+02 2.000E+05 6.806E-10 1.210E+03 1.721E+06
8.65665758E-01  18689.5 2.708E+04 5.122E+15 2.799E+01 3.460E+02 2.000E+05 5.929E-10 1.088E+03 1.794E+06
1.15301562E+00  20028.0 3.607E+04 6.425E+15 2.718E+01 3.352E+02 2.000E+05 2.024E-14 3.457E+01 1.904E+06
1.54406665E+00  21483.7 4.830E+04 8.068E+15 2.684E+01 3.305E+02 2.000E+05 0.000E+00 0.000E+00 2.040E+06
2.06761608E+00  23047.4 6.469E+04 1.010E+16 2.694E+01 3.313E+02 2.000E+05 0.000E+00 0.000E+00 2.176E+06
2.75829953E+00  24743.1 8.630E+04 1.257E+16 2.742E+01 3.364E+02 2.000E+05 0.000E+00 0.000E+00 2.298E+06
3.65482374E+00  26562.8 1.143E+05 1.553E+16 2.838E+01 3.297E+02 2.000E+05 0.000E+00 0.000E+00 2.405E+06
PRADK 8.8194E+00
BEGIN                    ITERATION  15 COMPLETED
