TEFF   3500.  GRAVITY 1.00000 LTE
TITLE  [-1.5] N(He)/Ntot=0.0784 VTURB=2  L/H=1.25 NOVER
OPACITY IFOP 1 1 1 1 1 1 1 1 1 1 1 1 1 0 1 0 0 0 0 0
CONVECTION ON   1.25 TURBULENCE OFF  0.00  0.00  0.00  0.00
ABUNDANCE SCALE   0.03162 ABUNDANCE CHANGE 1 0.92150 2 0.07843
ABUNDANCE CHANGE  3 -10.94  4 -10.64  5  -9.49  6  -3.52  7  -4.12  8  -3.21
ABUNDANCE CHANGE  9  -7.48 10  -3.96 11  -5.71 12  -4.46 13  -5.57 14  -4.49
ABUNDANCE CHANGE 15  -6.59 16  -4.71 17  -6.54 18  -5.64 19  -6.92 20  -5.68
ABUNDANCE CHANGE 21  -8.87 22  -7.02 23  -8.04 24  -6.37 25  -6.65 26  -4.54
ABUNDANCE CHANGE 27  -7.12 28  -5.79 29  -7.83 30  -7.44 31  -9.16 32  -8.63
ABUNDANCE CHANGE 33  -9.67 34  -8.63 35  -9.41 36  -8.73 37  -9.44 38  -9.07
ABUNDANCE CHANGE 39  -9.80 40  -9.44 41 -10.62 42 -10.12 43 -20.00 44 -10.20
ABUNDANCE CHANGE 45 -10.92 46 -10.35 47 -11.10 48 -10.27 49 -10.38 50 -10.04
ABUNDANCE CHANGE 51 -11.04 52  -9.80 53 -10.53 54  -9.87 55 -10.91 56  -9.91
ABUNDANCE CHANGE 57 -10.87 58 -10.46 59 -11.33 60 -10.54 61 -20.00 62 -11.03
ABUNDANCE CHANGE 63 -11.53 64 -10.92 65 -11.69 66 -10.90 67 -11.78 68 -11.11
ABUNDANCE CHANGE 69 -12.04 70 -10.96 71 -11.98 72 -11.16 73 -12.17 74 -10.93
ABUNDANCE CHANGE 75 -11.76 76 -10.59 77 -10.69 78 -10.24 79 -11.03 80 -10.91
ABUNDANCE CHANGE 81 -11.14 82 -10.09 83 -11.33 84 -20.00 85 -20.00 86 -20.00
ABUNDANCE CHANGE 87 -20.00 88 -20.00 89 -20.00 90 -11.95 91 -20.00 92 -12.54
ABUNDANCE CHANGE 93 -20.00 94 -20.00 95 -20.00 96 -20.00 97 -20.00 98 -20.00
ABUNDANCE CHANGE 99 -20.00
READ DECK6 72 RHOX,T,P,XNE,ABROSS,ACCRAD,VTURB, FLXCNV,VCONV,VELSND
5.58751035E-03   1999.7 5.587E-02 3.709E+04 2.387E-05 2.952E-04 2.000E+05 0.000E+00 0.000E+00 5.956E+05
7.32857323E-03   2011.8 7.328E-02 4.815E+04 2.722E-05 2.983E-04 2.000E+05 0.000E+00 0.000E+00 5.473E+05
9.39279271E-03   2023.9 9.393E-02 6.123E+04 3.024E-05 3.007E-04 2.000E+05 0.000E+00 0.000E+00 5.133E+05
1.18647376E-02   2033.9 1.186E-01 7.659E+04 3.375E-05 3.051E-04 2.000E+05 0.000E+00 0.000E+00 4.862E+05
1.48273875E-02   2044.0 1.483E-01 9.488E+04 3.732E-05 3.090E-04 2.000E+05 0.000E+00 0.000E+00 4.658E+05
1.84307374E-02   2055.2 1.843E-01 1.172E+05 4.057E-05 3.108E-04 2.000E+05 0.000E+00 0.000E+00 4.507E+05
2.28882596E-02   2068.0 2.289E-01 1.451E+05 4.337E-05 3.102E-04 2.000E+05 0.000E+00 0.000E+00 4.394E+05
2.85339461E-02   2083.5 2.853E-01 1.810E+05 4.523E-05 3.051E-04 2.000E+05 0.000E+00 0.000E+00 4.314E+05
3.56251071E-02   2095.8 3.562E-01 2.248E+05 4.894E-05 3.047E-04 2.000E+05 0.000E+00 0.000E+00 4.234E+05
4.42684779E-02   2105.6 4.427E-01 2.768E+05 5.397E-05 3.078E-04 2.000E+05 0.000E+00 0.000E+00 4.164E+05
5.47877611E-02   2116.7 5.479E-01 3.403E+05 5.857E-05 3.087E-04 2.000E+05 0.000E+00 0.000E+00 4.114E+05
6.78010860E-02   2129.1 6.780E-01 4.193E+05 6.274E-05 3.072E-04 2.000E+05 0.000E+00 0.000E+00 4.078E+05
8.41407566E-02   2143.4 8.414E-01 5.195E+05 6.609E-05 3.018E-04 2.000E+05 0.000E+00 0.000E+00 4.056E+05
1.05037088E-01   2159.6 1.050E+00 6.486E+05 6.852E-05 2.923E-04 2.000E+05 0.000E+00 0.000E+00 4.043E+05
1.31692127E-01   2174.2 1.317E+00 8.108E+05 7.221E-05 2.870E-04 2.000E+05 0.000E+00 0.000E+00 4.029E+05
1.65524335E-01   2191.0 1.655E+00 1.019E+06 7.564E-05 2.794E-04 2.000E+05 0.000E+00 0.000E+00 4.025E+05
2.07778914E-01   2204.0 2.078E+00 1.271E+06 8.222E-05 2.811E-04 2.000E+05 0.000E+00 0.000E+00 4.014E+05
2.59914648E-01   2218.4 2.599E+00 1.584E+06 8.804E-05 2.804E-04 2.000E+05 0.000E+00 0.000E+00 4.010E+05
3.25539140E-01   2234.5 3.255E+00 1.981E+06 9.271E-05 2.757E-04 2.000E+05 0.000E+00 0.000E+00 4.011E+05
4.07428166E-01   2246.1 4.074E+00 2.460E+06 1.004E-04 2.822E-04 2.000E+05 0.000E+00 0.000E+00 4.003E+05
5.08401815E-01   2259.5 5.084E+00 3.053E+06 1.083E-04 2.885E-04 2.000E+05 0.000E+00 0.000E+00 4.000E+05
6.33238483E-01   2274.4 6.332E+00 3.791E+06 1.168E-04 2.956E-04 2.000E+05 0.000E+00 0.000E+00 4.003E+05
7.88483509E-01   2292.1 7.885E+00 4.725E+06 1.248E-04 2.994E-04 2.000E+05 0.000E+00 0.000E+00 4.012E+05
9.77389468E-01   2303.0 9.774E+00 5.808E+06 1.400E-04 3.237E-04 2.000E+05 0.000E+00 0.000E+00 4.006E+05
1.20229426E+00   2310.1 1.202E+01 7.054E+06 1.562E-04 3.535E-04 2.000E+05 0.000E+00 0.000E+00 3.991E+05
1.47347059E+00   2318.8 1.473E+01 8.558E+06 1.711E-04 3.795E-04 2.000E+05 0.000E+00 0.000E+00 3.980E+05
1.80687980E+00   2330.4 1.807E+01 1.043E+07 1.839E-04 3.977E-04 2.000E+05 0.000E+00 0.000E+00 3.976E+05
2.22465725E+00   2345.8 2.225E+01 1.282E+07 1.940E-04 4.059E-04 2.000E+05 0.000E+00 0.000E+00 3.981E+05
2.75645449E+00   2365.8 2.756E+01 1.595E+07 2.017E-04 4.038E-04 2.000E+05 0.000E+00 0.000E+00 3.997E+05
3.44983996E+00   2390.7 3.450E+01 2.013E+07 2.039E-04 3.849E-04 2.000E+05 0.000E+00 0.000E+00 4.022E+05
4.34851295E+00   2407.7 4.348E+01 2.531E+07 2.135E-04 3.881E-04 2.000E+05 0.000E+00 0.000E+00 4.026E+05
5.51149656E+00   2428.9 5.511E+01 3.213E+07 2.162E-04 3.752E-04 2.000E+05 0.000E+00 0.000E+00 4.038E+05
7.04939836E+00   2455.6 7.049E+01 4.141E+07 2.175E-04 3.553E-04 2.000E+05 0.000E+00 0.000E+00 4.063E+05
9.08085985E+00   2488.1 9.081E+01 5.406E+07 2.203E-04 3.337E-04 2.000E+05 0.000E+00 0.000E+00 4.099E+05
1.17705002E+01   2520.8 1.177E+02 7.096E+07 2.203E-04 3.074E-04 2.000E+05 0.000E+00 0.000E+00 4.133E+05
1.53838951E+01   2552.1 1.538E+02 9.368E+07 2.175E-04 2.792E-04 2.000E+05 0.000E+00 0.000E+00 4.162E+05
2.02410849E+01   2590.4 2.024E+02 1.255E+08 2.175E-04 2.520E-04 2.000E+05 0.000E+00 0.000E+00 4.204E+05
2.66143982E+01   2633.3 2.661E+02 1.693E+08 2.239E-04 2.319E-04 2.000E+05 0.000E+00 0.000E+00 4.256E+05
3.49741762E+01   2675.5 3.497E+02 2.284E+08 2.248E-04 2.043E-04 2.000E+05 0.000E+00 0.000E+00 4.304E+05
4.60345457E+01   2721.4 4.603E+02 3.112E+08 2.279E-04 1.777E-04 2.000E+05 0.000E+00 0.000E+00 4.358E+05
6.02786524E+01   2768.6 6.028E+02 4.245E+08 2.404E-04 1.624E-04 2.000E+05 0.000E+00 0.000E+00 4.413E+05
7.82516133E+01   2817.0 7.825E+02 5.786E+08 2.545E-04 1.483E-04 2.000E+05 0.000E+00 0.000E+00 4.471E+05
1.00615059E+02   2864.9 1.006E+03 7.848E+08 2.759E-04 1.401E-04 2.000E+05 0.000E+00 0.000E+00 4.528E+05
1.28210509E+02   2910.8 1.282E+03 1.055E+09 2.973E-04 1.338E-04 2.000E+05 0.000E+00 0.000E+00 4.580E+05
1.62118483E+02   2955.2 1.621E+03 1.408E+09 3.249E-04 1.331E-04 2.000E+05 0.000E+00 0.000E+00 4.628E+05
2.03190401E+02   2998.7 2.032E+03 1.863E+09 3.599E-04 1.373E-04 2.000E+05 0.000E+00 0.000E+00 4.675E+05
2.52527171E+02   3042.6 2.525E+03 2.453E+09 3.998E-04 1.450E-04 2.000E+05 0.000E+00 0.000E+00 4.723E+05
3.11938937E+02   3088.4 3.119E+03 3.232E+09 4.408E-04 1.552E-04 2.000E+05 0.000E+00 0.000E+00 4.775E+05
3.84308993E+02   3138.5 3.843E+03 4.297E+09 4.800E-04 1.688E-04 2.000E+05 0.000E+00 0.000E+00 4.834E+05
4.72898130E+02   3197.9 4.729E+03 5.848E+09 5.235E-04 1.900E-04 2.000E+05 0.000E+00 0.000E+00 4.910E+05
5.81107497E+02   3271.9 5.811E+03 8.253E+09 5.727E-04 2.221E-04 2.000E+05 5.009E-07 1.797E+03 5.012E+05
7.10551812E+02   3369.2 7.105E+03 1.226E+10 6.542E-04 2.749E-04 2.000E+05 1.010E-05 4.853E+03 5.159E+05
8.57550988E+02   3494.7 8.575E+03 1.894E+10 7.917E-04 3.516E-04 2.000E+05 8.548E-06 4.673E+03 5.366E+05
1.01266044E+03   3639.8 1.013E+04 2.879E+10 1.049E-03 4.355E-04 2.000E+05 4.496E-06 3.902E+03 5.625E+05
1.15763032E+03   3793.9 1.158E+04 4.089E+10 1.539E-03 5.802E-04 2.000E+05 3.308E-06 3.656E+03 5.913E+05
1.29934196E+03   3954.5 1.299E+04 5.465E+10 1.991E-03 6.815E-04 2.000E+05 2.181E-06 3.271E+03 6.203E+05
1.44861355E+03   4123.0 1.449E+04 7.127E+10 2.482E-03 7.912E-04 2.000E+05 2.764E-06 3.590E+03 6.475E+05
1.60564489E+03   4309.5 1.606E+04 9.882E+10 3.251E-03 9.760E-04 2.000E+05 1.651E-05 6.550E+03 6.734E+05
1.75492988E+03   4509.9 1.755E+04 1.603E+11 4.935E-03 1.418E-03 2.000E+05 4.590E-04 1.985E+04 6.968E+05
1.87614874E+03   4735.5 1.876E+04 3.131E+11 8.679E-03 2.392E-03 2.000E+05 9.813E-03 5.526E+04 7.192E+05
1.96368367E+03   4984.7 1.964E+04 6.783E+11 1.655E-02 4.305E-03 2.000E+05 3.797E-02 8.677E+04 7.406E+05
2.02473993E+03   5243.8 2.025E+04 1.466E+12 3.128E-02 7.047E-03 2.000E+05 1.614E-01 1.414E+05 7.602E+05
2.07000609E+03   5479.0 2.070E+04 2.814E+12 5.344E-02 9.124E-03 2.000E+05 3.896E-01 1.933E+05 7.761E+05
2.10743325E+03   5678.2 2.107E+04 4.717E+12 8.173E-02 9.820E-03 2.000E+05 5.800E-01 2.224E+05 7.880E+05
2.14147469E+03   5848.8 2.141E+04 7.161E+12 1.155E-01 9.858E-03 2.000E+05 7.000E-01 2.358E+05 7.971E+05
2.17441499E+03   6002.4 2.174E+04 1.024E+13 1.558E-01 9.971E-03 2.000E+05 7.764E-01 2.439E+05 8.043E+05
2.20742413E+03   6147.9 2.207E+04 1.415E+13 2.049E-01 9.970E-03 2.000E+05 8.282E-01 2.475E+05 8.101E+05
2.24130236E+03   6285.6 2.241E+04 1.897E+13 2.637E-01 1.004E-02 2.000E+05 8.671E-01 2.511E+05 8.148E+05
2.27648495E+03   6424.4 2.276E+04 2.519E+13 3.376E-01 1.008E-02 2.000E+05 8.942E-01 2.510E+05 8.186E+05
2.31348490E+03   6556.2 2.313E+04 3.266E+13 4.248E-01 1.009E-02 2.000E+05 9.168E-01 2.520E+05 8.215E+05
2.35253767E+03   6694.9 2.352E+04 4.245E+13 5.380E-01 1.017E-02 2.000E+05 9.334E-01 2.505E+05 8.238E+05
2.39397170E+03   6825.1 2.393E+04 5.385E+13 6.692E-01 1.086E-02 2.000E+05 9.429E-01 2.487E+05 8.255E+05
PRADK 2.0038E-01
BEGIN                    ITERATION  15 COMPLETED
