TEFF   9250.  GRAVITY 2.50000 LTE
TITLE  [-1.5] N(He)/Ntot=0.0784 VTURB=2  L/H=1.25 NOVER
OPACITY IFOP 1 1 1 1 1 1 1 1 1 1 1 1 1 0 1 0 0 0 0 0
CONVECTION ON   1.25 TURBULENCE OFF  0.00  0.00  0.00  0.00
ABUNDANCE SCALE   0.03162 ABUNDANCE CHANGE 1 0.92150 2 0.07843
ABUNDANCE CHANGE  3 -10.94  4 -10.64  5  -9.49  6  -3.52  7  -4.12  8  -3.21
ABUNDANCE CHANGE  9  -7.48 10  -3.96 11  -5.71 12  -4.46 13  -5.57 14  -4.49
ABUNDANCE CHANGE 15  -6.59 16  -4.71 17  -6.54 18  -5.64 19  -6.92 20  -5.68
ABUNDANCE CHANGE 21  -8.87 22  -7.02 23  -8.04 24  -6.37 25  -6.65 26  -4.54
ABUNDANCE CHANGE 27  -7.12 28  -5.79 29  -7.83 30  -7.44 31  -9.16 32  -8.63
ABUNDANCE CHANGE 33  -9.67 34  -8.63 35  -9.41 36  -8.73 37  -9.44 38  -9.07
ABUNDANCE CHANGE 39  -9.80 40  -9.44 41 -10.62 42 -10.12 43 -20.00 44 -10.20
ABUNDANCE CHANGE 45 -10.92 46 -10.35 47 -11.10 48 -10.27 49 -10.38 50 -10.04
ABUNDANCE CHANGE 51 -11.04 52  -9.80 53 -10.53 54  -9.87 55 -10.91 56  -9.91
ABUNDANCE CHANGE 57 -10.87 58 -10.46 59 -11.33 60 -10.54 61 -20.00 62 -11.03
ABUNDANCE CHANGE 63 -11.53 64 -10.92 65 -11.69 66 -10.90 67 -11.78 68 -11.11
ABUNDANCE CHANGE 69 -12.04 70 -10.96 71 -11.98 72 -11.16 73 -12.17 74 -10.93
ABUNDANCE CHANGE 75 -11.76 76 -10.59 77 -10.69 78 -10.24 79 -11.03 80 -10.91
ABUNDANCE CHANGE 81 -11.14 82 -10.09 83 -11.33 84 -20.00 85 -20.00 86 -20.00
ABUNDANCE CHANGE 87 -20.00 88 -20.00 89 -20.00 90 -11.95 91 -20.00 92 -12.54
ABUNDANCE CHANGE 93 -20.00 94 -20.00 95 -20.00 96 -20.00 97 -20.00 98 -20.00
ABUNDANCE CHANGE 99 -20.00
READ DECK6 72 RHOX,T,P,XNE,ABROSS,ACCRAD,VTURB, FLXCNV,VCONV,VELSND
4.54684771E-07   5953.2 1.416E-04 8.155E+07 2.933E-01 4.888E+00 2.000E+05 0.000E+00 0.000E+00 2.007E+08
6.06780718E-07   5954.2 1.889E-04 1.084E+08 2.916E-01 4.931E+00 2.000E+05 0.000E+00 0.000E+00 1.532E+08
8.11112428E-07   5955.2 2.525E-04 1.441E+08 2.890E-01 4.970E+00 2.000E+05 0.000E+00 0.000E+00 1.189E+08
1.08638799E-06   5956.2 3.382E-04 1.917E+08 2.856E-01 4.996E+00 2.000E+05 0.000E+00 0.000E+00 9.341E+07
1.45843256E-06   5960.2 4.540E-04 2.550E+08 2.814E-01 4.985E+00 2.000E+05 0.000E+00 0.000E+00 7.446E+07
1.96277746E-06   5966.1 6.110E-04 3.392E+08 2.763E-01 4.964E+00 2.000E+05 0.000E+00 0.000E+00 6.001E+07
2.64925301E-06   5972.4 8.248E-04 4.513E+08 2.701E-01 4.931E+00 2.000E+05 0.000E+00 0.000E+00 4.873E+07
3.58823838E-06   5979.9 1.117E-03 6.004E+08 2.626E-01 4.881E+00 2.000E+05 0.000E+00 0.000E+00 3.983E+07
4.88117118E-06   5987.4 1.520E-03 7.987E+08 2.535E-01 4.803E+00 2.000E+05 0.000E+00 0.000E+00 3.264E+07
6.67328538E-06   5996.0 2.078E-03 1.063E+09 2.431E-01 4.714E+00 2.000E+05 0.000E+00 0.000E+00 2.688E+07
9.17680126E-06   6005.0 2.858E-03 1.414E+09 2.311E-01 4.613E+00 2.000E+05 0.000E+00 0.000E+00 2.217E+07
1.27010462E-05   6016.5 3.956E-03 1.882E+09 2.182E-01 4.495E+00 2.000E+05 0.000E+00 0.000E+00 1.832E+07
1.77039465E-05   6028.3 5.516E-03 2.504E+09 2.041E-01 4.362E+00 2.000E+05 0.000E+00 0.000E+00 1.514E+07
2.48466432E-05   6045.4 7.744E-03 3.339E+09 1.905E-01 4.236E+00 2.000E+05 0.000E+00 0.000E+00 1.254E+07
3.50846937E-05   6064.0 1.094E-02 4.452E+09 1.768E-01 4.108E+00 2.000E+05 0.000E+00 0.000E+00 1.039E+07
4.97838435E-05   6088.2 1.553E-02 5.953E+09 1.644E-01 3.990E+00 2.000E+05 0.000E+00 0.000E+00 8.629E+06
7.08114412E-05   6117.3 2.210E-02 7.971E+09 1.536E-01 3.888E+00 2.000E+05 0.000E+00 0.000E+00 7.190E+06
1.00711162E-04   6151.6 3.144E-02 1.069E+10 1.447E-01 3.808E+00 2.000E+05 0.000E+00 0.000E+00 6.018E+06
1.42783927E-04   6192.6 4.458E-02 1.436E+10 1.379E-01 3.738E+00 2.000E+05 0.000E+00 0.000E+00 5.069E+06
2.01220368E-04   6239.1 6.284E-02 1.928E+10 1.333E-01 3.687E+00 2.000E+05 0.000E+00 0.000E+00 4.301E+06
2.81278357E-04   6290.7 8.787E-02 2.586E+10 1.306E-01 3.660E+00 2.000E+05 0.000E+00 0.000E+00 3.678E+06
3.89471095E-04   6346.4 1.217E-01 3.455E+10 1.297E-01 3.649E+00 2.000E+05 0.000E+00 0.000E+00 3.173E+06
5.33812138E-04   6405.5 1.668E-01 4.597E+10 1.304E-01 3.657E+00 2.000E+05 0.000E+00 0.000E+00 2.762E+06
7.24373377E-04   6466.0 2.264E-01 6.077E+10 1.322E-01 3.684E+00 2.000E+05 0.000E+00 0.000E+00 2.424E+06
9.73893486E-04   6527.4 3.043E-01 7.978E+10 1.352E-01 3.734E+00 2.000E+05 0.000E+00 0.000E+00 2.146E+06
1.29780183E-03   6590.6 4.056E-01 1.042E+11 1.395E-01 3.803E+00 2.000E+05 0.000E+00 0.000E+00 1.917E+06
1.71397513E-03   6656.3 5.356E-01 1.354E+11 1.455E-01 3.883E+00 2.000E+05 0.000E+00 0.000E+00 1.729E+06
2.24456727E-03   6721.0 7.013E-01 1.746E+11 1.525E-01 3.974E+00 2.000E+05 0.000E+00 0.000E+00 1.574E+06
2.91926407E-03   6782.9 9.119E-01 2.231E+11 1.599E-01 4.078E+00 2.000E+05 0.000E+00 0.000E+00 1.444E+06
3.77720684E-03   6841.0 1.180E+00 2.823E+11 1.676E-01 4.185E+00 2.000E+05 0.000E+00 0.000E+00 1.334E+06
4.87220629E-03   6892.8 1.521E+00 3.536E+11 1.745E-01 4.295E+00 2.000E+05 0.000E+00 0.000E+00 1.241E+06
6.28220748E-03   6935.9 1.961E+00 4.379E+11 1.798E-01 4.410E+00 2.000E+05 0.000E+00 0.000E+00 1.161E+06
8.11396244E-03   6972.7 2.532E+00 5.382E+11 1.841E-01 4.546E+00 2.000E+05 0.000E+00 0.000E+00 1.091E+06
1.05043168E-02   7005.7 3.277E+00 6.585E+11 1.881E-01 4.708E+00 2.000E+05 0.000E+00 0.000E+00 1.033E+06
1.36078310E-02   7041.6 4.243E+00 8.075E+11 1.942E-01 4.911E+00 2.000E+05 0.000E+00 0.000E+00 9.851E+05
1.75981393E-02   7078.7 5.485E+00 9.893E+11 2.023E-01 5.152E+00 2.000E+05 0.000E+00 0.000E+00 9.465E+05
2.26656069E-02   7120.4 7.061E+00 1.214E+12 2.140E-01 5.446E+00 2.000E+05 0.000E+00 0.000E+00 9.165E+05
2.90223022E-02   7163.6 9.035E+00 1.486E+12 2.285E-01 5.787E+00 2.000E+05 0.000E+00 0.000E+00 8.931E+05
3.69075123E-02   7210.3 1.148E+01 1.816E+12 2.472E-01 6.198E+00 2.000E+05 0.000E+00 0.000E+00 8.754E+05
4.65679782E-02   7259.8 1.447E+01 2.215E+12 2.706E-01 6.690E+00 2.000E+05 0.000E+00 0.000E+00 8.622E+05
5.82807784E-02   7311.8 1.810E+01 2.694E+12 2.990E-01 7.279E+00 2.000E+05 0.000E+00 0.000E+00 8.527E+05
7.23262154E-02   7368.3 2.243E+01 3.273E+12 3.347E-01 8.014E+00 2.000E+05 0.000E+00 0.000E+00 8.463E+05
8.89279739E-02   7431.2 2.754E+01 3.980E+12 3.806E-01 8.946E+00 2.000E+05 0.000E+00 0.000E+00 8.430E+05
1.08209658E-01   7503.4 3.345E+01 4.855E+12 4.413E-01 1.016E+01 2.000E+05 0.000E+00 0.000E+00 8.427E+05
1.30137108E-01   7587.5 4.015E+01 5.949E+12 5.233E-01 1.176E+01 2.000E+05 0.000E+00 0.000E+00 8.456E+05
1.54478653E-01   7687.4 4.753E+01 7.335E+12 6.366E-01 1.387E+01 2.000E+05 0.000E+00 0.000E+00 8.522E+05
1.80872119E-01   7802.2 5.548E+01 9.068E+12 7.911E-01 1.668E+01 2.000E+05 0.000E+00 0.000E+00 8.625E+05
2.08860553E-01   7935.5 6.381E+01 1.125E+13 1.006E+00 2.046E+01 2.000E+05 0.000E+00 0.000E+00 8.773E+05
2.37900709E-01   8089.4 7.233E+01 1.396E+13 1.305E+00 2.555E+01 2.000E+05 0.000E+00 0.000E+00 8.975E+05
2.67523274E-01   8268.8 8.085E+01 1.730E+13 1.717E+00 3.217E+01 2.000E+05 0.000E+00 0.000E+00 9.245E+05
2.97491089E-01   8474.2 8.924E+01 2.127E+13 2.263E+00 4.052E+01 2.000E+05 0.000E+00 0.000E+00 9.594E+05
3.27867891E-01   8709.5 9.746E+01 2.580E+13 2.951E+00 5.054E+01 2.000E+05 0.000E+00 0.000E+00 1.003E+06
3.59597241E-01   8979.7 1.057E+02 3.066E+13 3.697E+00 6.033E+01 2.000E+05 0.000E+00 0.000E+00 1.056E+06
3.94290445E-01   9285.7 1.145E+02 3.548E+13 4.380E+00 6.852E+01 2.000E+05 0.000E+00 0.000E+00 1.117E+06
4.34893189E-01   9633.5 1.244E+02 4.005E+13 4.801E+00 7.216E+01 2.000E+05 0.000E+00 0.000E+00 1.185E+06
4.86173770E-01  10026.2 1.369E+02 4.447E+13 4.904E+00 7.152E+01 2.000E+05 0.000E+00 0.000E+00 1.262E+06
5.55531786E-01  10474.5 1.541E+02 4.931E+13 4.704E+00 6.690E+01 2.000E+05 0.000E+00 0.000E+00 1.353E+06
6.53522322E-01  10978.3 1.788E+02 5.547E+13 4.373E+00 6.144E+01 2.000E+05 0.000E+00 0.000E+00 1.454E+06
7.95826544E-01  11557.7 2.155E+02 6.406E+13 3.980E+00 5.576E+01 2.000E+05 0.000E+00 0.000E+00 1.553E+06
1.00520090E+00  12212.6 2.706E+02 7.650E+13 3.601E+00 5.056E+01 2.000E+05 0.000E+00 0.000E+00 1.628E+06
1.31381237E+00  12957.6 3.533E+02 9.448E+13 3.263E+00 4.605E+01 2.000E+05 0.000E+00 0.000E+00 1.667E+06
1.76416097E+00  13787.1 4.759E+02 1.202E+14 3.011E+00 4.244E+01 2.000E+05 0.000E+00 0.000E+00 1.672E+06
2.40580232E+00  14702.1 6.524E+02 1.557E+14 2.854E+00 4.005E+01 2.000E+05 2.498E-18 5.798E+00 1.682E+06
3.29794809E+00  15695.0 8.996E+02 2.034E+14 2.761E+00 3.846E+01 2.000E+05 5.648E-17 1.505E+01 1.738E+06
4.52404799E+00  16775.2 1.241E+03 2.649E+14 2.683E+00 3.719E+01 2.000E+05 0.000E+00 0.000E+00 1.843E+06
6.20869576E+00  17946.3 1.712E+03 3.435E+14 2.602E+00 3.595E+01 2.000E+05 0.000E+00 0.000E+00 1.969E+06
8.51636525E+00  19218.0 2.360E+03 4.432E+14 2.545E+00 3.509E+01 2.000E+05 0.000E+00 0.000E+00 2.085E+06
1.16475571E+01  20594.0 3.241E+03 5.686E+14 2.513E+00 3.461E+01 2.000E+05 0.000E+00 0.000E+00 2.182E+06
1.58432988E+01  22085.1 4.423E+03 7.238E+14 2.518E+00 3.463E+01 2.000E+05 0.000E+00 0.000E+00 2.269E+06
2.14029801E+01  23694.8 5.988E+03 9.135E+14 2.545E+00 3.494E+01 2.000E+05 0.000E+00 0.000E+00 2.353E+06
2.86886103E+01  25434.3 8.034E+03 1.142E+15 2.607E+00 3.570E+01 2.000E+05 0.000E+00 0.000E+00 2.439E+06
3.80943038E+01  27305.1 1.068E+04 1.414E+15 2.711E+00 3.517E+01 2.000E+05 0.000E+00 0.000E+00 2.526E+06
PRADK 9.8335E+00
BEGIN                    ITERATION  15 COMPLETED
