TEFF   4750.  GRAVITY 0.00000 LTE
TITLE  [-1.5] N(He)/Ntot=0.0784 VTURB=2  L/H=1.25 NOVER
OPACITY IFOP 1 1 1 1 1 1 1 1 1 1 1 1 1 0 1 0 0 0 0 0
CONVECTION ON   1.25 TURBULENCE OFF  0.00  0.00  0.00  0.00
ABUNDANCE SCALE   0.03162 ABUNDANCE CHANGE 1 0.92150 2 0.07843
ABUNDANCE CHANGE  3 -10.94  4 -10.64  5  -9.49  6  -3.52  7  -4.12  8  -3.21
ABUNDANCE CHANGE  9  -7.48 10  -3.96 11  -5.71 12  -4.46 13  -5.57 14  -4.49
ABUNDANCE CHANGE 15  -6.59 16  -4.71 17  -6.54 18  -5.64 19  -6.92 20  -5.68
ABUNDANCE CHANGE 21  -8.87 22  -7.02 23  -8.04 24  -6.37 25  -6.65 26  -4.54
ABUNDANCE CHANGE 27  -7.12 28  -5.79 29  -7.83 30  -7.44 31  -9.16 32  -8.63
ABUNDANCE CHANGE 33  -9.67 34  -8.63 35  -9.41 36  -8.73 37  -9.44 38  -9.07
ABUNDANCE CHANGE 39  -9.80 40  -9.44 41 -10.62 42 -10.12 43 -20.00 44 -10.20
ABUNDANCE CHANGE 45 -10.92 46 -10.35 47 -11.10 48 -10.27 49 -10.38 50 -10.04
ABUNDANCE CHANGE 51 -11.04 52  -9.80 53 -10.53 54  -9.87 55 -10.91 56  -9.91
ABUNDANCE CHANGE 57 -10.87 58 -10.46 59 -11.33 60 -10.54 61 -20.00 62 -11.03
ABUNDANCE CHANGE 63 -11.53 64 -10.92 65 -11.69 66 -10.90 67 -11.78 68 -11.11
ABUNDANCE CHANGE 69 -12.04 70 -10.96 71 -11.98 72 -11.16 73 -12.17 74 -10.93
ABUNDANCE CHANGE 75 -11.76 76 -10.59 77 -10.69 78 -10.24 79 -11.03 80 -10.91
ABUNDANCE CHANGE 81 -11.14 82 -10.09 83 -11.33 84 -20.00 85 -20.00 86 -20.00
ABUNDANCE CHANGE 87 -20.00 88 -20.00 89 -20.00 90 -11.95 91 -20.00 92 -12.54
ABUNDANCE CHANGE 93 -20.00 94 -20.00 95 -20.00 96 -20.00 97 -20.00 98 -20.00
ABUNDANCE CHANGE 99 -20.00
READ DECK6 72 RHOX,T,P,XNE,ABROSS,ACCRAD,VTURB, FLXCNV,VCONV,VELSND
3.07636424E-02   2526.3 3.075E-02 1.511E+05 4.335E-06 5.058E-04 2.000E+05 0.000E+00 0.000E+00 3.174E+06
4.07966076E-02   2555.7 4.078E-02 2.054E+05 4.531E-06 4.996E-04 2.000E+05 0.000E+00 0.000E+00 2.784E+06
5.35558415E-02   2588.1 5.353E-02 2.786E+05 4.765E-06 4.926E-04 2.000E+05 0.000E+00 0.000E+00 2.460E+06
6.96424638E-02   2626.4 6.961E-02 3.790E+05 5.067E-06 4.853E-04 2.000E+05 0.000E+00 0.000E+00 2.189E+06
8.98564205E-02   2662.8 8.982E-02 5.072E+05 5.359E-06 4.707E-04 2.000E+05 0.000E+00 0.000E+00 1.958E+06
1.15322409E-01   2701.0 1.153E-01 6.750E+05 5.681E-06 4.565E-04 2.000E+05 0.000E+00 0.000E+00 1.760E+06
1.47271459E-01   2742.9 1.472E-01 8.964E+05 6.053E-06 4.435E-04 2.000E+05 0.000E+00 0.000E+00 1.591E+06
1.87201446E-01   2788.6 1.871E-01 1.185E+06 6.465E-06 4.211E-04 2.000E+05 0.000E+00 0.000E+00 1.446E+06
2.37108574E-01   2835.0 2.370E-01 1.553E+06 6.897E-06 4.016E-04 2.000E+05 0.000E+00 0.000E+00 1.321E+06
2.99455802E-01   2884.1 2.992E-01 2.021E+06 7.375E-06 3.876E-04 2.000E+05 0.000E+00 0.000E+00 1.214E+06
3.77491861E-01   2935.7 3.771E-01 2.611E+06 7.836E-06 3.559E-04 2.000E+05 0.000E+00 0.000E+00 1.121E+06
4.75092507E-01   2989.5 4.748E-01 3.347E+06 8.334E-06 3.323E-04 2.000E+05 0.000E+00 0.000E+00 1.042E+06
5.98096868E-01   3043.5 5.976E-01 4.258E+06 8.815E-06 3.081E-04 2.000E+05 0.000E+00 0.000E+00 9.737E+05
7.53348432E-01   3096.8 7.530E-01 5.387E+06 9.269E-06 2.836E-04 2.000E+05 0.000E+00 0.000E+00 9.149E+05
9.50205400E-01   3148.5 9.498E-01 6.793E+06 9.762E-06 2.683E-04 2.000E+05 0.000E+00 0.000E+00 8.646E+05
1.20060521E+00   3198.3 1.200E+00 8.559E+06 1.020E-05 2.499E-04 2.000E+05 0.000E+00 0.000E+00 8.218E+05
1.51991809E+00   3245.4 1.520E+00 1.080E+07 1.066E-05 2.362E-04 2.000E+05 0.000E+00 0.000E+00 7.858E+05
1.92705959E+00   3288.6 1.927E+00 1.364E+07 1.117E-05 2.280E-04 2.000E+05 0.000E+00 0.000E+00 7.556E+05
2.44473120E+00   3329.5 2.444E+00 1.726E+07 1.173E-05 2.220E-04 2.000E+05 0.000E+00 0.000E+00 7.309E+05
3.10176641E+00   3370.0 3.101E+00 2.188E+07 1.234E-05 2.166E-04 2.000E+05 0.000E+00 0.000E+00 7.111E+05
3.93298296E+00   3410.7 3.932E+00 2.779E+07 1.303E-05 2.117E-04 2.000E+05 0.000E+00 0.000E+00 6.956E+05
4.98014143E+00   3445.8 4.979E+00 3.527E+07 1.381E-05 2.097E-04 2.000E+05 0.000E+00 0.000E+00 6.832E+05
6.29890082E+00   3487.6 6.298E+00 4.499E+07 1.460E-05 2.011E-04 2.000E+05 0.000E+00 0.000E+00 6.744E+05
7.96487346E+00   3529.5 7.963E+00 5.767E+07 1.541E-05 1.888E-04 2.000E+05 0.000E+00 0.000E+00 6.680E+05
1.00608792E+01   3560.5 1.006E+01 7.336E+07 1.641E-05 1.828E-04 2.000E+05 0.000E+00 0.000E+00 6.625E+05
1.26763950E+01   3590.9 1.267E+01 9.317E+07 1.760E-05 1.794E-04 2.000E+05 0.000E+00 0.000E+00 6.586E+05
1.58998522E+01   3630.2 1.590E+01 1.195E+08 1.920E-05 1.745E-04 2.000E+05 0.000E+00 0.000E+00 6.569E+05
1.98519946E+01   3645.7 1.985E+01 1.478E+08 2.083E-05 1.767E-04 2.000E+05 0.000E+00 0.000E+00 6.541E+05
2.46689586E+01   3668.5 2.466E+01 1.840E+08 2.296E-05 1.807E-04 2.000E+05 0.000E+00 0.000E+00 6.528E+05
3.04739087E+01   3692.4 3.047E+01 2.282E+08 2.550E-05 1.852E-04 2.000E+05 0.000E+00 0.000E+00 6.522E+05
3.74163631E+01   3718.2 3.741E+01 2.825E+08 2.854E-05 1.907E-04 2.000E+05 0.000E+00 0.000E+00 6.524E+05
4.56512102E+01   3746.2 4.564E+01 3.494E+08 3.222E-05 1.975E-04 2.000E+05 0.000E+00 0.000E+00 6.531E+05
5.53286706E+01   3776.5 5.532E+01 4.319E+08 3.673E-05 2.057E-04 2.000E+05 0.000E+00 0.000E+00 6.544E+05
6.66002839E+01   3809.8 6.659E+01 5.349E+08 4.219E-05 2.146E-04 2.000E+05 0.000E+00 0.000E+00 6.562E+05
7.96716165E+01   3847.3 7.966E+01 6.673E+08 4.856E-05 2.187E-04 2.000E+05 0.000E+00 0.000E+00 6.585E+05
9.48415826E+01   3879.4 9.482E+01 8.218E+08 5.570E-05 2.236E-04 2.000E+05 0.000E+00 0.000E+00 6.605E+05
1.12478897E+02   3909.1 1.125E+02 1.005E+09 6.390E-05 2.304E-04 2.000E+05 0.000E+00 0.000E+00 6.624E+05
1.32965611E+02   3937.4 1.329E+02 1.222E+09 7.341E-05 2.389E-04 2.000E+05 0.000E+00 0.000E+00 6.643E+05
1.56720601E+02   3965.2 1.567E+02 1.483E+09 8.452E-05 2.492E-04 2.000E+05 0.000E+00 0.000E+00 6.666E+05
1.84196124E+02   3992.7 1.842E+02 1.795E+09 9.759E-05 2.617E-04 2.000E+05 0.000E+00 0.000E+00 6.681E+05
2.15865216E+02   4020.7 2.158E+02 2.172E+09 1.131E-04 2.773E-04 2.000E+05 0.000E+00 0.000E+00 6.701E+05
2.52195341E+02   4050.3 2.521E+02 2.636E+09 1.319E-04 2.961E-04 2.000E+05 0.000E+00 0.000E+00 6.722E+05
2.93640236E+02   4081.7 2.936E+02 3.212E+09 1.546E-04 3.190E-04 2.000E+05 0.000E+00 0.000E+00 6.746E+05
3.40591276E+02   4115.9 3.405E+02 3.938E+09 1.828E-04 3.476E-04 2.000E+05 0.000E+00 0.000E+00 6.772E+05
3.93294227E+02   4153.7 3.932E+02 4.876E+09 2.183E-04 3.838E-04 2.000E+05 0.000E+00 0.000E+00 6.801E+05
4.51737855E+02   4196.1 4.516E+02 6.116E+09 2.644E-04 4.309E-04 2.000E+05 0.000E+00 0.000E+00 6.835E+05
5.15569477E+02   4244.1 5.154E+02 7.801E+09 3.255E-04 4.931E-04 2.000E+05 0.000E+00 0.000E+00 6.872E+05
5.84056851E+02   4299.1 5.839E+02 1.016E+10 4.084E-04 5.763E-04 2.000E+05 0.000E+00 0.000E+00 6.916E+05
6.56111762E+02   4361.8 6.559E+02 1.356E+10 5.234E-04 6.900E-04 2.000E+05 0.000E+00 0.000E+00 6.965E+05
7.29888231E+02   4435.4 7.296E+02 1.872E+10 6.932E-04 8.592E-04 2.000E+05 0.000E+00 0.000E+00 7.022E+05
8.03027897E+02   4521.0 8.027E+02 2.680E+10 9.465E-04 1.108E-03 2.000E+05 0.000E+00 0.000E+00 7.088E+05
8.73483103E+02   4620.2 8.730E+02 3.983E+10 1.328E-03 1.474E-03 2.000E+05 0.000E+00 0.000E+00 7.162E+05
9.39643431E+02   4733.8 9.390E+02 6.138E+10 1.910E-03 2.019E-03 2.000E+05 0.000E+00 0.000E+00 7.244E+05
9.99865946E+02   4866.5 9.991E+02 9.897E+10 2.853E-03 2.902E-03 2.000E+05 4.937E-12 1.786E+02 7.335E+05
1.05256830E+03   5022.0 1.052E+03 1.673E+11 4.433E-03 4.382E-03 2.000E+05 2.490E-10 6.538E+02 7.433E+05
1.09698642E+03   5202.7 1.096E+03 2.954E+11 7.142E-03 6.915E-03 2.000E+05 6.551E-09 1.931E+03 7.534E+05
1.13294566E+03   5414.6 1.131E+03 5.465E+11 1.202E-02 1.148E-02 2.000E+05 1.501E-07 5.451E+03 7.630E+05
1.16078977E+03   5660.9 1.159E+03 1.051E+12 2.115E-02 2.011E-02 2.000E+05 3.552E-06 1.551E+04 7.705E+05
1.18137151E+03   5945.5 1.179E+03 2.087E+12 3.905E-02 3.721E-02 2.000E+05 8.541E-05 4.397E+04 7.741E+05
1.19578748E+03   6275.7 1.193E+03 4.267E+12 7.650E-02 7.352E-02 2.000E+05 2.423E-04 6.012E+04 7.730E+05
1.20512918E+03   6663.8 1.201E+03 9.003E+12 1.628E-01 1.509E-01 2.000E+05 8.117E-03 1.802E+05 7.703E+05
1.21097493E+03   7052.5 1.206E+03 1.743E+13 3.390E-01 2.481E-01 2.000E+05 2.135E-01 5.001E+05 7.722E+05
1.21512689E+03   7336.0 1.209E+03 2.692E+13 5.729E-01 2.550E-01 2.000E+05 5.579E-01 6.809E+05 7.785E+05
1.21876063E+03   7524.1 1.211E+03 3.520E+13 8.074E-01 2.090E-01 2.000E+05 7.280E-01 7.110E+05 7.852E+05
1.22234437E+03   7674.1 1.214E+03 4.311E+13 1.057E+00 1.797E-01 2.000E+05 8.234E-01 7.263E+05 7.919E+05
1.22606375E+03   7806.8 1.217E+03 5.119E+13 1.336E+00 1.588E-01 2.000E+05 8.768E-01 7.284E+05 7.990E+05
1.23004663E+03   7925.7 1.221E+03 5.934E+13 1.644E+00 1.419E-01 2.000E+05 9.099E-01 7.262E+05 8.061E+05
1.23439195E+03   8040.2 1.225E+03 6.804E+13 1.999E+00 1.308E-01 2.000E+05 9.327E-01 7.286E+05 8.137E+05
1.23917631E+03   8151.7 1.229E+03 7.735E+13 2.410E+00 1.193E-01 2.000E+05 9.479E-01 7.211E+05 8.218E+05
1.24450331E+03   8258.8 1.233E+03 8.711E+13 2.871E+00 1.114E-01 2.000E+05 9.602E-01 7.257E+05 8.303E+05
1.25044541E+03   8372.6 1.239E+03 9.833E+13 3.441E+00 1.041E-01 2.000E+05 9.683E-01 7.194E+05 8.401E+05
1.25711851E+03   8478.1 1.245E+03 1.096E+14 4.054E+00 1.030E-01 2.000E+05 9.736E-01 7.207E+05 8.499E+05
PRADK 6.7489E-01
BEGIN                    ITERATION  15 COMPLETED
