TEFF   5500.  GRAVITY 2.50000 LTE
TITLE  [-1.5] N(He)/Ntot=0.0784 VTURB=2  L/H=1.25 NOVER
OPACITY IFOP 1 1 1 1 1 1 1 1 1 1 1 1 1 0 1 0 0 0 0 0
CONVECTION ON   1.25 TURBULENCE OFF  0.00  0.00  0.00  0.00
ABUNDANCE SCALE   0.03162 ABUNDANCE CHANGE 1 0.92150 2 0.07843
ABUNDANCE CHANGE  3 -10.94  4 -10.64  5  -9.49  6  -3.52  7  -4.12  8  -3.21
ABUNDANCE CHANGE  9  -7.48 10  -3.96 11  -5.71 12  -4.46 13  -5.57 14  -4.49
ABUNDANCE CHANGE 15  -6.59 16  -4.71 17  -6.54 18  -5.64 19  -6.92 20  -5.68
ABUNDANCE CHANGE 21  -8.87 22  -7.02 23  -8.04 24  -6.37 25  -6.65 26  -4.54
ABUNDANCE CHANGE 27  -7.12 28  -5.79 29  -7.83 30  -7.44 31  -9.16 32  -8.63
ABUNDANCE CHANGE 33  -9.67 34  -8.63 35  -9.41 36  -8.73 37  -9.44 38  -9.07
ABUNDANCE CHANGE 39  -9.80 40  -9.44 41 -10.62 42 -10.12 43 -20.00 44 -10.20
ABUNDANCE CHANGE 45 -10.92 46 -10.35 47 -11.10 48 -10.27 49 -10.38 50 -10.04
ABUNDANCE CHANGE 51 -11.04 52  -9.80 53 -10.53 54  -9.87 55 -10.91 56  -9.91
ABUNDANCE CHANGE 57 -10.87 58 -10.46 59 -11.33 60 -10.54 61 -20.00 62 -11.03
ABUNDANCE CHANGE 63 -11.53 64 -10.92 65 -11.69 66 -10.90 67 -11.78 68 -11.11
ABUNDANCE CHANGE 69 -12.04 70 -10.96 71 -11.98 72 -11.16 73 -12.17 74 -10.93
ABUNDANCE CHANGE 75 -11.76 76 -10.59 77 -10.69 78 -10.24 79 -11.03 80 -10.91
ABUNDANCE CHANGE 81 -11.14 82 -10.09 83 -11.33 84 -20.00 85 -20.00 86 -20.00
ABUNDANCE CHANGE 87 -20.00 88 -20.00 89 -20.00 90 -11.95 91 -20.00 92 -12.54
ABUNDANCE CHANGE 93 -20.00 94 -20.00 95 -20.00 96 -20.00 97 -20.00 98 -20.00
ABUNDANCE CHANGE 99 -20.00
READ DECK6 72 RHOX,T,P,XNE,ABROSS,ACCRAD,VTURB, FLXCNV,VCONV,VELSND
5.81464017E-03   3761.4 1.839E+00 3.980E+07 2.293E-05 1.635E-03 2.000E+05 0.000E+00 0.000E+00 9.281E+05
7.74516204E-03   3773.9 2.449E+00 4.984E+07 2.314E-05 1.676E-03 2.000E+05 0.000E+00 0.000E+00 8.681E+05
1.02809044E-02   3787.9 3.251E+00 6.278E+07 2.364E-05 1.708E-03 2.000E+05 0.000E+00 0.000E+00 8.209E+05
1.35750456E-02   3802.6 4.293E+00 7.907E+07 2.438E-05 1.748E-03 2.000E+05 0.000E+00 0.000E+00 7.843E+05
1.78193124E-02   3817.5 5.635E+00 9.930E+07 2.532E-05 1.758E-03 2.000E+05 0.000E+00 0.000E+00 7.561E+05
2.32455672E-02   3832.5 7.351E+00 1.243E+08 2.652E-05 1.772E-03 2.000E+05 0.000E+00 0.000E+00 7.345E+05
3.01164281E-02   3848.4 9.524E+00 1.556E+08 2.807E-05 1.788E-03 2.000E+05 0.000E+00 0.000E+00 7.182E+05
3.87235412E-02   3865.3 1.225E+01 1.944E+08 3.004E-05 1.813E-03 2.000E+05 0.000E+00 0.000E+00 7.061E+05
4.93870277E-02   3883.7 1.562E+01 2.431E+08 3.252E-05 1.837E-03 2.000E+05 0.000E+00 0.000E+00 6.972E+05
6.24445235E-02   3903.5 1.975E+01 3.039E+08 3.561E-05 1.858E-03 2.000E+05 0.000E+00 0.000E+00 6.908E+05
7.82655902E-02   3924.6 2.475E+01 3.795E+08 3.938E-05 1.873E-03 2.000E+05 0.000E+00 0.000E+00 6.863E+05
9.72504943E-02   3947.0 3.075E+01 4.731E+08 4.395E-05 1.882E-03 2.000E+05 0.000E+00 0.000E+00 6.833E+05
1.19839914E-01   3970.2 3.790E+01 5.880E+08 4.944E-05 1.896E-03 2.000E+05 0.000E+00 0.000E+00 6.819E+05
1.46511036E-01   3994.2 4.633E+01 7.290E+08 5.604E-05 1.912E-03 2.000E+05 0.000E+00 0.000E+00 6.804E+05
1.77784283E-01   4018.8 5.622E+01 9.009E+08 6.392E-05 1.928E-03 2.000E+05 0.000E+00 0.000E+00 6.801E+05
2.14252601E-01   4044.0 6.775E+01 1.110E+09 7.326E-05 1.942E-03 2.000E+05 0.000E+00 0.000E+00 6.802E+05
2.56605853E-01   4069.4 8.115E+01 1.362E+09 8.425E-05 1.952E-03 2.000E+05 0.000E+00 0.000E+00 6.807E+05
3.05658828E-01   4094.8 9.666E+01 1.665E+09 9.710E-05 1.960E-03 2.000E+05 0.000E+00 0.000E+00 6.815E+05
3.62379538E-01   4119.9 1.146E+02 2.025E+09 1.120E-04 1.976E-03 2.000E+05 0.000E+00 0.000E+00 6.825E+05
4.27894060E-01   4144.8 1.353E+02 2.454E+09 1.294E-04 1.993E-03 2.000E+05 0.000E+00 0.000E+00 6.837E+05
5.03535065E-01   4169.4 1.592E+02 2.961E+09 1.495E-04 2.010E-03 2.000E+05 0.000E+00 0.000E+00 6.849E+05
5.90888551E-01   4193.2 1.869E+02 3.554E+09 1.725E-04 2.040E-03 2.000E+05 0.000E+00 0.000E+00 6.862E+05
6.91817819E-01   4216.7 2.188E+02 4.252E+09 1.991E-04 2.074E-03 2.000E+05 0.000E+00 0.000E+00 6.876E+05
8.08511366E-01   4239.7 2.557E+02 5.068E+09 2.295E-04 2.114E-03 2.000E+05 0.000E+00 0.000E+00 6.890E+05
9.43594403E-01   4262.2 2.984E+02 6.019E+09 2.642E-04 2.160E-03 2.000E+05 0.000E+00 0.000E+00 6.904E+05
1.10016601E+00   4284.0 3.479E+02 7.124E+09 3.038E-04 2.220E-03 2.000E+05 0.000E+00 0.000E+00 6.918E+05
1.28184620E+00   4305.4 4.054E+02 8.408E+09 3.489E-04 2.292E-03 2.000E+05 0.000E+00 0.000E+00 6.932E+05
1.49288323E+00   4326.5 4.721E+02 9.902E+09 4.005E-04 2.374E-03 2.000E+05 0.000E+00 0.000E+00 6.946E+05
1.73816349E+00   4347.2 5.497E+02 1.164E+10 4.593E-04 2.467E-03 2.000E+05 0.000E+00 0.000E+00 6.960E+05
2.02347358E+00   4367.6 6.399E+02 1.365E+10 5.264E-04 2.573E-03 2.000E+05 0.000E+00 0.000E+00 6.974E+05
2.35579593E+00   4386.9 7.450E+02 1.594E+10 6.020E-04 2.709E-03 2.000E+05 0.000E+00 0.000E+00 6.987E+05
2.74325966E+00   4406.2 8.675E+02 1.860E+10 6.887E-04 2.864E-03 2.000E+05 0.000E+00 0.000E+00 7.000E+05
3.19501240E+00   4425.3 1.010E+03 2.169E+10 7.875E-04 3.039E-03 2.000E+05 0.000E+00 0.000E+00 7.013E+05
3.72207351E+00   4444.0 1.177E+03 2.524E+10 8.998E-04 3.245E-03 2.000E+05 0.000E+00 0.000E+00 7.026E+05
4.33725392E+00   4462.6 1.372E+03 2.935E+10 1.028E-03 3.479E-03 2.000E+05 0.000E+00 0.000E+00 7.039E+05
5.05537427E+00   4481.1 1.599E+03 3.411E+10 1.174E-03 3.745E-03 2.000E+05 0.000E+00 0.000E+00 7.052E+05
5.89399211E+00   4499.4 1.864E+03 3.960E+10 1.341E-03 4.047E-03 2.000E+05 0.000E+00 0.000E+00 7.065E+05
6.87325788E+00   4518.0 2.173E+03 4.599E+10 1.531E-03 4.394E-03 2.000E+05 0.000E+00 0.000E+00 7.077E+05
8.01627014E+00   4536.7 2.535E+03 5.341E+10 1.750E-03 4.793E-03 2.000E+05 0.000E+00 0.000E+00 7.090E+05
9.34863938E+00   4556.2 2.956E+03 6.215E+10 2.004E-03 5.259E-03 2.000E+05 0.000E+00 0.000E+00 7.103E+05
1.08976960E+01   4577.0 3.446E+03 7.260E+10 2.303E-03 5.808E-03 2.000E+05 0.000E+00 0.000E+00 7.117E+05
1.26931054E+01   4599.5 4.014E+03 8.514E+10 2.653E-03 6.442E-03 2.000E+05 0.000E+00 0.000E+00 7.133E+05
1.47656042E+01   4624.3 4.669E+03 1.005E+11 3.074E-03 7.204E-03 2.000E+05 0.000E+00 0.000E+00 7.150E+05
1.71436014E+01   4652.1 5.421E+03 1.195E+11 3.584E-03 8.128E-03 2.000E+05 0.000E+00 0.000E+00 7.169E+05
1.98500597E+01   4684.5 6.277E+03 1.439E+11 4.221E-03 9.276E-03 2.000E+05 0.000E+00 0.000E+00 7.193E+05
2.28963354E+01   4722.5 7.240E+03 1.758E+11 5.032E-03 1.073E-02 2.000E+05 0.000E+00 0.000E+00 7.220E+05
2.62809699E+01   4767.4 8.311E+03 2.187E+11 6.083E-03 1.259E-02 2.000E+05 0.000E+00 0.000E+00 7.254E+05
2.99754349E+01   4822.1 9.479E+03 2.789E+11 7.515E-03 1.514E-02 2.000E+05 0.000E+00 0.000E+00 7.295E+05
3.39129804E+01   4888.7 1.072E+04 3.668E+11 9.524E-03 1.870E-02 2.000E+05 0.000E+00 0.000E+00 7.345E+05
3.80044296E+01   4968.8 1.202E+04 4.982E+11 1.238E-02 2.372E-02 2.000E+05 0.000E+00 0.000E+00 7.405E+05
4.21394500E+01   5065.2 1.333E+04 7.032E+11 1.659E-02 3.107E-02 2.000E+05 0.000E+00 0.000E+00 7.477E+05
4.61892240E+01   5180.7 1.461E+04 1.035E+12 2.296E-02 4.213E-02 2.000E+05 0.000E+00 0.000E+00 7.560E+05
5.00251671E+01   5318.7 1.582E+04 1.592E+12 3.289E-02 5.927E-02 2.000E+05 0.000E+00 0.000E+00 7.655E+05
5.35322664E+01   5482.4 1.693E+04 2.564E+12 4.885E-02 8.676E-02 2.000E+05 6.844E-08 2.109E+03 7.761E+05
5.66206234E+01   5676.6 1.790E+04 4.327E+12 7.541E-02 1.325E-01 2.000E+05 3.153E-06 7.482E+03 7.875E+05
5.92353808E+01   5905.3 1.873E+04 7.629E+12 1.211E-01 2.111E-01 2.000E+05 7.272E-05 2.113E+04 7.992E+05
6.13693636E+01   6170.3 1.940E+04 1.390E+13 2.014E-01 3.492E-01 2.000E+05 1.065E-03 5.128E+04 8.099E+05
6.30360243E+01   6484.2 1.993E+04 2.644E+13 3.532E-01 6.085E-01 2.000E+05 9.317E-03 1.044E+05 8.183E+05
6.42560415E+01   6857.7 2.032E+04 5.244E+13 6.605E-01 1.085E+00 2.000E+05 2.847E-02 1.463E+05 8.230E+05
6.51359618E+01   7225.7 2.059E+04 9.589E+13 1.187E+00 1.624E+00 2.000E+05 2.084E-01 2.768E+05 8.242E+05
6.58344183E+01   7518.8 2.081E+04 1.487E+14 1.867E+00 1.809E+00 2.000E+05 4.530E-01 3.517E+05 8.251E+05
6.64617956E+01   7747.9 2.101E+04 2.046E+14 2.639E+00 1.701E+00 2.000E+05 6.286E-01 3.804E+05 8.269E+05
6.70735418E+01   7940.0 2.120E+04 2.638E+14 3.511E+00 1.539E+00 2.000E+05 7.459E-01 3.921E+05 8.294E+05
6.76986417E+01   8110.4 2.140E+04 3.272E+14 4.506E+00 1.399E+00 2.000E+05 8.205E-01 3.952E+05 8.326E+05
6.83570368E+01   8266.3 2.161E+04 3.953E+14 5.639E+00 1.281E+00 2.000E+05 8.686E-01 3.939E+05 8.365E+05
6.90644155E+01   8413.8 2.183E+04 4.698E+14 6.951E+00 1.191E+00 2.000E+05 9.014E-01 3.917E+05 8.408E+05
6.98337527E+01   8556.4 2.207E+04 5.520E+14 8.482E+00 1.107E+00 2.000E+05 9.244E-01 3.870E+05 8.458E+05
7.06790514E+01   8694.2 2.234E+04 6.420E+14 1.025E+01 1.041E+00 2.000E+05 9.418E-01 3.846E+05 8.513E+05
7.16122609E+01   8834.3 2.263E+04 7.445E+14 1.236E+01 9.747E-01 2.000E+05 9.541E-01 3.784E+05 8.575E+05
7.26509716E+01   8968.1 2.296E+04 8.544E+14 1.473E+01 9.183E-01 2.000E+05 9.643E-01 3.763E+05 8.641E+05
7.38078934E+01   9111.7 2.332E+04 9.853E+14 1.770E+01 8.713E-01 2.000E+05 9.715E-01 3.707E+05 8.718E+05
7.51040041E+01   9244.8 2.373E+04 1.121E+15 2.090E+01 8.696E-01 2.000E+05 9.760E-01 3.674E+05 8.796E+05
PRADK 1.2218E+00
BEGIN                    ITERATION  15 COMPLETED
