TEFF   5500.  GRAVITY 4.50000 LTE
TITLE  [-1.5] N(He)/Ntot=0.0784 VTURB=2  L/H=1.25 NOVER
OPACITY IFOP 1 1 1 1 1 1 1 1 1 1 1 1 1 0 1 0 0 0 0 0
CONVECTION ON   1.25 TURBULENCE OFF  0.00  0.00  0.00  0.00
ABUNDANCE SCALE   0.03162 ABUNDANCE CHANGE 1 0.92150 2 0.07843
ABUNDANCE CHANGE  3 -10.94  4 -10.64  5  -9.49  6  -3.52  7  -4.12  8  -3.21
ABUNDANCE CHANGE  9  -7.48 10  -3.96 11  -5.71 12  -4.46 13  -5.57 14  -4.49
ABUNDANCE CHANGE 15  -6.59 16  -4.71 17  -6.54 18  -5.64 19  -6.92 20  -5.68
ABUNDANCE CHANGE 21  -8.87 22  -7.02 23  -8.04 24  -6.37 25  -6.65 26  -4.54
ABUNDANCE CHANGE 27  -7.12 28  -5.79 29  -7.83 30  -7.44 31  -9.16 32  -8.63
ABUNDANCE CHANGE 33  -9.67 34  -8.63 35  -9.41 36  -8.73 37  -9.44 38  -9.07
ABUNDANCE CHANGE 39  -9.80 40  -9.44 41 -10.62 42 -10.12 43 -20.00 44 -10.20
ABUNDANCE CHANGE 45 -10.92 46 -10.35 47 -11.10 48 -10.27 49 -10.38 50 -10.04
ABUNDANCE CHANGE 51 -11.04 52  -9.80 53 -10.53 54  -9.87 55 -10.91 56  -9.91
ABUNDANCE CHANGE 57 -10.87 58 -10.46 59 -11.33 60 -10.54 61 -20.00 62 -11.03
ABUNDANCE CHANGE 63 -11.53 64 -10.92 65 -11.69 66 -10.90 67 -11.78 68 -11.11
ABUNDANCE CHANGE 69 -12.04 70 -10.96 71 -11.98 72 -11.16 73 -12.17 74 -10.93
ABUNDANCE CHANGE 75 -11.76 76 -10.59 77 -10.69 78 -10.24 79 -11.03 80 -10.91
ABUNDANCE CHANGE 81 -11.14 82 -10.09 83 -11.33 84 -20.00 85 -20.00 86 -20.00
ABUNDANCE CHANGE 87 -20.00 88 -20.00 89 -20.00 90 -11.95 91 -20.00 92 -12.54
ABUNDANCE CHANGE 93 -20.00 94 -20.00 95 -20.00 96 -20.00 97 -20.00 98 -20.00
ABUNDANCE CHANGE 99 -20.00
READ DECK6 72 RHOX,T,P,XNE,ABROSS,ACCRAD,VTURB, FLXCNV,VCONV,VELSND
2.67064664E-03   3848.0 8.445E+01 7.002E+08 4.993E-05 3.462E-03 2.000E+05 0.000E+00 0.000E+00 6.615E+05
3.49534188E-03   3858.8 1.105E+02 8.834E+08 5.792E-05 3.657E-03 2.000E+05 0.000E+00 0.000E+00 6.605E+05
4.44614597E-03   3869.0 1.406E+02 1.091E+09 6.683E-05 3.852E-03 2.000E+05 0.000E+00 0.000E+00 6.600E+05
5.54660046E-03   3879.8 1.754E+02 1.330E+09 7.691E-05 4.034E-03 2.000E+05 0.000E+00 0.000E+00 6.598E+05
6.82259787E-03   3891.5 2.158E+02 1.605E+09 8.836E-05 4.202E-03 2.000E+05 0.000E+00 0.000E+00 6.599E+05
8.30453887E-03   3903.7 2.626E+02 1.924E+09 1.014E-04 4.358E-03 2.000E+05 0.000E+00 0.000E+00 6.602E+05
1.00268920E-02   3916.9 3.171E+02 2.293E+09 1.163E-04 4.501E-03 2.000E+05 0.000E+00 0.000E+00 6.606E+05
1.20294984E-02   3930.9 3.804E+02 2.722E+09 1.334E-04 4.679E-03 2.000E+05 0.000E+00 0.000E+00 6.612E+05
1.43578843E-02   3946.1 4.541E+02 3.224E+09 1.531E-04 4.841E-03 2.000E+05 0.000E+00 0.000E+00 6.620E+05
1.70629192E-02   3962.4 5.396E+02 3.810E+09 1.758E-04 4.986E-03 2.000E+05 0.000E+00 0.000E+00 6.624E+05
2.02026233E-02   3980.1 6.389E+02 4.498E+09 2.020E-04 5.106E-03 2.000E+05 0.000E+00 0.000E+00 6.639E+05
2.38444996E-02   3998.3 7.541E+02 5.301E+09 2.323E-04 5.273E-03 2.000E+05 0.000E+00 0.000E+00 6.650E+05
2.80648124E-02   4018.3 8.875E+02 6.247E+09 2.675E-04 5.417E-03 2.000E+05 0.000E+00 0.000E+00 6.662E+05
3.29494802E-02   4039.5 1.042E+03 7.363E+09 3.084E-04 5.543E-03 2.000E+05 0.000E+00 0.000E+00 6.676E+05
3.85979573E-02   4061.7 1.221E+03 8.677E+09 3.557E-04 5.678E-03 2.000E+05 0.000E+00 0.000E+00 6.690E+05
4.51233908E-02   4084.9 1.427E+03 1.023E+10 4.108E-04 5.790E-03 2.000E+05 0.000E+00 0.000E+00 6.706E+05
5.26555137E-02   4108.7 1.665E+03 1.205E+10 4.748E-04 5.883E-03 2.000E+05 0.000E+00 0.000E+00 6.722E+05
6.13468050E-02   4132.7 1.940E+03 1.419E+10 5.487E-04 5.966E-03 2.000E+05 0.000E+00 0.000E+00 6.738E+05
7.13747708E-02   4156.9 2.257E+03 1.671E+10 6.342E-04 6.043E-03 2.000E+05 0.000E+00 0.000E+00 6.754E+05
8.29501668E-02   4180.4 2.623E+03 1.962E+10 7.323E-04 6.164E-03 2.000E+05 0.000E+00 0.000E+00 6.770E+05
9.63212835E-02   4203.7 3.046E+03 2.302E+10 8.452E-04 6.332E-03 2.000E+05 0.000E+00 0.000E+00 6.785E+05
1.11775114E-01   4226.7 3.535E+03 2.698E+10 9.748E-04 6.546E-03 2.000E+05 0.000E+00 0.000E+00 6.799E+05
1.29647739E-01   4249.3 4.100E+03 3.158E+10 1.124E-03 6.792E-03 2.000E+05 0.000E+00 0.000E+00 6.813E+05
1.50338262E-01   4271.3 4.754E+03 3.690E+10 1.293E-03 7.068E-03 2.000E+05 0.000E+00 0.000E+00 6.825E+05
1.74323632E-01   4292.5 5.513E+03 4.303E+10 1.487E-03 7.387E-03 2.000E+05 0.000E+00 0.000E+00 6.837E+05
2.02172911E-01   4312.7 6.393E+03 5.006E+10 1.706E-03 7.757E-03 2.000E+05 0.000E+00 0.000E+00 6.847E+05
2.34561962E-01   4332.1 7.418E+03 5.812E+10 1.955E-03 8.189E-03 2.000E+05 0.000E+00 0.000E+00 6.855E+05
2.72291376E-01   4350.4 8.611E+03 6.734E+10 2.236E-03 8.692E-03 2.000E+05 0.000E+00 0.000E+00 6.862E+05
3.16296545E-01   4368.0 1.000E+04 7.790E+10 2.556E-03 9.281E-03 2.000E+05 0.000E+00 0.000E+00 6.867E+05
3.67680711E-01   4384.1 1.163E+04 8.983E+10 2.917E-03 1.008E-02 2.000E+05 0.000E+00 0.000E+00 6.870E+05
4.27702344E-01   4400.3 1.353E+04 1.036E+11 3.331E-03 1.099E-02 2.000E+05 0.000E+00 0.000E+00 6.872E+05
4.97786996E-01   4416.5 1.574E+04 1.195E+11 3.805E-03 1.202E-02 2.000E+05 0.000E+00 0.000E+00 6.873E+05
5.79610766E-01   4432.7 1.833E+04 1.379E+11 4.346E-03 1.317E-02 2.000E+05 0.000E+00 0.000E+00 6.873E+05
6.75116384E-01   4449.1 2.135E+04 1.591E+11 4.966E-03 1.447E-02 2.000E+05 0.000E+00 0.000E+00 6.872E+05
7.86573802E-01   4465.6 2.487E+04 1.836E+11 5.674E-03 1.593E-02 2.000E+05 0.000E+00 0.000E+00 6.870E+05
9.16617474E-01   4482.4 2.899E+04 2.119E+11 6.487E-03 1.758E-02 2.000E+05 0.000E+00 0.000E+00 6.867E+05
1.06830397E+00   4499.4 3.378E+04 2.446E+11 7.418E-03 1.948E-02 2.000E+05 0.000E+00 0.000E+00 6.863E+05
1.24505362E+00   4517.3 3.937E+04 2.829E+11 8.495E-03 2.169E-02 2.000E+05 0.000E+00 0.000E+00 6.859E+05
1.45077988E+00   4535.9 4.588E+04 3.274E+11 9.737E-03 2.421E-02 2.000E+05 0.000E+00 0.000E+00 6.855E+05
1.68992886E+00   4555.7 5.344E+04 3.796E+11 1.118E-02 2.711E-02 2.000E+05 0.000E+00 0.000E+00 6.852E+05
1.96745786E+00   4577.2 6.222E+04 4.414E+11 1.286E-02 3.042E-02 2.000E+05 0.000E+00 0.000E+00 6.850E+05
2.28914864E+00   4600.3 7.239E+04 5.145E+11 1.480E-02 3.413E-02 2.000E+05 0.000E+00 0.000E+00 6.850E+05
2.66127176E+00   4626.2 8.416E+04 6.029E+11 1.709E-02 3.847E-02 2.000E+05 0.000E+00 0.000E+00 6.852E+05
3.08999164E+00   4655.3 9.771E+04 7.102E+11 1.982E-02 4.358E-02 2.000E+05 0.000E+00 0.000E+00 6.859E+05
3.58109415E+00   4689.3 1.132E+05 8.449E+11 2.317E-02 4.981E-02 2.000E+05 0.000E+00 0.000E+00 6.874E+05
4.13881786E+00   4729.7 1.309E+05 1.017E+12 2.733E-02 5.741E-02 2.000E+05 0.000E+00 0.000E+00 6.897E+05
4.76639098E+00   4776.3 1.507E+05 1.241E+12 3.256E-02 6.682E-02 2.000E+05 0.000E+00 0.000E+00 6.930E+05
5.46206159E+00   4833.7 1.727E+05 1.549E+12 3.958E-02 7.949E-02 2.000E+05 0.000E+00 0.000E+00 6.979E+05
6.21855037E+00   4901.3 1.966E+05 1.979E+12 4.897E-02 9.627E-02 2.000E+05 0.000E+00 0.000E+00 7.043E+05
7.02359409E+00   4983.5 2.221E+05 2.618E+12 6.221E-02 1.196E-01 2.000E+05 0.000E+00 0.000E+00 7.127E+05
7.85531794E+00   5083.7 2.484E+05 3.616E+12 8.176E-02 1.539E-01 2.000E+05 0.000E+00 0.000E+00 7.234E+05
8.68052148E+00   5209.9 2.745E+05 5.312E+12 1.126E-01 2.077E-01 2.000E+05 0.000E+00 0.000E+00 7.368E+05
9.45863662E+00   5368.5 2.991E+05 8.392E+12 1.634E-01 2.946E-01 2.000E+05 4.179E-04 1.426E+04 7.532E+05
1.01545141E+01   5560.5 3.211E+05 1.415E+13 2.491E-01 4.360E-01 2.000E+05 1.457E-02 4.643E+04 7.715E+05
1.07594388E+01   5771.5 3.402E+05 2.425E+13 3.827E-01 6.395E-01 2.000E+05 5.608E-02 7.287E+04 7.897E+05
1.12874743E+01   5991.3 3.569E+05 4.098E+13 5.807E-01 9.014E-01 2.000E+05 1.120E-01 9.154E+04 8.067E+05
1.17551882E+01   6217.0 3.717E+05 6.768E+13 8.641E-01 1.193E+00 2.000E+05 2.081E-01 1.126E+05 8.222E+05
1.21829405E+01   6431.0 3.852E+05 1.057E+14 1.233E+00 1.429E+00 2.000E+05 3.398E-01 1.329E+05 8.354E+05
1.25918979E+01   6629.3 3.982E+05 1.560E+14 1.686E+00 1.561E+00 2.000E+05 4.681E-01 1.472E+05 8.463E+05
1.29959364E+01   6819.6 4.110E+05 2.223E+14 2.249E+00 1.618E+00 2.000E+05 5.896E-01 1.588E+05 8.556E+05
1.34038925E+01   7003.7 4.239E+05 3.079E+14 2.942E+00 1.621E+00 2.000E+05 6.828E-01 1.653E+05 8.636E+05
1.38233300E+01   7182.3 4.371E+05 4.163E+14 3.788E+00 1.613E+00 2.000E+05 7.555E-01 1.698E+05 8.704E+05
1.42596267E+01   7359.7 4.509E+05 5.544E+14 4.836E+00 1.606E+00 2.000E+05 8.081E-01 1.717E+05 8.763E+05
1.47182969E+01   7532.8 4.654E+05 7.247E+14 6.102E+00 1.608E+00 2.000E+05 8.485E-01 1.728E+05 8.813E+05
1.52035909E+01   7708.3 4.808E+05 9.402E+14 7.679E+00 1.604E+00 2.000E+05 8.789E-01 1.721E+05 8.857E+05
1.57207797E+01   7878.9 4.971E+05 1.200E+15 9.563E+00 1.609E+00 2.000E+05 9.036E-01 1.719E+05 8.894E+05
1.62734324E+01   8055.6 5.146E+05 1.529E+15 1.194E+01 1.601E+00 2.000E+05 9.220E-01 1.694E+05 8.929E+05
1.68682322E+01   8224.1 5.334E+05 1.912E+15 1.471E+01 1.579E+00 2.000E+05 9.385E-01 1.684E+05 8.959E+05
1.75083997E+01   8403.5 5.536E+05 2.403E+15 1.828E+01 1.569E+00 2.000E+05 9.504E-01 1.653E+05 8.989E+05
1.82022193E+01   8570.4 5.756E+05 2.955E+15 2.231E+01 1.522E+00 2.000E+05 9.605E-01 1.626E+05 9.018E+05
1.89546732E+01   8751.6 5.994E+05 3.666E+15 2.756E+01 1.511E+00 2.000E+05 9.686E-01 1.600E+05 9.049E+05
1.97753719E+01   8918.4 6.253E+05 4.451E+15 3.339E+01 1.554E+00 2.000E+05 9.732E-01 1.563E+05 9.080E+05
PRADK 1.2171E+00
BEGIN                    ITERATION  15 COMPLETED
