TEFF   9000.  GRAVITY 2.00000 LTE
TITLE  [-1.5] N(He)/Ntot=0.0784 VTURB=2  L/H=1.25 NOVER
OPACITY IFOP 1 1 1 1 1 1 1 1 1 1 1 1 1 0 1 0 0 0 0 0
CONVECTION ON   1.25 TURBULENCE OFF  0.00  0.00  0.00  0.00
ABUNDANCE SCALE   0.03162 ABUNDANCE CHANGE 1 0.92150 2 0.07843
ABUNDANCE CHANGE  3 -10.94  4 -10.64  5  -9.49  6  -3.52  7  -4.12  8  -3.21
ABUNDANCE CHANGE  9  -7.48 10  -3.96 11  -5.71 12  -4.46 13  -5.57 14  -4.49
ABUNDANCE CHANGE 15  -6.59 16  -4.71 17  -6.54 18  -5.64 19  -6.92 20  -5.68
ABUNDANCE CHANGE 21  -8.87 22  -7.02 23  -8.04 24  -6.37 25  -6.65 26  -4.54
ABUNDANCE CHANGE 27  -7.12 28  -5.79 29  -7.83 30  -7.44 31  -9.16 32  -8.63
ABUNDANCE CHANGE 33  -9.67 34  -8.63 35  -9.41 36  -8.73 37  -9.44 38  -9.07
ABUNDANCE CHANGE 39  -9.80 40  -9.44 41 -10.62 42 -10.12 43 -20.00 44 -10.20
ABUNDANCE CHANGE 45 -10.92 46 -10.35 47 -11.10 48 -10.27 49 -10.38 50 -10.04
ABUNDANCE CHANGE 51 -11.04 52  -9.80 53 -10.53 54  -9.87 55 -10.91 56  -9.91
ABUNDANCE CHANGE 57 -10.87 58 -10.46 59 -11.33 60 -10.54 61 -20.00 62 -11.03
ABUNDANCE CHANGE 63 -11.53 64 -10.92 65 -11.69 66 -10.90 67 -11.78 68 -11.11
ABUNDANCE CHANGE 69 -12.04 70 -10.96 71 -11.98 72 -11.16 73 -12.17 74 -10.93
ABUNDANCE CHANGE 75 -11.76 76 -10.59 77 -10.69 78 -10.24 79 -11.03 80 -10.91
ABUNDANCE CHANGE 81 -11.14 82 -10.09 83 -11.33 84 -20.00 85 -20.00 86 -20.00
ABUNDANCE CHANGE 87 -20.00 88 -20.00 89 -20.00 90 -11.95 91 -20.00 92 -12.54
ABUNDANCE CHANGE 93 -20.00 94 -20.00 95 -20.00 96 -20.00 97 -20.00 98 -20.00
ABUNDANCE CHANGE 99 -20.00
READ DECK6 72 RHOX,T,P,XNE,ABROSS,ACCRAD,VTURB, FLXCNV,VCONV,VELSND
4.54569663E-07   5731.8 4.348E-05 2.604E+07 2.934E-01 4.350E+00 2.000E+05 0.000E+00 0.000E+00 7.695E+08
6.06630081E-07   5735.1 5.803E-05 3.462E+07 2.916E-01 4.331E+00 2.000E+05 0.000E+00 0.000E+00 4.027E+08
8.10926869E-07   5736.1 7.757E-05 4.604E+07 2.890E-01 4.302E+00 2.000E+05 0.000E+00 0.000E+00 2.684E+08
1.08614045E-06   5738.8 1.039E-04 6.127E+07 2.858E-01 4.269E+00 2.000E+05 0.000E+00 0.000E+00 1.939E+08
1.45801892E-06   5739.8 1.395E-04 8.156E+07 2.815E-01 4.243E+00 2.000E+05 0.000E+00 0.000E+00 1.456E+08
1.96228092E-06   5743.8 1.878E-04 1.086E+08 2.764E-01 4.207E+00 2.000E+05 0.000E+00 0.000E+00 1.126E+08
2.64889881E-06   5747.8 2.536E-04 1.446E+08 2.700E-01 4.158E+00 2.000E+05 0.000E+00 0.000E+00 8.856E+07
3.58898646E-06   5752.9 3.437E-04 1.926E+08 2.623E-01 4.093E+00 2.000E+05 0.000E+00 0.000E+00 7.056E+07
4.88415456E-06   5758.8 4.680E-04 2.565E+08 2.530E-01 4.003E+00 2.000E+05 0.000E+00 0.000E+00 5.663E+07
6.68208016E-06   5765.4 6.407E-04 3.417E+08 2.421E-01 3.898E+00 2.000E+05 0.000E+00 0.000E+00 4.585E+07
9.19823125E-06   5773.5 8.827E-04 4.554E+08 2.298E-01 3.781E+00 2.000E+05 0.000E+00 0.000E+00 3.733E+07
1.27494755E-05   5783.1 1.225E-03 6.073E+08 2.162E-01 3.648E+00 2.000E+05 0.000E+00 0.000E+00 3.051E+07
1.78075264E-05   5794.0 1.712E-03 8.103E+08 2.016E-01 3.502E+00 2.000E+05 0.000E+00 0.000E+00 2.500E+07
2.50627432E-05   5808.7 2.413E-03 1.083E+09 1.870E-01 3.358E+00 2.000E+05 0.000E+00 0.000E+00 2.055E+07
3.55228280E-05   5826.2 3.425E-03 1.450E+09 1.726E-01 3.216E+00 2.000E+05 0.000E+00 0.000E+00 1.692E+07
5.06395883E-05   5848.4 4.889E-03 1.947E+09 1.593E-01 3.080E+00 2.000E+05 0.000E+00 0.000E+00 1.397E+07
7.24418589E-05   5875.6 7.003E-03 2.622E+09 1.476E-01 2.961E+00 2.000E+05 0.000E+00 0.000E+00 1.157E+07
1.03700862E-04   5908.6 1.004E-02 3.539E+09 1.378E-01 2.861E+00 2.000E+05 0.000E+00 0.000E+00 9.629E+06
1.48084394E-04   5947.6 1.435E-02 4.788E+09 1.302E-01 2.777E+00 2.000E+05 0.000E+00 0.000E+00 8.057E+06
2.10318340E-04   5992.5 2.040E-02 6.485E+09 1.246E-01 2.712E+00 2.000E+05 0.000E+00 0.000E+00 6.786E+06
2.96386378E-04   6042.7 2.878E-02 8.778E+09 1.209E-01 2.666E+00 2.000E+05 0.000E+00 0.000E+00 5.757E+06
4.13814221E-04   6097.4 4.021E-02 1.185E+10 1.189E-01 2.633E+00 2.000E+05 0.000E+00 0.000E+00 4.922E+06
5.72150534E-04   6155.0 5.563E-02 1.593E+10 1.182E-01 2.613E+00 2.000E+05 0.000E+00 0.000E+00 4.238E+06
7.83430835E-04   6215.4 7.621E-02 2.132E+10 1.187E-01 2.600E+00 2.000E+05 0.000E+00 0.000E+00 3.676E+06
1.06306740E-03   6276.8 1.034E-01 2.835E+10 1.199E-01 2.600E+00 2.000E+05 0.000E+00 0.000E+00 3.210E+06
1.43073682E-03   6339.2 1.393E-01 3.747E+10 1.220E-01 2.609E+00 2.000E+05 0.000E+00 0.000E+00 2.822E+06
1.91160229E-03   6401.6 1.861E-01 4.921E+10 1.247E-01 2.631E+00 2.000E+05 0.000E+00 0.000E+00 2.496E+06
2.53766627E-03   6463.8 2.470E-01 6.421E+10 1.279E-01 2.664E+00 2.000E+05 0.000E+00 0.000E+00 2.221E+06
3.34918604E-03   6526.0 3.260E-01 8.334E+10 1.319E-01 2.710E+00 2.000E+05 0.000E+00 0.000E+00 1.990E+06
4.39548378E-03   6588.8 4.278E-01 1.077E+11 1.368E-01 2.764E+00 2.000E+05 0.000E+00 0.000E+00 1.795E+06
5.73885240E-03   6650.2 5.584E-01 1.382E+11 1.422E-01 2.818E+00 2.000E+05 0.000E+00 0.000E+00 1.631E+06
7.46764909E-03   6705.6 7.263E-01 1.754E+11 1.468E-01 2.869E+00 2.000E+05 0.000E+00 0.000E+00 1.490E+06
9.71235030E-03   6753.3 9.443E-01 2.203E+11 1.501E-01 2.923E+00 2.000E+05 0.000E+00 0.000E+00 1.368E+06
1.26528073E-02   6795.0 1.230E+00 2.747E+11 1.523E-01 2.983E+00 2.000E+05 0.000E+00 0.000E+00 1.262E+06
1.65211467E-02   6833.6 1.605E+00 3.411E+11 1.543E-01 3.057E+00 2.000E+05 0.000E+00 0.000E+00 1.172E+06
2.16030625E-02   6871.3 2.097E+00 4.228E+11 1.569E-01 3.152E+00 2.000E+05 0.000E+00 0.000E+00 1.097E+06
2.82401686E-02   6910.4 2.740E+00 5.242E+11 1.610E-01 3.275E+00 2.000E+05 0.000E+00 0.000E+00 1.036E+06
3.68154826E-02   6952.2 3.568E+00 6.501E+11 1.672E-01 3.433E+00 2.000E+05 0.000E+00 0.000E+00 9.865E+05
4.77390298E-02   6998.2 4.622E+00 8.067E+11 1.763E-01 3.633E+00 2.000E+05 0.000E+00 0.000E+00 9.481E+05
6.14665592E-02   7046.7 5.943E+00 9.984E+11 1.882E-01 3.878E+00 2.000E+05 0.000E+00 0.000E+00 9.185E+05
7.84827983E-02   7099.3 7.576E+00 1.234E+12 2.040E-01 4.187E+00 2.000E+05 0.000E+00 0.000E+00 8.963E+05
9.92427636E-02   7157.0 9.561E+00 1.525E+12 2.248E-01 4.577E+00 2.000E+05 0.000E+00 0.000E+00 8.803E+05
1.24137776E-01   7221.2 1.193E+01 1.883E+12 2.522E-01 5.079E+00 2.000E+05 0.000E+00 0.000E+00 8.697E+05
1.53432828E-01   7293.2 1.470E+01 2.327E+12 2.886E-01 5.734E+00 2.000E+05 0.000E+00 0.000E+00 8.638E+05
1.87181384E-01   7375.6 1.787E+01 2.882E+12 3.379E-01 6.606E+00 2.000E+05 0.000E+00 0.000E+00 8.624E+05
2.25115066E-01   7471.6 2.139E+01 3.580E+12 4.062E-01 7.786E+00 2.000E+05 0.000E+00 0.000E+00 8.658E+05
2.66626777E-01   7583.7 2.519E+01 4.462E+12 5.017E-01 9.397E+00 2.000E+05 0.000E+00 0.000E+00 8.742E+05
3.10797192E-01   7717.0 2.914E+01 5.584E+12 6.373E-01 1.157E+01 2.000E+05 0.000E+00 0.000E+00 8.888E+05
3.56671688E-01   7870.6 3.313E+01 6.971E+12 8.260E-01 1.449E+01 2.000E+05 0.000E+00 0.000E+00 9.101E+05
4.03491388E-01   8048.0 3.705E+01 8.656E+12 1.086E+00 1.834E+01 2.000E+05 0.000E+00 0.000E+00 9.394E+05
4.50929386E-01   8252.6 4.082E+01 1.063E+13 1.426E+00 2.307E+01 2.000E+05 0.000E+00 0.000E+00 9.784E+05
4.99447100E-01   8485.6 4.442E+01 1.279E+13 1.834E+00 2.836E+01 2.000E+05 0.000E+00 0.000E+00 1.028E+06
5.50890410E-01   8751.8 4.797E+01 1.501E+13 2.266E+00 3.352E+01 2.000E+05 0.000E+00 0.000E+00 1.088E+06
6.08255452E-01   9053.1 5.167E+01 1.709E+13 2.612E+00 3.693E+01 2.000E+05 0.000E+00 0.000E+00 1.159E+06
6.77109711E-01   9392.8 5.596E+01 1.898E+13 2.803E+00 3.811E+01 2.000E+05 0.000E+00 0.000E+00 1.242E+06
7.65857411E-01   9775.8 6.150E+01 2.083E+13 2.812E+00 3.693E+01 2.000E+05 0.000E+00 0.000E+00 1.344E+06
8.86933121E-01  10211.1 6.929E+01 2.297E+13 2.695E+00 3.447E+01 2.000E+05 0.000E+00 0.000E+00 1.464E+06
1.05749822E+00  10698.8 8.071E+01 2.584E+13 2.520E+00 3.171E+01 2.000E+05 0.000E+00 0.000E+00 1.581E+06
1.30263636E+00  11259.6 9.779E+01 2.993E+13 2.329E+00 2.914E+01 2.000E+05 0.000E+00 0.000E+00 1.676E+06
1.65703867E+00  11888.7 1.233E+02 3.588E+13 2.146E+00 2.683E+01 2.000E+05 0.000E+00 0.000E+00 1.738E+06
2.17059966E+00  12608.0 1.615E+02 4.444E+13 1.975E+00 2.478E+01 2.000E+05 0.000E+00 0.000E+00 1.766E+06
2.90741554E+00  13404.8 2.175E+02 5.656E+13 1.854E+00 2.330E+01 2.000E+05 0.000E+00 0.000E+00 1.763E+06
3.94603804E+00  14295.9 2.978E+02 7.326E+13 1.768E+00 2.216E+01 2.000E+05 2.282E-19 3.282E+00 1.768E+06
5.37848744E+00  15257.3 4.098E+02 9.553E+13 1.725E+00 2.149E+01 2.000E+05 2.345E-19 3.060E+00 1.830E+06
7.34361839E+00  16312.0 5.649E+02 1.243E+14 1.670E+00 2.074E+01 2.000E+05 0.000E+00 0.000E+00 1.943E+06
1.00494327E+01  17450.0 7.803E+02 1.612E+14 1.621E+00 2.006E+01 2.000E+05 0.000E+00 0.000E+00 2.064E+06
1.37603792E+01  18692.6 1.078E+03 2.083E+14 1.581E+00 1.954E+01 2.000E+05 0.000E+00 0.000E+00 2.166E+06
1.87917883E+01  20029.2 1.483E+03 2.677E+14 1.565E+00 1.933E+01 2.000E+05 0.000E+00 0.000E+00 2.252E+06
2.55591934E+01  21486.0 2.030E+03 3.416E+14 1.554E+00 1.916E+01 2.000E+05 0.000E+00 0.000E+00 2.333E+06
3.45761486E+01  23050.1 2.758E+03 4.327E+14 1.567E+00 1.930E+01 2.000E+05 0.000E+00 0.000E+00 2.414E+06
4.64472002E+01  24745.0 3.715E+03 5.429E+14 1.595E+00 1.958E+01 2.000E+05 0.000E+00 0.000E+00 2.499E+06
6.18341360E+01  26565.0 4.954E+03 6.744E+14 1.656E+00 1.934E+01 2.000E+05 0.000E+00 0.000E+00 2.586E+06
PRADK 8.8016E+00
BEGIN                    ITERATION  15 COMPLETED
