TEFF   5000.  GRAVITY 4.00000 LTE
TITLE  [-1.5] N(He)/Ntot=0.0784 VTURB=2  L/H=1.25 NOVER
OPACITY IFOP 1 1 1 1 1 1 1 1 1 1 1 1 1 0 1 0 0 0 0 0
CONVECTION ON   1.25 TURBULENCE OFF  0.00  0.00  0.00  0.00
ABUNDANCE SCALE   0.03162 ABUNDANCE CHANGE 1 0.92150 2 0.07843
ABUNDANCE CHANGE  3 -10.94  4 -10.64  5  -9.49  6  -3.52  7  -4.12  8  -3.21
ABUNDANCE CHANGE  9  -7.48 10  -3.96 11  -5.71 12  -4.46 13  -5.57 14  -4.49
ABUNDANCE CHANGE 15  -6.59 16  -4.71 17  -6.54 18  -5.64 19  -6.92 20  -5.68
ABUNDANCE CHANGE 21  -8.87 22  -7.02 23  -8.04 24  -6.37 25  -6.65 26  -4.54
ABUNDANCE CHANGE 27  -7.12 28  -5.79 29  -7.83 30  -7.44 31  -9.16 32  -8.63
ABUNDANCE CHANGE 33  -9.67 34  -8.63 35  -9.41 36  -8.73 37  -9.44 38  -9.07
ABUNDANCE CHANGE 39  -9.80 40  -9.44 41 -10.62 42 -10.12 43 -20.00 44 -10.20
ABUNDANCE CHANGE 45 -10.92 46 -10.35 47 -11.10 48 -10.27 49 -10.38 50 -10.04
ABUNDANCE CHANGE 51 -11.04 52  -9.80 53 -10.53 54  -9.87 55 -10.91 56  -9.91
ABUNDANCE CHANGE 57 -10.87 58 -10.46 59 -11.33 60 -10.54 61 -20.00 62 -11.03
ABUNDANCE CHANGE 63 -11.53 64 -10.92 65 -11.69 66 -10.90 67 -11.78 68 -11.11
ABUNDANCE CHANGE 69 -12.04 70 -10.96 71 -11.98 72 -11.16 73 -12.17 74 -10.93
ABUNDANCE CHANGE 75 -11.76 76 -10.59 77 -10.69 78 -10.24 79 -11.03 80 -10.91
ABUNDANCE CHANGE 81 -11.14 82 -10.09 83 -11.33 84 -20.00 85 -20.00 86 -20.00
ABUNDANCE CHANGE 87 -20.00 88 -20.00 89 -20.00 90 -11.95 91 -20.00 92 -12.54
ABUNDANCE CHANGE 93 -20.00 94 -20.00 95 -20.00 96 -20.00 97 -20.00 98 -20.00
ABUNDANCE CHANGE 99 -20.00
READ DECK6 72 RHOX,T,P,XNE,ABROSS,ACCRAD,VTURB, FLXCNV,VCONV,VELSND
4.89322691E-03   3355.1 4.893E+01 2.786E+08 2.725E-05 2.221E-03 2.000E+05 0.000E+00 0.000E+00 6.152E+05
6.41104588E-03   3377.4 6.411E+01 3.590E+08 3.135E-05 2.294E-03 2.000E+05 0.000E+00 0.000E+00 6.147E+05
8.17608546E-03   3395.2 8.176E+01 4.501E+08 3.585E-05 2.381E-03 2.000E+05 0.000E+00 0.000E+00 6.143E+05
1.02331378E-02   3415.6 1.023E+02 5.565E+08 4.104E-05 2.435E-03 2.000E+05 0.000E+00 0.000E+00 6.146E+05
1.26300740E-02   3437.4 1.263E+02 6.806E+08 4.694E-05 2.440E-03 2.000E+05 0.000E+00 0.000E+00 6.152E+05
1.54248193E-02   3459.4 1.542E+02 8.247E+08 5.367E-05 2.448E-03 2.000E+05 0.000E+00 0.000E+00 6.161E+05
1.87069931E-02   3481.1 1.871E+02 9.929E+08 6.050E-05 2.325E-03 2.000E+05 0.000E+00 0.000E+00 6.170E+05
2.26009147E-02   3502.4 2.260E+02 1.191E+09 6.794E-05 2.153E-03 2.000E+05 0.000E+00 0.000E+00 6.179E+05
2.72126111E-02   3523.5 2.721E+02 1.423E+09 7.669E-05 2.014E-03 2.000E+05 0.000E+00 0.000E+00 6.189E+05
3.26500636E-02   3544.6 3.265E+02 1.696E+09 8.688E-05 1.895E-03 2.000E+05 0.000E+00 0.000E+00 6.198E+05
3.90417264E-02   3566.1 3.904E+02 2.015E+09 9.868E-05 1.778E-03 2.000E+05 0.000E+00 0.000E+00 6.208E+05
4.65362402E-02   3587.4 4.654E+02 2.387E+09 1.124E-04 1.686E-03 2.000E+05 0.000E+00 0.000E+00 6.218E+05
5.53029208E-02   3608.8 5.530E+02 2.819E+09 1.282E-04 1.613E-03 2.000E+05 0.000E+00 0.000E+00 6.228E+05
6.55383736E-02   3630.4 6.554E+02 3.322E+09 1.466E-04 1.552E-03 2.000E+05 0.000E+00 0.000E+00 6.239E+05
7.74070942E-02   3651.1 7.741E+02 3.901E+09 1.695E-04 1.628E-03 2.000E+05 0.000E+00 0.000E+00 6.248E+05
9.10942748E-02   3672.5 9.110E+02 4.567E+09 1.960E-04 1.718E-03 2.000E+05 0.000E+00 0.000E+00 6.258E+05
1.06883130E-01   3694.1 1.069E+03 5.334E+09 2.265E-04 1.818E-03 2.000E+05 0.000E+00 0.000E+00 6.268E+05
1.25106867E-01   3715.7 1.251E+03 6.216E+09 2.616E-04 1.930E-03 2.000E+05 0.000E+00 0.000E+00 6.278E+05
1.46157118E-01   3736.6 1.462E+03 7.228E+09 3.019E-04 2.065E-03 2.000E+05 0.000E+00 0.000E+00 6.287E+05
1.70491128E-01   3757.1 1.705E+03 8.388E+09 3.481E-04 2.231E-03 2.000E+05 0.000E+00 0.000E+00 6.295E+05
1.98633987E-01   3777.2 1.986E+03 9.719E+09 4.014E-04 2.434E-03 2.000E+05 0.000E+00 0.000E+00 6.302E+05
2.31184721E-01   3797.1 2.312E+03 1.125E+10 4.627E-04 2.702E-03 2.000E+05 0.000E+00 0.000E+00 6.309E+05
2.68947520E-01   3820.5 2.690E+03 1.306E+10 5.302E-04 2.840E-03 2.000E+05 0.000E+00 0.000E+00 6.320E+05
3.12945112E-01   3844.4 3.129E+03 1.516E+10 6.065E-04 2.933E-03 2.000E+05 0.000E+00 0.000E+00 6.331E+05
3.64232942E-01   3868.1 3.642E+03 1.760E+10 6.939E-04 3.028E-03 2.000E+05 0.000E+00 0.000E+00 6.342E+05
4.24008052E-01   3890.9 4.240E+03 2.043E+10 7.939E-04 3.148E-03 2.000E+05 0.000E+00 0.000E+00 6.350E+05
4.93672224E-01   3912.8 4.937E+03 2.368E+10 9.085E-04 3.298E-03 2.000E+05 0.000E+00 0.000E+00 6.357E+05
5.74854713E-01   3934.0 5.749E+03 2.744E+10 1.040E-03 3.478E-03 2.000E+05 0.000E+00 0.000E+00 6.361E+05
6.69463233E-01   3954.4 6.695E+03 3.176E+10 1.189E-03 3.690E-03 2.000E+05 0.000E+00 0.000E+00 6.364E+05
7.79730424E-01   3974.0 7.797E+03 3.674E+10 1.361E-03 3.940E-03 2.000E+05 0.000E+00 0.000E+00 6.364E+05
9.08281927E-01   3993.4 9.083E+03 4.249E+10 1.556E-03 4.219E-03 2.000E+05 0.000E+00 0.000E+00 6.363E+05
1.05821611E+00   4012.3 1.058E+04 4.911E+10 1.779E-03 4.533E-03 2.000E+05 0.000E+00 0.000E+00 6.361E+05
1.23314211E+00   4030.7 1.233E+04 5.674E+10 2.033E-03 4.890E-03 2.000E+05 0.000E+00 0.000E+00 6.356E+05
1.43731971E+00   4047.9 1.437E+04 6.548E+10 2.322E-03 5.306E-03 2.000E+05 0.000E+00 0.000E+00 6.349E+05
1.67570246E+00   4064.9 1.676E+04 7.553E+10 2.652E-03 5.786E-03 2.000E+05 0.000E+00 0.000E+00 6.340E+05
1.95409499E+00   4080.9 1.954E+04 8.704E+10 3.028E-03 6.342E-03 2.000E+05 0.000E+00 0.000E+00 6.329E+05
2.27922375E+00   4097.3 2.279E+04 1.003E+11 3.458E-03 6.979E-03 2.000E+05 0.000E+00 0.000E+00 6.317E+05
2.65889536E+00   4113.5 2.659E+04 1.156E+11 3.949E-03 7.711E-03 2.000E+05 0.000E+00 0.000E+00 6.304E+05
3.10212732E+00   4130.5 3.102E+04 1.333E+11 4.513E-03 8.552E-03 2.000E+05 0.000E+00 0.000E+00 6.292E+05
3.61912698E+00   4149.0 3.619E+04 1.540E+11 5.162E-03 9.513E-03 2.000E+05 0.000E+00 0.000E+00 6.281E+05
4.22153510E+00   4169.3 4.222E+04 1.781E+11 5.911E-03 1.061E-02 2.000E+05 0.000E+00 0.000E+00 6.274E+05
4.92251509E+00   4192.1 4.923E+04 2.065E+11 6.779E-03 1.186E-02 2.000E+05 0.000E+00 0.000E+00 6.271E+05
5.73671107E+00   4217.8 5.737E+04 2.401E+11 7.791E-03 1.329E-02 2.000E+05 0.000E+00 0.000E+00 6.273E+05
6.67996364E+00   4247.7 6.680E+04 2.803E+11 8.983E-03 1.494E-02 2.000E+05 0.000E+00 0.000E+00 6.282E+05
7.76894916E+00   4282.5 7.769E+04 3.289E+11 1.040E-02 1.685E-02 2.000E+05 0.000E+00 0.000E+00 6.300E+05
9.02067389E+00   4323.6 9.021E+04 3.886E+11 1.209E-02 1.909E-02 2.000E+05 0.000E+00 0.000E+00 6.330E+05
1.04512116E+01   4372.0 1.045E+05 4.630E+11 1.416E-02 2.175E-02 2.000E+05 0.000E+00 0.000E+00 6.372E+05
1.20710330E+01   4430.3 1.207E+05 5.590E+11 1.678E-02 2.510E-02 2.000E+05 0.000E+00 0.000E+00 6.431E+05
1.38821771E+01   4499.2 1.388E+05 6.863E+11 2.015E-02 2.933E-02 2.000E+05 0.000E+00 0.000E+00 6.509E+05
1.58745280E+01   4580.6 1.587E+05 8.639E+11 2.466E-02 3.487E-02 2.000E+05 0.000E+00 0.000E+00 6.606E+05
1.80262824E+01   4673.8 1.803E+05 1.122E+12 3.075E-02 4.195E-02 2.000E+05 0.000E+00 0.000E+00 6.722E+05
2.02874748E+01   4784.0 2.029E+05 1.531E+12 3.987E-02 5.251E-02 2.000E+05 0.000E+00 0.000E+00 6.862E+05
2.25377390E+01   4921.8 2.254E+05 2.263E+12 5.538E-02 7.065E-02 2.000E+05 1.208E-07 8.547E+02 7.038E+05
2.46199448E+01   5090.7 2.462E+05 3.660E+12 8.250E-02 1.012E-01 2.000E+05 3.872E-03 2.712E+04 7.244E+05
2.64423777E+01   5280.5 2.644E+05 6.253E+12 1.277E-01 1.487E-01 2.000E+05 3.351E-02 5.594E+04 7.456E+05
2.80089434E+01   5479.9 2.801E+05 1.077E+13 1.979E-01 2.143E-01 2.000E+05 9.195E-02 7.878E+04 7.655E+05
2.93630315E+01   5686.9 2.936E+05 1.839E+13 3.033E-01 2.955E-01 2.000E+05 1.625E-01 9.508E+04 7.838E+05
3.05550753E+01   5892.5 3.055E+05 3.036E+13 4.517E-01 3.752E-01 2.000E+05 2.968E-01 1.174E+05 8.001E+05
3.16541056E+01   6079.8 3.165E+05 4.675E+13 6.362E-01 4.258E-01 2.000E+05 4.289E-01 1.325E+05 8.135E+05
3.27122306E+01   6258.1 3.271E+05 6.903E+13 8.679E-01 4.521E-01 2.000E+05 5.592E-01 1.451E+05 8.250E+05
3.37601773E+01   6429.3 3.376E+05 9.858E+13 1.155E+00 4.603E-01 2.000E+05 6.626E-01 1.530E+05 8.352E+05
3.48219468E+01   6595.3 3.482E+05 1.370E+14 1.505E+00 4.615E-01 2.000E+05 7.410E-01 1.581E+05 8.442E+05
3.59146898E+01   6759.0 3.591E+05 1.869E+14 1.940E+00 4.637E-01 2.000E+05 7.981E-01 1.611E+05 8.522E+05
3.70526048E+01   6920.4 3.705E+05 2.506E+14 2.471E+00 4.690E-01 2.000E+05 8.400E-01 1.628E+05 8.594E+05
3.82474292E+01   7083.0 3.825E+05 3.326E+14 3.129E+00 4.742E-01 2.000E+05 8.713E-01 1.630E+05 8.658E+05
3.95105696E+01   7244.2 3.951E+05 4.356E+14 3.934E+00 4.840E-01 2.000E+05 8.970E-01 1.638E+05 8.715E+05
4.08496643E+01   7409.9 4.085E+05 5.682E+14 4.947E+00 4.880E-01 2.000E+05 9.155E-01 1.618E+05 8.766E+05
4.22784187E+01   7571.0 4.228E+05 7.289E+14 6.153E+00 4.918E-01 2.000E+05 9.333E-01 1.622E+05 8.809E+05
4.38026217E+01   7742.1 4.380E+05 9.393E+14 7.713E+00 4.960E-01 2.000E+05 9.453E-01 1.596E+05 8.849E+05
4.54388499E+01   7903.2 4.544E+05 1.184E+15 9.510E+00 4.907E-01 2.000E+05 9.563E-01 1.579E+05 8.883E+05
4.71957001E+01   8077.9 4.719E+05 1.505E+15 1.187E+01 4.955E-01 2.000E+05 9.650E-01 1.561E+05 8.916E+05
4.90887415E+01   8240.5 4.909E+05 1.870E+15 1.455E+01 5.202E-01 2.000E+05 9.698E-01 1.530E+05 8.945E+05
PRADK 8.3058E-01
BEGIN                    ITERATION  15 COMPLETED
